#Time               nTime               force-x             force-y             force-z             moment-x            moment-y            moment-z            
0                   0                   3.62154e-05         -1.55445e-05        -5.4075e-05         1.72286e-05         0.000127204         -2.36687e-05        
0.00347769          256                 3.60217             -0.307744           -5.28304            0.091781            8.02653             -0.543054           
0.00695537          512                 101.447             3.1872              84.7533             -5.43574            -192.271            8.75636             
0.0104331           768                 -67.3186            -3.06263            184.91              3.25807             -281.556            -5.20468            
0.0139107           1024                76.8364             7.15746             173.181             -7.42732            -387.94             16.4328             
0.0173884           1280                66.5048             7.58756             253.432             -10.122             -566.83             17.0247             
0.0208661           1536                -24.7271            3.61924             17.5138             -2.44488            -41.654             7.21489             
0.0243438           1792                6.26816             0.427452            -21.2253            -1.35329            43.7979             -0.524792           
0.0278215           2048                -21.1078            1.39902             -23.8767            -0.910191           75.2979             1.98886             
0.0312992           2304                14.1191             -1.63213            -16.9507            1.17769             27.1425             -3.78337            
0.0347769           2560                -13.6745            -2.28053            -4.2486             1.621               11.6164             -5.02854            
0.0382545           2816                -15.0874            1.01187             -22.1119            -0.351634           54.432              1.77531             
0.0417322           3072                2.00589             -0.741226           -4.59911            0.302596            9.76888             -1.6055             
0.0452099           3328                -3.17644            0.285723            16.4336             -0.133378           -29.0751            0.390518            
0.0486876           3584                0.520337            -0.877672           11.0279             0.559787            -21.7883            -2.12599            
0.0521653           3840                -2.31936            0.736586            9.52427             -0.50736            -17.1198            1.4863              
0.055643            4096                0.188148            1.04156             15.6833             -0.565311           -29.4962            2.11156             
0.0591207           4352                3.30306             -0.165997           23.7331             0.115057            -46.9812            -0.533629           
0.0625984           4608                6.59025             0.174566            35.8113             -0.501017           -71.7664            0.327644            
0.066076            4864                6.43999             0.857279            32.7405             -0.93719            -66.3728            1.88663             
0.0695537           5120                2.6661              0.672171            21.5803             -0.409836           -42.5725            1.37435             
0.0730314           5376                -1.23874            0.24222             8.79983             -0.146266           -15.3222            0.387712            
0.0765091           5632                -2.24467            0.0489932           1.8278              0.0222823           -0.534267           -0.0468581          
0.0799868           5888                -0.580089           -0.433819           6.03237             0.219388            -9.0147             -1.06861            
0.0834645           6144                -1.04717            -0.214233           4.19557             0.121378            -5.3771             -0.584388           
0.0869422           6400                -2.47256            0.0537504           -0.419686           0.132415            4.93218             -0.0602882          
0.0904198           6656                -3.5311             0.126548            -2.71644            -0.124636           9.87514             0.12506             
0.0938975           6912                -3.80144            0.205025            -3.97013            0.0970547           12.6509             0.262824            
0.0973752           7168                -4.55654            0.188205            -5.27527            0.215863            16.0882             0.148267            
0.100853            7424                -4.19327            0.118002            -3.22597            0.185293            12.7461             0.00716486          
0.104331            7680                -3.25643            0.175358            -0.12603            0.0159876           6.93954             0.168929            
0.107808            7936                -3.82395            -0.170157           -0.108744           0.287931            6.86081             -0.656719           
0.111286            8192                -3.67197            0.0222616           0.590062            0.181202            5.55539             -0.245031           
0.114764            8448                -3.52249            0.519197            1.1112              -0.106105           5.015               0.821676            
0.118241            8704                -3.58868            0.162414            1.62913             0.037373            3.94039             0.00317931          
0.121719            8960                -3.22383            -0.162709           2.42659             0.16231             2.47952             -0.536324           
0.125197            9216                -2.67714            0.571466            2.49999             -0.42136            2.23366             1.06855             
0.128674            9472                -2.62883            0.602743            2.48811             -0.405193           2.34382             1.12503             
0.132152            9728                -1.98002            0.812551            4.02222             -0.453986           -0.814823           1.57574             
0.13563             9984                -0.832056           0.841904            7.18917             -0.532243           -7.74379            1.64462             
0.139107            10240               -0.411627           0.217347            7.16223             -0.0566885          -7.70079            0.198336            
0.142585            10496               -0.211765           -0.0544425          7.27449             -0.174931           -7.95557            -0.263913           
0.146063            10752               -0.606287           -0.138906           5.61331             0.146539            -4.50946            -0.510277           
0.149541            11008               0.97244             0.0524665           10.2064             0.0172116           -14.2498            -0.0403742          
0.153018            11264               1.15229             -0.454737           11.6913             0.470347            -17.3557            -1.19766            
0.156496            11520               0.0235456           0.739703            6.69531             -0.667824           -7.28061            1.46043             
0.159974            11776               -2.0113             -0.0988036          0.750348            0.162649            5.52856             -0.396245           
0.163451            12032               -2.40295            -0.322869           -1.67067            0.361672            10.8226             -0.898989           
0.166929            12288               -0.799211           0.1172              3.67904             -0.0878874          -0.474304           0.142927            
0.170407            12544               -0.103921           -0.0603709          4.39551             0.0983093           -2.21215            -0.305463           
0.173884            12800               -0.495714           -0.412574           1.2591              0.394945            4.11936             -1.00275            
0.177362            13056               -1.98217            0.622566            -1.15921            -0.282363           9.21205             1.16444             
0.18084             13312               -1.52872            0.162446            -1.65483            -0.0116192          10.5915             0.236336            
0.184317            13568               -0.263403           -0.242229           2.02464             0.277213            2.39455             -0.792122           
0.187795            13824               -0.325223           -0.115073           1.92761             -0.00627977         2.95891             -0.37298            
0.191273            14080               0.417242            -0.156526           2.37631             0.0715298           1.62771             -0.500402           
0.19475             14336               0.79358             0.502389            3.85249             -0.287537           -1.54311            0.959925            
0.198228            14592               0.916479            0.0834757           5.10538             -0.159235           -4.07607            0.0221581           
0.201706            14848               0.905199            0.428166            3.37455             -0.369704           -0.70196            0.780251            
0.205183            15104               1.11606             0.190865            4.3189              -0.227582           -2.93201            0.291848            
0.208661            15360               1.54281             0.198762            3.76656             0.156919            -1.81379            0.275638            
0.212139            15616               -0.0768779          0.326957            2.73178             -0.165841           0.870187            0.514509            
0.215617            15872               -0.280255           0.191186            -1.10097            0.078514            8.49012             0.299937            
0.219094            16128               -0.168124           0.386486            -2.18652            -0.123598           10.483              0.770825            
0.222572            16384               -1.03983            0.594086            -2.02853            -0.31062            10.6144             1.22718             
0.22605             16640               -0.592618           0.549745            -2.56148            -0.21651            11.4607             0.999282            
0.229527            16896               -0.896247           -0.0600084          -4.85528            0.213674            15.9517             -0.22214            
0.233005            17152               -1.40518            0.0108995           -6.92276            0.21745             20.3061             -0.157593           
0.236483            17408               -1.28481            0.227072            -6.0706             0.0595049           18.5898             0.326619            
0.23996             17664               -1.04163            0.186824            -6.6073             -0.0151821          19.7391             0.204302            
0.243438            17920               -0.77083            0.714537            -5.34168            -0.389238           16.8522             1.39727             
0.246916            18176               -1.20621            -0.117054           -6.94544            0.192313            20.3223             -0.44711            
0.250393            18432               -1.14124            0.284386            -8.00111            -0.0217618          22.2221             0.417379            
0.253871            18688               -1.17845            -0.0281496          -7.8302             0.175943            21.8969             -0.28271            
0.257349            18944               -1.06156            0.281916            -8.23169            -0.19449            22.5708             0.414849            
0.260826            19200               -0.50359            0.210809            -6.00403            0.0826634           18.0095             0.228522            
0.264304            19456               0.200055            0.161272            -4.20336            0.039931            13.9837             0.234869            
0.267782            19712               0.0952915           0.217766            -6.81409            0.0715393           19.0841             0.297415            
0.27126             19968               -0.479327           -0.0304968          -6.05367            0.194052            17.7168             -0.191358           
0.274737            20224               -0.353197           0.186879            -5.51673            -0.027072           16.7383             0.224733            
0.278215            20480               0.381953            0.455207            -5.94954            -0.190212           17.092              0.833137            
0.281693            20736               -0.0108835          0.219553            -5.17712            -0.0159578          15.6137             0.3396              
0.28517             20992               -0.033929           0.462857            -4.16671            -0.174012           13.5109             0.916246            
0.288648            21248               0.115089            0.258207            -4.84177            -0.192855           15.0984             0.313951            
0.292126            21504               0.407587            0.388092            -5.09974            -0.082543           15.4609             0.685269            
0.295603            21760               0.231567            -0.0424053          -4.96943            0.237044            15.2354             -0.223383           
0.299081            22016               0.66714             0.371736            -3.57716            -0.371327           12.1732             0.626338            
0.302559            22272               0.882727            0.593434            -3.15767            -0.26569            11.1503             1.09044             
0.306036            22528               1.01713             -0.0196879          -3.33217            0.132232            11.4537             -0.187878           
0.309514            22784               0.91282             0.0998958           -2.65611            0.08821             10.1728             0.0978936           
0.312992            23040               1.44455             0.326825            -1.5307             -0.208526           7.49025             0.548812            
0.316469            23296               1.6382              0.54811             0.515341            -0.325141           3.57607             1.08613             
0.319947            23552               0.994159            0.355539            -2.19381            -0.274157           8.84634             0.58359             
0.323425            23808               1.04583             0.888886            -2.52584            -0.706484           9.33741             1.73377             
0.326903            24064               1.81298             0.23274             -0.281906           -0.128116           4.90674             0.354136            
0.33038             24320               1.51902             0.228471            1.34072             -0.00726568         1.72362             0.316175            
0.333858            24576               1.74983             0.89531             1.2116              -0.775668           1.98471             1.66608             
0.337336            24832               1.56368             0.533167            1.24585             -0.315744           2.18382             0.918535            
0.340813            25088               1.63064             0.216702            -0.0549732          -0.117778           4.51251             0.31842             
0.344291            25344               1.55056             0.229103            0.577361            -0.152676           3.23324             0.249059            
0.347769            25600               1.03298             0.767048            -0.257912           -0.348249           5.30923             1.48288             
0.351246            25856               1.20211             0.200342            0.318149            0.0137925           4.12805             0.280002            
0.354724            26112               0.771224            0.220826            -0.221515           -0.235124           5.49897             0.210748            
0.358202            26368               0.98945             0.12744             0.468154            0.130658            3.80304             0.137362            
0.361679            26624               1.07604             0.366654            0.992729            -0.30625            2.92617             0.58153             
0.365157            26880               1.0047              0.655785            1.46053             -0.456716           1.88775             1.25968             
0.368635            27136               1.15276             -0.0699467          0.203368            0.0931584           4.43914             -0.346008           
0.372112            27392               0.3871              0.166095            -1.13248            -0.0773682          7.41877             0.216728            
0.37559             27648               -0.0781284          0.0761096           -3.76235            -0.0662667          13.2767             -0.0224871          
0.379068            27904               0.180395            0.506239            -2.36825            -0.208434           10.1868             0.894883            
0.382546            28160               0.363959            -0.0718227          -2.66626            0.136427            10.673              -0.25094            
0.386023            28416               0.519611            -0.0499018          -2.26166            0.0253001           9.64584             -0.212482           
0.389501            28672               0.707138            0.0679317           -1.58442            -0.0269027          8.10111             0.0602376           
0.392979            28928               1.06043             0.372172            -0.985282           -0.193539           6.82485             0.695988            
0.396456            29184               1.4212              0.246867            -0.833311           -0.21784            6.2084              0.310901            
0.399934            29440               1.09351             0.284437            -0.265538           -0.0671502          5.10152             0.557915            
0.403412            29696               1.16731             0.497412            -1.44346            -0.423526           7.32047             0.886729            
0.406889            29952               1.21352             0.530919            -1.29272            -0.360666           7.07561             1.06092             
0.410367            30208               1.16722             -0.0237161          -1.07993            0.188098            6.94683             -0.25337            
0.413845            30464               1.58759             0.0837532           -1.32964            -0.00502364         7.10337             0.0475497           
0.417322            30720               1.17378             0.311445            -0.34128            -0.295467           5.17524             0.525323            
0.4208              30976               1.33296             0.732872            0.35269             -0.546622           3.70692             1.38188             
0.424278            31232               1.30267             0.236871            0.417525            -0.0383423          3.57671             0.366838            
0.427755            31488               1.0502              0.540888            -0.322416           -0.314893           5.39766             1.01357             
0.431233            31744               0.872653            0.397913            -0.706919           -0.112434           6.20803             0.676375            
0.434711            32000               1.40342             0.209029            0.378562            -0.0956351          3.71433             0.234036            
0.438188            32256               0.664985            0.299742            -0.853861           -0.161483           6.53596             0.575391            
0.441666            32512               0.734205            0.1723              -2.11398            -0.224363           9.26046             0.125958            
0.445144            32768               1.25883             -0.0206195          -0.367979           0.165079            5.44851             -0.144542           
0.448622            33024               1.34512             0.459473            1.35453             -0.342626           1.80883             0.845398            
0.452099            33280               1.1024              0.489543            -0.101206           -0.310789           4.91868             0.958439            
0.455577            33536               1.25191             0.251679            0.541193            -0.292688           3.39205             0.32787             
0.459055            33792               1.06446             0.466518            -0.135682           -0.317167           5.03693             0.832307            
0.462532            34048               1.57673             0.531251            0.226696            -0.355996           3.93399             0.941467            
0.46601             34304               1.25201             0.632362            0.893477            -0.538961           2.91204             1.19873             
0.469488            34560               1.10588             -0.0174755          1.34129             0.168619            2.20396             -0.184165           
0.472965            34816               1.49829             0.049885            1.2915              0.00388712          1.9625              0.00270648          
0.476443            35072               1.94459             0.929131            2.50298             -0.789009           -0.657356           1.77815             
0.479921            35328               2.12365             0.442733            2.79947             -0.242136           -1.37513            0.790327            
0.483398            35584               2.18398             0.348469            3.49882             -0.152825           -2.76747            0.606002            
0.486876            35840               1.49695             0.476116            2.80166             -0.262603           -0.836618           0.866623            
0.490354            36096               1.4761              0.25036             1.63641             -0.0766406          1.43542             0.345715            
0.493831            36352               1.60805             0.17527             1.33753             -0.169786           2.03537             0.0964728           
0.497309            36608               1.30418             0.666649            1.62349             -0.375758           1.32007             1.22831             
0.500787            36864               1.83022             0.223438            2.54508             -0.0622787          -0.765414           0.311386            
0.504265            37120               1.07658             0.271195            1.08022             -0.189414           2.44724             0.424354            
0.507742            37376               1.19482             0.0593212           1.97577             -0.083684           0.810904            -0.0195367          
0.51122             37632               1.76413             0.505225            0.311236            -0.232376           3.91354             0.985205            
0.514698            37888               0.924123            0.137865            1.38071             -0.18243            2.03363             0.0981043           
0.518175            38144               1.07519             0.711013            0.392548            -0.397575           3.90929             1.41049             
0.521653            38400               1.05419             -0.0757831          0.278511            0.0659659           4.07268             -0.189826           
0.525131            38656               0.673218            0.622607            -0.333817           -0.391399           5.73889             1.16676             
0.528608            38912               1.03073             0.0927425           -0.821103           -0.0805779          6.45472             0.0657529           
0.532086            39168               1.19245             0.634594            0.7013              -0.511632           3.44835             1.19411             
0.535564            39424               0.90813             0.0418668           -0.16755            -0.0347305          5.29314             -0.0935651          
0.539041            39680               0.842089            0.413576            -1.276              -0.104293           7.42847             0.711126            
0.542519            39936               0.563439            0.407484            -1.74663            -0.201414           8.50011             0.729389            
0.545997            40192               1.14617             -0.126891           -0.45179            0.285873            5.78414             -0.389875           
0.549474            40448               1.01245             0.0590715           -1.423              -0.0605764          7.68598             -0.0409493          
0.552952            40704               1.17469             -0.242985           -0.0662747          0.357028            5.00429             -0.670263           
0.55643             40960               1.46557             0.311976            -1.05485            -0.190814           6.74119             0.533439            
0.559907            41216               1.39362             0.113918            -1.45351            -0.0702671          7.42908             0.0896915           
0.563385            41472               0.994042            0.21687             0.597813            -0.0150135          3.56824             0.354281            
0.566863            41728               1.36583             0.399757            0.748629            -0.221047           3.19274             0.813803            
0.570341            41984               1.65708             -0.0768889          1.67625             0.165183            1.29745             -0.288955           
0.573818            42240               1.44313             0.279879            1.12502             -0.293128           2.37636             0.493153            
0.577296            42496               1.60558             -0.0869137          1.31269             0.0399658           1.91411             -0.345208           
0.580774            42752               2.28935             0.452758            1.88722             -0.195938           0.0681715           0.823629            
0.584251            43008               1.2474              0.0183108           1.6577              0.151505            1.17376             -0.0365441          
0.587729            43264               1.17266             0.45547             -0.398099           -0.359151           5.64489             0.807819            
0.591207            43520               2.10774             0.302141            1.27426             -0.175916           1.80244             0.54699             
0.594684            43776               2.27319             0.349026            4.52666             -0.18925            -4.88499            0.644883            
0.598162            44032               2.13111             0.466097            4.15185             -0.197795           -4.2683             0.927789            
0.60164             44288               1.9256              0.000215308         3.55304             0.109545            -2.82946            -0.0779666          
0.605117            44544               2.06745             0.615031            3.74505             -0.671586           -3.11444            1.15846             
0.608595            44800               2.19381             0.698244            3.72059             -0.536284           -3.20688            1.36256             
0.612073            45056               1.28516             0.334995            1.97414             -0.204249           0.683463            0.519469            
0.61555             45312               0.596781            0.213151            -0.135463           -0.0304518          5.26995             0.284252            
0.619028            45568               0.424098            -0.246391           -2.5419             0.271459            10.3025             -0.513699           
0.622506            45824               0.517936            0.119073            -0.349388           -0.00236874         6.02345             0.212514            
0.625984            46080               0.434319            0.457112            -0.861854           -0.127408           7.03312             0.913529            
0.629461            46336               0.687741            -0.386424           -0.544697           0.321704            6.39347             -0.906061           
0.632939            46592               0.911887            0.387092            -1.01538            -0.0569005          6.86836             0.755607            
0.636417            46848               0.444426            -0.0595317          -2.37787            0.296311            9.86797             -0.249012           
0.639894            47104               0.408071            0.0170824           -2.68183            0.059361            10.5106             -0.0749606          
0.643372            47360               0.521565            -0.340111           -1.93305            0.412472            9.04742             -0.932147           
0.64685             47616               1.25838             0.325705            -0.662466           -0.264798           5.94976             0.580691            
0.650327            47872               1.48589             0.750806            0.813888            -0.541618           3.03709             1.46362             
0.653805            48128               1.80756             0.100009            -0.0384245          0.0159025           4.3864              0.0730919           
0.657283            48384               1.21204             0.0357294           -0.902199           0.0359625           6.28249             -0.0349759          
0.66076             48640               1.38525             0.86561             1.9976              -0.644178           0.654498            1.66276             
0.664238            48896               1.53774             -0.0266549          0.713171            0.183916            2.56203             -0.225415           
0.667716            49152               0.95826             0.571348            0.388982            -0.401266           4.30498             1.02399             
0.671193            49408               2.07104             0.0770302           0.0511853           0.212056            4.0568              0.0249727           
0.674671            49664               1.80531             -0.292982           2.51411             0.189136            -0.671825           -0.678848           
0.678149            49920               1.66739             0.367299            2.20584             -0.214567           0.228777            0.639443            
0.681626            50176               1.7043              0.310736            2.19433             -0.132383           0.259785            0.636481            
0.685104            50432               1.6865              0.357612            2.74108             -0.108971           -0.845329           0.641112            
0.688582            50688               1.72602             0.539902            2.10111             -0.357699           0.287757            1.06265             
0.69206             50944               1.07134             0.196936            0.897255            -0.0363896          3.15428             0.263524            
0.695537            51200               0.194179            0.187231            -1.57342            0.107708            8.63601             0.192382            
0.699015            51456               0.38313             0.0322329           -2.55761            0.182295            10.3248             -0.0360549          
0.702493            51712               0.539022            0.173139            -0.912564           0.070424            7.1851              0.211879            
0.70597             51968               1.16224             -0.0178759          0.92622             0.218825            3.19689             -0.121768           
0.709448            52224               1.99099             0.539603            1.82417             -0.289667           0.922935            0.963279            
0.712926            52480               1.78208             -0.142563           2.70359             0.24916             -0.748087           -0.357776           
0.716403            52736               1.30276             0.263913            1.5995              -0.0746015          1.84014             0.48977             
0.719881            52992               2.01725             0.328872            3.09624             -0.422148           -1.70767            0.628121            
0.723359            53248               1.62202             0.299152            3.02988             -0.0045768          -1.39101            0.542032            
0.726836            53504               1.55151             0.0427681           2.45155             0.147331            -0.191681           -0.0161736          
0.730314            53760               2.07662             0.134084            3.13882             -0.0227156          -1.75215            0.114625            
0.733792            54016               1.76102             0.355355            4.07346             -0.267458           -4.04582            0.616532            
0.73727             54272               1.85773             -0.350783           2.24299             0.345719            0.238467            -0.767121           
0.740747            54528               1.55357             0.391945            1.78969             0.0178406           1.19814             0.700171            
0.744225            54784               1.88088             0.536048            3.04654             -0.229838           -1.59622            1.06293             
0.747703            55040               1.82102             0.0928455           2.86069             0.217341            -1.21708            0.151178            
0.75118             55296               1.63583             -0.0778803          2.016               0.213121            0.555208            -0.335902           
0.754658            55552               1.72835             0.138163            2.76395             -0.0479907          -0.933324           0.158994            
0.758136            55808               1.7343              0.401029            3.51947             -0.187749           -2.3467             0.706834            
0.761613            56064               2.05818             0.425808            3.09562             -0.0441498          -1.72762            0.905266            
0.765091            56320               1.5151              0.0340593           2.66373             0.188638            -1.03463            0.0221402           
0.768569            56576               0.904044            -0.193717           0.384752            0.361669            4.00544             -0.466433           
0.772046            56832               1.51929             0.334258            1.39359             -0.0334975          1.68457             0.499707            
0.775524            57088               1.5182              0.0530281           3.44475             0.0733782           -1.94503            -0.00223853         
0.779002            57344               1.46084             -0.240026           0.746053            0.50243             3.24515             -0.621464           
0.782479            57600               1.56353             -0.186747           1.12059             0.350965            2.35343             -0.473314           
0.785957            57856               1.28017             0.280615            3.51253             -0.188095           -2.28345            0.489668            
0.789435            58112               1.28144             0.548949            1.715               -0.148448           1.3916              0.995167            
0.792912            58368               1.25722             0.190092            1.8592              0.0564827           1.23785             0.324357            
0.79639             58624               1.32541             0.282197            1.91411             -0.0481573          0.997118            0.457395            
0.799868            58880               1.30415             -0.265839           0.867548            0.331749            3.07298             -0.607644           
0.803346            59136               1.24765             -0.156031           0.0735305           0.294205            4.55529             -0.408998           
0.806823            59392               0.752924            0.87315             0.176583            -0.449703           4.3919              1.79334             
0.810301            59648               1.10775             0.122364            0.609352            0.0613585           4.00123             0.0764971           
0.813779            59904               1.6069              0.0473439           1.15474             0.0442048           2.36372             -0.0547314          
0.817256            60160               1.43919             0.44692             1.37127             -0.231098           1.90399             0.769126            
0.820734            60416               1.16643             -0.0669623          1.30595             0.210854            2.24814             -0.19938            
0.824212            60672               1.58236             -0.0147663          2.15399             0.142156            0.359362            -0.0704445          
0.827689            60928               1.21817             0.591395            1.37577             -0.423425           2.171               1.17932             
0.831167            61184               1.30911             -0.201742           0.453963            0.166559            4.05133             -0.528476           
0.834645            61440               1.39147             0.243908            2.17382             -0.0229762          0.45514             0.383106            
0.838122            61696               1.03986             -0.00495986         1.24127             0.153464            2.71458             -0.0444052          
0.8416              61952               1.95564             -0.320776           2.77171             0.460878            -1.09408            -0.75286            
0.845078            62208               1.57297             0.388899            2.78618             -0.265049           -1.09736            0.810074            
0.848555            62464               1.99289             0.473153            3.45518             -0.127231           -2.45489            0.896759            
0.852033            62720               2.02968             0.237679            3.96768             -0.166643           -3.30712            0.419697            
0.855511            62976               1.91439             0.190593            1.72176             0.0890536           1.25577             0.287835            
0.858989            63232               2.06522             0.167772            1.86926             0.00723886          0.65027             0.295644            
0.862466            63488               1.20154             -0.0493155          3.3495              0.0197569           -1.88452            -0.228984           
0.865944            63744               1.40689             0.614233            2.15996             -0.249387           0.31387             1.1867              
0.869422            64000               1.82023             0.322785            2.65657             -0.0887093          -0.672734           0.59713             
0.872899            64256               1.48527             -0.144903           3.41792             0.218146            -1.89301            -0.402868           
0.876377            64512               1.64861             0.0415969           3.02941             0.122172            -1.54652            0.0166939           
0.879855            64768               1.20754             0.406648            2.1677              -0.230872           0.410618            0.775916            
0.883332            65024               1.05152             0.27814             2.04665             -0.195491           0.860574            0.546249            
0.88681             65280               0.625229            0.18054             1.19198             0.0699543           2.83302             0.297963            
0.890288            65536               1.5476              0.384114            2.31844             -0.074996           0.368593            0.667563            
0.893765            65792               1.02818             -0.152392           1.37859             0.205602            2.16248             -0.372916           
0.897243            66048               1.20305             0.109213            1.44107             0.0017162           1.92037             0.152826            
0.900721            66304               1.37198             0.543241            3.15295             -0.201449           -1.49923            1.09895             
0.904198            66560               2.08016             0.213888            2.65516             -0.298226           -0.938362           0.332763            
0.907676            66816               1.80684             0.464795            3.28                -0.283538           -2.01977            0.890912            
0.911154            67072               1.39611             0.0906949           2.06609             0.103326            0.517505            0.179131            
0.914631            67328               2.03973             0.111695            3.46464             0.0417608           -2.25251            0.169974            
0.918109            67584               2.02126             0.431789            3.57799             -0.310763           -2.9427             0.753147            
0.921587            67840               1.53434             0.699906            3.90854             -0.502175           -3.22822            1.35238             
0.925065            68096               1.59828             0.0218467           2.09797             -0.0238821          0.402888            -0.0424855          
0.928542            68352               2.0939              0.675559            3.26571             -0.585218           -2.21463            1.379               
0.93202             68608               1.9244              0.173903            5.66519             0.0178953           -6.6395             0.266261            
0.935498            68864               1.95356             0.203587            4.49006             0.10448             -4.5447             0.386776            
0.938975            69120               2.07634             0.377008            2.94509             -0.230497           -1.50812            0.717954            
0.942453            69376               0.810595            0.268813            2.0465              -0.212886           0.866892            0.404235            
0.945931            69632               1.43265             0.130363            2.36026             -0.1027             0.167524            0.164778            
0.949408            69888               1.44883             0.303673            3.04758             -0.172925           -1.23233            0.571382            
0.952886            70144               1.41105             0.173344            2.6891              -0.137703           -0.471608           0.245084            
0.956364            70400               1.27932             0.460282            1.49549             -0.284223           1.99629             0.925563            
0.959841            70656               0.928497            0.582666            2.06307             -0.36567            0.905806            1.07849             
0.963319            70912               0.82589             0.182722            0.552667            -0.000834608        4.03135             0.393197            
0.966797            71168               0.494704            -0.0609732          0.273668            0.164978            4.60639             -0.24692            
0.970275            71424               0.941134            0.286727            0.919107            -0.224056           3.19331             0.477852            
0.973752            71680               0.418257            0.232925            -0.753836           0.0551749           6.57398             0.34868             
0.97723             71936               1.17848             0.389848            0.955886            -0.214377           3.33534             0.673232            
0.980708            72192               1.66497             0.274582            2.12177             -0.225211           0.560263            0.580048            
0.984185            72448               1.4684              0.0095349           2.47653             0.0028503           -0.145447           -0.131096           
0.987663            72704               1.74172             0.705601            2.96493             -0.605923           -1.17581            1.43102             
0.991141            72960               2.01298             0.601709            4.36351             -0.276536           -4.14182            1.11828             
0.994618            73216               1.95528             0.221577            4.92346             -0.0350367          -5.24869            0.408444            
0.998096            73472               1.95508             0.260334            4.28683             -0.115202           -4.23949            0.407796            
1.00157             73728               2.10261             0.132265            4.61616             0.0763527           -4.59988            0.0825198           
1.00505             73984               2.23066             0.73561             2.93278             -0.742294           -1.69805            1.3806              
1.00853             74240               2.18115             0.528978            3.07022             -0.349242           -1.78107            1.00571             
1.01201             74496               1.28965             -0.0399949          3.78756             0.348049            -2.72157            -0.255448           
1.01548             74752               0.854616            0.45404             3.33173             -0.337278           -1.46371            0.83799             
1.01896             75008               1.71878             0.626909            2.23561             -0.539972           0.262741            1.23734             
1.02244             75264               1.3782              0.2452              3.12039             -0.108848           -1.23416            0.446194            
1.02592             75520               1.58169             0.377903            4.33453             -0.079716           -3.67003            0.630359            
1.0294              75776               1.51967             0.325263            4.11994             -0.380865           -3.55548            0.460023            
1.03287             76032               1.72027             0.202603            5.02121             0.00608856          -5.18497            0.314387            
1.03635             76288               1.70515             0.486153            3.94962             -0.337965           -2.98317            0.898436            
1.03983             76544               1.47296             0.295721            2.39818             -0.184146           0.115832            0.477066            
1.04331             76800               1.46321             0.253874            2.84814             -0.138351           -0.854159           0.361219            
1.04678             77056               0.189276            0.403715            -0.257263           -0.250185           5.84936             0.76142             
1.05026             77312               0.952854            0.411876            1.87192             -0.0586445          1.62807             0.65571             
1.05374             77568               1.92671             0.0597989           3.92683             0.018623            -2.84836            0.0011816           
1.05722             77824               2.22071             0.370117            4.82626             -0.264955           -5.08917            0.64962             
1.06069             78080               1.41058             0.351538            2.29891             -0.178881           -0.0846082          0.557221            
1.06417             78336               0.948049            -0.0375114          1.28099             0.162729            2.54815             -0.151429           
1.06765             78592               0.854965            0.53761             0.00763583          -0.331256           5.25032             0.961263            
1.07113             78848               1.54658             -0.195569           1.43293             0.288096            2.00911             -0.58082            
1.07461             79104               1.3902              0.451613            2.08619             -0.373469           0.60867             0.86475             
1.07808             79360               1.16949             0.822802            2.13066             -0.495868           0.863831            1.67949             
1.08156             79616               1.82408             0.0222286           3.565               0.13333             -2.30364            -0.115535           
1.08504             79872               1.54269             -0.205627           2.13264             0.461011            0.622616            -0.537247           
1.08852             80128               1.16842             0.505313            0.992733            -0.218197           2.86428             0.887243            
1.09199             80384               1.07035             0.162663            2.32353             -0.023718           0.317546            0.266848            
1.09547             80640               1.45215             0.185416            2.77555             0.082828            -0.638642           0.176035            
1.09895             80896               1.42586             0.21412             2.6129              -0.0208736          -0.341909           0.402157            
1.10243             81152               1.40178             0.0796929           2.62082             0.0116273           -0.29916            0.0405025           
1.1059              81408               1.54401             0.462755            3.9262              -0.144387           -2.7561             0.855511            
1.10938             81664               1.64819             0.155419            3.6489              0.0514716           -2.32132            0.230331            
1.11286             81920               1.78125             -0.00965479         3.76761             0.0896162           -3.0084             -0.105693           
1.11634             82176               1.35107             0.529838            2.04346             -0.236708           1.04673             1.08408             
1.11981             82432               1.61534             0.133137            3.8477              0.118575            -2.83991            0.145499            
1.12329             82688               1.29681             0.105106            3.7743              0.188599            -2.50865            0.214246            
1.12677             82944               1.90943             0.20139             2.55777             -0.0313936          -0.455087           0.330289            
1.13025             83200               1.89405             0.324999            3.99781             0.0904137           -3.30591            0.630485            
1.13373             83456               1.68509             0.087247            3.16932             0.0638685           -1.47543            0.0399347           
1.1372              83712               1.69845             0.535893            3.02494             -0.301043           -1.23712            1.05199             
1.14068             83968               1.62825             0.320095            3.38782             -0.124957           -1.93392            0.429929            
1.14416             84224               1.59191             0.204337            3.60407             0.00868469          -2.47525            0.393118            
1.14764             84480               1.68576             0.264266            3.05356             -0.117004           -1.37615            0.430684            
1.15111             84736               1.90698             0.471449            4.1282              -0.13341            -3.55805            0.872639            
1.15459             84992               1.48154             0.152498            3.24345             0.0779933           -1.78351            0.164522            
1.15807             85248               1.26255             0.25609             1.76652             0.122583            1.39064             0.456043            
1.16155             85504               1.42655             0.00160423          2.27652             0.213131            0.494605            -0.221587           
1.16502             85760               1.91647             0.370387            3.87247             -0.0842366          -2.86678            0.651625            
1.1685              86016               1.70505             0.20975             3.95579             -0.0692429          -3.27138            0.339426            
1.17198             86272               1.79241             0.435646            4.03712             -0.0816298          -3.36572            0.829945            
1.17546             86528               1.97942             0.17742             4.14406             -0.0852957          -3.62837            0.16273             
1.17894             86784               1.28776             0.0487018           2.56666             0.192115            -0.0685419          -0.00291994         
1.18241             87040               1.36937             -0.113578           1.00459             0.277917            2.6964              -0.358375           
1.18589             87296               1.63172             0.356593            2.34519             -0.0463828          -0.0409528          0.614588            
1.18937             87552               1.5959              0.294568            4.33993             -0.0961379          -3.89115            0.579924            
1.19285             87808               1.25936             0.339309            2.20447             -0.184461           0.61361             0.534267            
1.19632             88064               1.49839             -0.0290661          2.23453             0.274103            0.507563            -0.24507            
1.1998              88320               1.55756             0.248831            4.05003             0.133548            -3.15514            0.467378            
1.20328             88576               1.73457             0.0125696           3.87921             0.237842            -3.03784            -0.0952413          
1.20676             88832               1.50766             0.107231            3.83867             0.0519835           -3.22496            0.187083            
1.21023             89088               1.5427              0.101278            2.70787             0.208537            -0.528535           0.0163185           
1.21371             89344               0.930632            0.576904            2.76275             -0.328605           -0.813798           1.10061             
1.21719             89600               2.01896             0.306249            2.72332             -0.0521962          -0.465233           0.493108            
1.22067             89856               1.73519             0.242775            3.82104             -0.0143887          -2.86912            0.493038            
1.22415             90112               1.358               0.42274             3.51754             -0.0703436          -2.53145            0.846854            
1.22762             90368               1.62591             0.204033            3.32562             0.060897            -1.58817            0.284273            
1.2311              90624               1.08159             0.459395            1.82511             -0.232213           1.50202             0.892348            
1.23458             90880               1.22402             -0.138932           1.54147             0.42049             1.76581             -0.42235            
1.23806             91136               0.508272            0.461501            -0.101247           0.0358941           5.40445             0.896475            
1.24153             91392               0.832149            0.0182048           0.637314            0.0977406           4.15296             -0.0680515          
1.24501             91648               1.27478             0.10385             1.63146             0.143377            1.63067             0.0747365           
1.24849             91904               1.17934             0.318537            1.58566             0.017983            1.77878             0.625897            
1.25197             92160               1.49685             0.179657            2.09504             -0.00826286         0.609542            0.231715            
1.25544             92416               1.75364             0.112643            1.8786              0.145888            0.861118            0.118014            
1.25892             92672               1.27224             0.284034            2.70024             -0.193565           -0.365131           0.44956             
1.2624              92928               2.24999             0.394916            5.61061             -0.00732823         -6.56611            0.779043            
1.26588             93184               2.01371             -0.486171           5.84381             0.718087            -7.01408            -1.01384            
1.26936             93440               2.33576             0.62139             4.43321             -0.354182           -4.49074            1.28293             
1.27283             93696               1.92917             -0.162668           5.50044             0.268124            -6.51433            -0.39422            
1.27631             93952               1.78138             0.548976            3.55558             -0.195049           -2.44253            0.991312            
1.27979             94208               1.96865             0.482869            4.07734             -0.265181           -3.43162            0.910006            
1.28327             94464               1.88632             0.230718            4.76028             0.0405546           -4.73778            0.359732            
1.28674             94720               2.22118             0.286291            4.76247             0.00321919          -5.02957            0.49654             
1.29022             94976               2.00942             0.191326            5.47279             0.056951            -6.26733            0.346785            
1.2937              95232               1.60151             0.321544            4.66607             -0.0108706          -4.40282            0.498553            
1.29718             95488               1.86574             0.709548            4.2129              -0.161569           -3.63841            1.32271             
1.30065             95744               1.63652             0.0494855           3.53954             0.314678            -2.02327            0.0689351           
1.30413             96000               1.2213              -0.174915           2.41837             0.292754            0.0615398           -0.479344           
1.30761             96256               1.43214             0.0740276           3.29773             0.108067            -1.73176            0.0835202           
1.31109             96512               1.02678             0.054298            2.18734             0.184972            0.799596            -0.117897           
1.31457             96768               1.21507             0.405387            0.83317             0.0427579           3.62653             0.694939            
1.31804             97024               1.55235             -0.126505           1.22008             0.251191            2.64041             -0.326993           
1.32152             97280               1.3173              0.24591             1.92594             0.038941            1.11366             0.351408            
1.325               97536               1.44919             0.238677            3.02806             -0.124799           -0.928734           0.401713            
1.32848             97792               1.6068              0.410152            2.42117             -0.118429           0.165679            0.819436            
1.33195             98048               1.50763             0.1882              2.6017              0.0877776           -0.152294           0.18981             
1.33543             98304               1.5537              0.35111             2.35229             0.0422629           0.282539            0.658805            
1.33891             98560               1.54276             0.0344336           2.76079             0.257296            -0.804343           -0.0473835          
1.34239             98816               1.21727             -0.121113           2.06759             0.253268            0.89904             -0.331742           
1.34586             99072               1.80634             0.636797            2.12101             -0.185434           0.556737            1.18438             
1.34934             99328               1.64453             0.221403            3.31272             0.00128073          -1.73205            0.249595            
1.35282             99584               1.40254             0.613052            2.48089             -0.250097           0.0657457           1.14928             
1.3563              99840               1.76937             0.222255            3.13233             0.0549366           -1.26785            0.258896            
1.35978             100096              1.62856             0.0826771           4.07477             0.198659            -3.11373            0.0785007           
1.36325             100352              2.27841             0.182123            4.79697             0.0355975           -5.03945            0.310649            
1.36673             100608              1.84377             0.57125             4.63945             -0.216166           -4.34661            1.09868             
1.37021             100864              1.75227             0.391201            3.69099             -0.0689849          -2.48525            0.616162            
1.37369             101120              1.30693             0.23719             3.73762             0.0594018           -2.44243            0.425058            
1.37716             101376              1.8138              0.263689            4.10121             -0.133027           -3.39315            0.452657            
1.38064             101632              1.51204             0.216967            2.1771              0.0128896           0.402924            0.425129            
1.38412             101888              1.55277             0.680659            4.2821              -0.400905           -3.52155            1.33209             
1.3876              102144              1.58072             0.22154             1.19635             -0.00460603         2.62649             0.187168            
1.39107             102400              0.92696             0.10404             1.68763             0.0986181           1.93301             0.0435632           
1.39455             102656              1.21587             0.331635            2.82199             -0.130267           -0.537036           0.640175            
1.39803             102912              1.15836             0.217838            2.75731             0.126685            -0.403374           0.419657            
1.40151             103168              1.3096              0.208032            3.63161             0.000862679         -1.89863            0.285978            
1.40499             103424              1.30263             0.184125            3.30133             0.173014            -1.22344            0.283957            
1.40846             103680              1.43889             0.173387            3.49581             0.158693            -1.94263            0.299706            
1.41194             103936              1.58468             0.280883            3.96005             -0.0543084          -3.03968            0.500164            
1.41542             104192              1.27788             0.533229            2.99471             -0.328519           -0.783288           1.04796             
1.4189              104448              1.26932             0.220849            2.32543             0.0686916           0.460492            0.344221            
1.42237             104704              1.72473             0.564034            3.69872             -0.154628           -2.5051             0.9968              
1.42585             104960              1.95678             0.153212            4.42769             -0.0258873          -3.96429            0.19598             
1.42933             105216              1.80863             0.421506            4.23289             -0.333023           -3.46826            0.789506            
1.43281             105472              1.69004             0.185261            3.81545             0.0438776           -2.7179             0.309999            
1.43628             105728              1.59407             0.233182            3.48001             -0.0196816          -1.95052            0.408476            
1.43976             105984              1.09507             0.378075            1.08746             -0.0307587          2.83322             0.659731            
1.44324             106240              1.06705             0.1045              0.0222053           0.188917            5.24028             0.209248            
1.44672             106496              1.0873              0.130427            1.11849             0.146553            2.96399             0.222273            
1.4502              106752              1.14735             0.665808            1.36579             -0.247029           2.42186             1.24201             
1.45367             107008              1.15805             0.428158            1.31775             0.0427791           2.62025             0.920508            
1.45715             107264              1.42544             -0.0529158          0.940377            0.23196             3.1042              -0.313714           
1.46063             107520              1.3106              0.105829            2.18364             0.262826            0.735255            0.163446            
1.46411             107776              1.14424             0.336315            2.04453             -0.0653989          1.09501             0.68845             
1.46758             108032              1.41459             0.0763196           1.59602             0.258791            1.89045             0.0169392           
1.47106             108288              2.34568             0.287688            4.41714             -0.0777576          -4.49493            0.51325             
1.47454             108544              2.32598             0.434579            4.76585             -0.230254           -5.09412            0.847107            
1.47802             108800              2.32635             0.451405            3.70852             -0.116955           -2.99306            0.958843            
1.48149             109056              1.66139             0.215465            2.7698              0.003841            -0.771375           0.359271            
1.48497             109312              1.88727             0.287039            2.93892             -0.00677221         -1.09641            0.481304            
1.48845             109568              1.62782             0.412852            2.17669             -0.204172           0.422933            0.813892            
1.49193             109824              1.92918             0.432129            3.07148             -0.160066           -1.33823            0.690135            
1.49541             110080              1.95039             0.0386592           3.57836             0.243427            -2.3982             0.0128339           
1.49888             110336              1.23003             0.208081            3.82885             -0.0290558          -2.53326            0.388175            
1.50236             110592              1.02563             0.526663            1.32252             -0.104276           2.67243             0.913925            
1.50584             110848              0.82686             -0.124567           1.8812              0.411373            1.73529             -0.283418           
1.50932             111104              0.728236            0.0322135           -0.0149034          0.154507            5.39404             -0.0875105          
1.51279             111360              0.133125            0.415612            -1.08283            -0.132597           8.00737             0.811021            
1.51627             111616              0.739534            0.0875707           0.752888            0.0655834           3.89803             0.0904938           
1.51975             111872              1.03524             0.207567            2.54472             -0.0497596          0.600511            0.389809            
1.52323             112128              1.69017             0.35071             1.45259             0.113432            2.01247             0.612586            
1.5267              112384              1.74999             0.270947            0.997178            0.0337338           2.93291             0.476037            
1.53018             112640              1.1414              0.358898            2.65684             -0.162572           -0.315964           0.65059             
1.53366             112896              1.50418             0.567232            1.70624             -0.291106           1.5887              1.04773             
1.53714             113152              2.15543             0.180364            2.06965             0.0810482           0.340329            0.274622            
1.54062             113408              1.59674             0.344141            3.53709             -0.115034           -2.53865            0.550815            
1.54409             113664              1.9518              0.3887              3.38516             -0.149523           -2.10286            0.715931            
1.54757             113920              2.2575              0.394797            3.98456             0.0339678           -3.02963            0.806505            
1.55105             114176              2.41552             0.295183            5.9025              -0.0803278          -7.28602            0.551033            
1.55453             114432              2.75612             0.430923            5.06997             -0.121844           -5.98677            0.779566            
1.558               114688              2.18367             0.479268            5.81862             -0.290215           -7.1396             0.781345            
1.56148             114944              1.97306             0.1944              5.04309             0.1525              -5.35197            0.230781            
1.56496             115200              2.08119             -0.00278544         4.92923             0.331351            -5.34622            -0.00195063         
1.56844             115456              1.84196             0.253129            4.64253             -0.104674           -4.41079            0.356473            
1.57191             115712              1.83466             0.425802            3.84563             -0.238153           -2.97595            0.778324            
1.57539             115968              1.55423             0.474487            4.1297              -0.228767           -3.3507             0.88216             
1.57887             116224              1.442               0.44366             3.82486             -0.28523            -2.63468            0.791075            
1.58235             116480              1.86402             0.193156            3.64061             0.117624            -2.39447            0.179457            
1.58582             116736              1.65409             -0.0589418          2.99673             0.153737            -0.979703           -0.219832           
1.5893              116992              1.83239             0.0329188           4.40329             0.152057            -3.89941            -0.0929617          
1.59278             117248              2.09192             0.503819            4.35381             -0.271811           -4.04845            1.00309             
1.59626             117504              2.3134              0.32155             6.22529             -0.237831           -8.20696            0.633653            
1.59974             117760              1.69833             0.283851            4.82266             -0.0965696          -4.7107             0.41919             
1.60321             118016              1.6803              0.00253028          3.38721             0.217378            -1.60402            -0.0531748          
1.60669             118272              1.86793             0.166879            4.76604             0.0716666           -4.69005            0.120007            
1.61017             118528              2.04059             0.0349723           4.89794             0.0668523           -5.13501            -0.0852559          
1.61365             118784              0.967827            0.233352            3.05817             0.0980785           -0.825057           0.31607             
1.61712             119040              1.22821             0.211052            2.56541             0.00134826          0.0703017           0.331175            
1.6206              119296              1.66157             0.508714            3.64728             -0.186985           -2.32474            0.94354             
1.62408             119552              1.59519             0.585624            3.32937             -0.265547           -1.51144            1.15765             
1.62756             119808              1.36201             -0.065446           4.05387             0.348715            -2.90236            -0.294522           
1.63103             120064              1.80393             0.514104            3.30046             -0.361317           -1.65308            0.994385            
1.63451             120320              1.0874              -0.227206           1.69856             0.306211            1.78891             -0.592795           
1.63799             120576              1.99899             0.128094            3.90582             0.12532             -3.10876            0.163177            
1.64147             120832              1.88582             0.251861            5.376               -0.101808           -5.88808            0.460384            
1.64495             121088              2.07265             -0.0180958          3.35877             0.215163            -2.06925            -0.116336           
1.64842             121344              1.97952             0.263139            3.57882             -0.124894           -2.77815            0.478553            
1.6519              121600              1.88616             0.637741            3.26499             -0.259254           -1.97037            1.30023             
1.65538             121856              2.2727              -0.0519145          3.83771             0.198373            -3.35188            -0.133636           
1.65886             122112              1.83748             0.330016            3.59393             -0.0550444          -2.53361            0.526252            
1.66233             122368              1.76307             0.524866            2.56036             -0.343248           -0.344844           0.987767            
1.66581             122624              1.6241              0.326869            3.46212             -0.170746           -2.23987            0.586814            
1.66929             122880              1.2937              0.0366791           2.90829             0.222293            -0.807179           -0.00670616         
1.67277             123136              1.30002             -0.209371           2.48834             0.330469            -0.0159893          -0.571784           
1.67624             123392              1.28224             0.317885            2.51078             -0.105436           -0.0718605          0.587706            
1.67972             123648              1.16775             0.0275044           1.30264             0.249306            2.51449             -0.0605062          
1.6832              123904              0.75707             0.232401            2.06649             -0.0353312          1.16828             0.361912            
1.68668             124160              0.738812            -0.145906           1.00647             0.376678            3.37091             -0.433642           
1.69016             124416              1.08601             -0.137249           1.13133             0.341928            3.0902              -0.367436           
1.69363             124672              1.85262             0.310064            3.53315             -0.16202            -2.2738             0.580184            
1.69711             124928              1.69335             0.233763            4.10225             0.107646            -3.40584            0.38357             
1.70059             125184              1.66418             0.337768            3.36269             -0.0381029          -1.8873             0.648594            
1.70407             125440              1.5095              0.169923            1.86005             0.139841            1.32246             0.164208            
1.70754             125696              1.41563             0.0469904           2.48184             0.0582225           -0.0816381          -0.0128626          
1.71102             125952              1.93337             0.535412            4.35247             -0.205266           -3.96556            1.03218             
1.7145              126208              1.50207             0.25736             1.68222             0.0435933           1.6007              0.481911            
1.71798             126464              1.31746             -0.0801442          2.18124             0.245026            0.75089             -0.330546           
1.72145             126720              1.26728             0.0651742           0.621183            0.389043            3.84059             0.00931819          
1.72493             126976              1.24476             -0.216382           0.702397            0.395689            3.70612             -0.487648           
1.72841             127232              1.08448             0.417549            2.55054             -0.234116           0.00872353          0.767543            
1.73189             127488              1.70268             -0.091745           2.66217             0.303501            -0.339433           -0.283528           
1.73537             127744              1.88446             0.157802            3.57269             0.00990384          -2.47087            0.26919             
1.73884             128000              1.67952             0.0986782           4.26243             0.320567            -3.61236            0.128724            
1.74232             128256              1.52034             0.516158            3.05644             -0.162889           -0.97573            0.929951            
1.7458              128512              2.0524              -0.068755           4.38063             0.226163            -4.14084            -0.278774           
1.74928             128768              2.09431             0.0348935           4.79506             0.232988            -5.01365            -0.0632223          
1.75275             129024              2.12397             0.254145            4.88375             0.0199988           -4.85824            0.430172            
1.75623             129280              2.0212              0.179426            5.08142             0.0418501           -5.47591            0.210761            
1.75971             129536              1.64025             0.476976            4.52764             -0.0109987          -4.22982            0.811637            
1.76319             129792              1.72983             0.109283            4.26871             0.0405099           -3.42148            0.116412            
1.76666             130048              2.1826              0.0269474           4.91699             0.231342            -5.27555            -0.00106201         
1.77014             130304              1.99252             0.349768            5.30806             0.00121454          -5.83148            0.565921            
1.77362             130560              1.21293             0.167485            3.53335             -0.0801042          -1.89085            0.171877            
1.7771              130816              1.10734             0.187892            1.39504             0.233376            2.39128             0.186126            
1.78058             131072              0.793106            -0.0765792          1.33475             0.31253             2.69883             -0.281815           
1.78405             131328              1.18363             -0.239479           1.53185             0.175409            2.05942             -0.633562           
1.78753             131584              1.29682             0.561544            -0.357832           -0.212182           5.72448             1.04626             
1.79101             131840              0.6987              0.435982            0.580252            0.0186616           4.26596             0.779869            
1.79449             132096              1.43967             -0.436629           1.71343             0.594646            1.61065             -1.0818             
1.79796             132352              1.1246              -0.0363641          0.904179            0.249655            3.16861             -0.24547            
1.80144             132608              0.98774             0.0232784           0.938291            0.298757            3.36404             -0.0556878          
1.80492             132864              1.68495             0.392226            3.34093             -0.0856634          -1.83249            0.627043            
1.8084              133120              1.72747             0.457157            4.02297             -0.254625           -3.31105            0.89544             
1.81187             133376              1.38698             -0.0568542          2.58794             0.179726            -0.139562           -0.334916           
1.81535             133632              1.76906             0.322564            3.22197             -0.0316373          -1.59049            0.620473            
1.81883             133888              1.24951             -0.092281           2.79485             0.259301            -0.545604           -0.275036           
1.82231             134144              1.72415             0.314157            4.02617             0.000465219         -3.27622            0.5678              
1.82579             134400              1.72375             0.423104            3.62799             -0.136847           -2.54518            0.719076            
1.82926             134656              1.59602             0.0872125           3.77319             0.107738            -2.57014            0.0709037           
1.83274             134912              1.73742             -0.109351           3.15838             0.455832            -1.41495            -0.366497           
1.83622             135168              1.68172             0.385637            4.81596             -0.124305           -4.63518            0.689554            
1.8397              135424              1.82351             0.196948            3.7586              -0.115493           -2.95005            0.293129            
1.84317             135680              1.595               0.290102            3.97577             -0.101951           -3.13384            0.483756            
1.84665             135936              1.50772             0.286508            3.44967             -0.00239539         -1.82342            0.485558            
1.85013             136192              1.93003             -0.168416           3.35651             0.331018            -2.08441            -0.474538           
1.85361             136448              1.60466             0.452934            2.66018             -0.25552            -0.631564           0.847878            
1.85708             136704              0.916232            -0.164039           2.20524             0.291992            0.794423            -0.494427           
1.86056             136960              1.32051             0.3345              2.45019             -0.206318           0.258872            0.584053            
1.86404             137216              1.27055             0.345707            2.48454             -0.1184             -0.0292937          0.659664            
1.86752             137472              1.0638              0.0510609           1.33443             0.256757            2.26106             0.0553113           
1.871               137728              0.801326            0.0433594           -0.435162           0.27607             6.1462              0.00203682          
1.87447             137984              0.628298            0.16299             0.247442            0.0127552           4.9077              0.119673            
1.87795             138240              0.646517            0.0951038           -0.755131           0.2179              6.76534             0.148876            
1.88143             138496              0.794785            0.435721            -0.259785           -0.179217           5.78631             0.828234            
1.88491             138752              0.979565            0.129632            1.68298             -0.0403872          1.94393             0.0862173           
1.88838             139008              1.31878             0.264489            0.934225            0.182458            3.20877             0.363466            
1.89186             139264              1.44716             0.0660187           1.12753             0.0583164           2.47766             0.0644408           
1.89534             139520              1.37382             0.0880244           2.46815             0.140202            -0.119163           0.0861125           
1.89882             139776              1.68521             0.423688            2.78079             -0.1061             -0.808903           0.786921            
1.90229             140032              1.4767              0.434415            1.98906             -0.190144           0.853595            0.784889            
1.90577             140288              1.66966             0.00593635          1.89919             0.111977            1.17241             -0.02112            
1.90925             140544              2.19113             0.354237            2.89979             -0.0536838          -1.51864            0.754577            
1.91273             140800              1.76382             0.0550909           1.4224              0.147601            1.95753             -0.0717231          
1.91621             141056              1.71097             0.0557188           2.76162             0.155506            -0.68734            -0.0302498          
1.91968             141312              1.70272             0.503282            3.08964             -0.252251           -1.43652            0.977314            
1.92316             141568              2.03412             0.121158            3.68093             0.087155            -2.73523            0.157033            
1.92664             141824              1.39658             0.288184            2.08178             -0.0390387          0.910074            0.409445            
1.93012             142080              1.53821             0.363343            3.55445             -0.218362           -2.33003            0.664077            
1.93359             142336              2.02263             0.0985667           3.84978             0.149131            -2.88996            0.0564992           
1.93707             142592              2.02235             0.0546118           3.65645             0.083425            -2.31137            -0.0686079          
1.94055             142848              1.83866             0.332937            3.56732             -0.114118           -2.35076            0.589008            
1.94403             143104              2.02258             0.491965            3.72032             -0.17396            -2.74911            0.976087            
1.9475              143360              1.69227             0.273624            3.34484             -0.105963           -1.93136            0.372717            
1.95098             143616              1.72589             0.403319            3.03233             -0.225855           -1.06906            0.726697            
1.95446             143872              1.67085             0.23287             3.35725             -0.0526198          -1.724              0.36169             
1.95794             144128              1.78482             0.0409312           3.21419             0.0232975           -1.39522            -0.0953172          
1.96142             144384              1.54932             0.641007            2.44478             -0.299534           -0.114067           1.20554             
1.96489             144640              1.27847             -0.328109           1.92655             0.474558            1.36205             -0.783776           
1.96837             144896              1.0455              0.315162            0.472107            -0.125977           4.31567             0.471445            
1.97185             145152              1.15801             0.414775            0.520963            -0.154705           4.17813             0.766826            
1.97533             145408              1.3939              0.227481            0.635342            -0.00442349         3.85035             0.293695            
1.9788              145664              1.71421             0.187517            1.56468             0.0548122           1.78637             0.331599            
1.98228             145920              1.4809              0.131716            2.43329             0.0170082           0.132957            0.163836            
1.98576             146176              1.52441             0.103173            1.72347             0.21362             1.47402             0.0512475           
1.98924             146432              1.61342             0.0941262           3.19279             0.171259            -1.58714            0.143847            
1.99271             146688              1.83614             0.72678             3.41504             -0.614192           -2.00547            1.38657             
1.99619             146944              1.74297             0.166375            2.85562             0.0170466           -0.794336           0.213146            
1.99967             147200              1.94084             0.195101            3.50286             -0.00670202         -2.29336            0.242905            
