#Time               nTime               force-x             force-y             force-z             moment-x            moment-y            moment-z            
0                   0                   -6.94542e-06        3.96881e-06         -1.42216e-05        -2.25891e-05        -1.08177e-05        -2.14448e-06        
0.00347769          256                 0.826526            0.093917            -11.0623            4.15751             -6.08828            -0.0257811          
0.00695537          512                 0.703916            1.23311             346.681             -7.97248            126.49              -0.449014           
0.0104331           768                 -1.23179            1.55561             193.386             7.25154             74.0665             -0.747039           
0.0139107           1024                -0.17656            -0.663795           -212.387            -8.81157            -79.5623            0.0990989           
0.0173884           1280                -0.729147           -0.859676           -256.339            -1.91916            -94.6793            0.302785            
0.0208661           1536                0.872686            -1.12914            -253.987            -3.37323            -95.5938            0.479333            
0.0243438           1792                0.0472209           0.0972068           6.61746             3.09169             2.20355             0.0245135           
0.0278215           2048                0.27289             0.466362            65.7373             3.40134             24.8133             -0.183162           
0.0312992           2304                0.248085            0.262079            35.267              -0.0512859          13.2614             -0.140463           
0.0347769           2560                0.26485             0.097223            6.82056             0.147462            2.74096             -0.0175148          
0.0382545           2816                0.305926            -0.0126016          -9.21851            0.168223            -3.38842            -0.00223831         
0.0417322           3072                0.192265            -0.0153785          5.19365             -0.201884           1.9841              0.0350294           
0.0452099           3328                0.127507            0.0438785           14.4193             0.753037            5.42859             -0.00978021         
0.0486876           3584                0.163641            0.0411887           15.1084             0.23802             5.69159             -0.00284013         
0.0521653           3840                0.18848             0.0391664           11.4088             0.314796            4.41978             -0.00352289         
0.055643            4096                0.237727            0.0255795           6.04741             -0.00471175         2.41207             -0.00447987         
0.0591207           4352                0.249795            0.032577            10.1872             0.100515            3.95839             -0.00485189         
0.0625984           4608                0.238461            0.0640765           16.1278             0.463969            6.22272             -0.0262249          
0.066076            4864                0.22624             0.0435878           12.1388             0.0791465           4.71026             -0.0137782          
0.0695537           5120                0.200195            0.043514            6.65489             0.452934            2.62204             -0.0263898          
0.0730314           5376                0.217702            0.00991574          5.57076             -0.231835           2.18442             -0.00508184         
0.0765091           5632                0.195421            0.0824858           8.08984             0.68456             3.17607             -0.0377054          
0.0799868           5888                0.199876            0.0586364           11.8889             0.00437399          4.63493             -0.0199131          
0.0834645           6144                0.20836             0.0688028           10.6168             0.350716            4.11998             -0.0273007          
0.0869422           6400                0.222301            0.0492267           7.46179             0.0757374           2.94285             -0.0117553          
0.0904198           6656                0.235903            0.0435228           5.01549             0.0757662           2.02062             -0.00496904         
0.0938975           6912                0.230385            0.0705765           7.79709             0.419537            3.1257              -0.00795716         
0.0973752           7168                0.221874            0.0697145           10.7908             0.241934            4.20389             -0.00593672         
0.100853            7424                0.233512            0.0817223           9.02044             0.246687            3.52347             -0.0102367          
0.104331            7680                0.253111            0.0784508           6.85382             0.160927            2.72066             -0.0061156          
0.107808            7936                0.211421            0.100636            9.67869             0.148229            3.8039              -0.0251308          
0.111286            8192                0.213343            0.107213            11.7057             0.0387269           4.55522             -0.0306346          
0.114764            8448                0.20496             0.104749            11.4833             0.358386            4.43702             -0.0201903          
0.118241            8704                0.185605            0.0781809           10.6428             0.10389             4.11559             -0.010449           
0.121719            8960                0.205015            0.0798412           8.37277             0.316949            3.3002              -0.0152768          
0.125197            9216                0.217509            0.0906729           7.51008             0.135283            2.98509             -0.0281131          
0.128674            9472                0.228959            0.080632            7.4335              0.219795            2.94513             -0.0251922          
0.132152            9728                0.287734            0.106236            7.43464             0.288347            2.97356             -0.0439367          
0.13563             9984                0.32703             0.125944            9.11948             0.242152            3.62552             -0.0594119          
0.139107            10240               0.273259            0.117562            10.933              0.189228            4.2923              -0.0417337          
0.142585            10496               0.270912            0.112231            11.1223             0.321925            4.36388             -0.0293838          
0.146063            10752               0.284204            0.105375            11.2679             0.109317            4.40964             -0.0287821          
0.149541            11008               0.25209             0.106503            10.2275             0.250034            3.99481             -0.0337354          
0.153018            11264               0.219109            0.102576            9.31141             0.0960028           3.65561             -0.0196724          
0.156496            11520               0.289291            0.150571            13.1909             0.465448            5.15091             -0.0519076          
0.159974            11776               0.262864            0.142844            14.0315             0.43883             5.45849             -0.0531801          
0.163451            12032               0.255201            0.107308            13.0505             0.169982            5.06785             -0.0448471          
0.166929            12288               0.247566            0.131351            11.3908             0.294654            4.47204             -0.0482984          
0.170407            12544               0.306567            0.137037            12.8298             -0.0217871          4.94031             -0.0489546          
0.173884            12800               0.288144            0.139916            13.0983             0.444496            5.02263             -0.0361469          
0.177362            13056               0.259082            0.106491            14.0506             -0.0245066          5.45784             -0.0233313          
0.18084             13312               0.243026            0.122231            13.5954             0.523695            5.23549             -0.0365839          
0.184317            13568               0.250784            0.12631             12.9589             -0.029724           5.01313             -0.0352193          
0.187795            13824               0.270994            0.15145             12.7966             0.449205            4.95819             -0.0359997          
0.191273            14080               0.239082            0.0969567           12.1867             -0.0895936          4.70847             -0.0115074          
0.19475             14336               0.248193            0.0981867           11.4005             0.302893            4.42617             -0.0189185          
0.198228            14592               0.24917             0.122208            12.7708             0.292901            4.92944             -0.0349112          
0.201706            14848               0.22342             0.157137            13.1889             0.255137            5.11944             -0.0621578          
0.205183            15104               0.242133            0.136185            11.3519             0.166898            4.39479             -0.0444764          
0.208661            15360               0.236189            0.13275             9.30569             0.380845            3.64725             -0.0431567          
0.212139            15616               0.254373            0.144334            10.9552             0.0923623           4.28975             -0.0595513          
0.215617            15872               0.289548            0.146613            11.5958             0.262264            4.5137              -0.0700394          
0.219094            16128               0.209148            0.0910273           11.1318             0.00083898          4.33093             -0.0310876          
0.222572            16384               0.170036            0.111795            14.246              0.312865            5.47947             -0.0365309          
0.22605             16640               0.210533            0.137709            13.8245             0.30966             5.28218             -0.0514396          
0.229527            16896               0.177324            0.154868            12.0238             0.0615154           4.62131             -0.0559354          
0.233005            17152               0.229009            0.164464            11.8085             0.275108            4.53665             -0.0582177          
0.236483            17408               0.236989            0.158764            11.0024             0.123631            4.25035             -0.0623147          
0.23996             17664               0.223134            0.151884            9.96604             0.0793585           3.89867             -0.0688065          
0.243438            17920               0.22449             0.145977            10.8845             0.0664485           4.18689             -0.0685825          
0.246916            18176               0.228185            0.128059            11.0335             0.311673            4.22744             -0.0575396          
0.250393            18432               0.227624            0.120073            12.6854             0.27318             4.92819             -0.0482618          
0.253871            18688               0.286888            0.155756            15.8048             0.106324            6.06837             -0.0544575          
0.257349            18944               0.291873            0.169462            15.2228             0.298513            5.8547              -0.052433           
0.260826            19200               0.257468            0.152236            14.2                0.198601            5.4719              -0.0581698          
0.264304            19456               0.230211            0.122895            12.8122             -0.129024           4.91885             -0.0550498          
0.267782            19712               0.196102            0.164635            12.0871             0.577677            4.661               -0.0668982          
0.27126             19968               0.160085            0.160874            12.597              -0.0673207          4.80074             -0.0791875          
0.274737            20224               0.139766            0.187746            10.6313             0.305283            4.07929             -0.0807167          
0.278215            20480               0.157809            0.159093            11.9084             0.111809            4.53052             -0.0673854          
0.281693            20736               0.153607            0.139848            11.7009             0.198831            4.49411             -0.0482368          
0.28517             20992               0.154739            0.149406            10.5371             0.146695            4.0593              -0.0572279          
0.288648            21248               0.17193             0.134588            9.20404             -0.0316683          3.52169             -0.0543179          
0.292126            21504               0.188093            0.162437            10.7319             0.303549            4.15942             -0.0568313          
0.295603            21760               0.243997            0.17916             13.581              0.292319            5.2361              -0.073897           
0.299081            22016               0.226337            0.137269            12.6457             0.169989            4.89287             -0.0598022          
0.302559            22272               0.195624            0.120387            11.2849             0.069522            4.2905              -0.0427064          
0.306036            22528               0.172693            0.131211            13.2205             0.345206            5.07058             -0.036267           
0.309514            22784               0.226285            0.181175            16.1958             0.466406            6.21954             -0.066872           
0.312992            23040               0.237441            0.172875            14.7501             0.21537             5.69958             -0.0706151          
0.316469            23296               0.216377            0.129047            14.4241             0.213577            5.49757             -0.0480352          
0.319947            23552               0.220777            0.152754            15.0321             0.300496            5.76839             -0.0551209          
0.323425            23808               0.232051            0.141786            14.9219             0.117553            5.693               -0.0484801          
0.326903            24064               0.181829            0.143806            16.4417             0.28082             6.28118             -0.0432902          
0.33038             24320               0.209085            0.155998            17.7971             0.141048            6.78646             -0.0478782          
0.333858            24576               0.217858            0.125914            16.0446             0.111788            6.06014             -0.027062           
0.337336            24832               0.168936            0.118954            13.7739             0.132286            5.25194             -0.0200216          
0.340813            25088               0.201728            0.131661            14.2986             0.208048            5.44297             -0.029735           
0.344291            25344               0.202441            0.150902            13.6519             0.296067            5.26395             -0.0473521          
0.347769            25600               0.205472            0.167221            14.8889             0.164681            5.71637             -0.0588738          
0.351246            25856               0.238114            0.16454             14.9258             0.0306096           5.68902             -0.0616108          
0.354724            26112               0.229362            0.151424            11.5163             0.161547            4.41399             -0.0387983          
0.358202            26368               0.220706            0.164833            13.3123             0.188585            5.11063             -0.049084           
0.361679            26624               0.175457            0.157864            17.485              0.127702            6.66062             -0.0364097          
0.365157            26880               0.165173            0.174268            18.5249             0.408285            7.00423             -0.0425274          
0.368635            27136               0.161745            0.158736            17.9406             0.260815            6.79723             -0.0408516          
0.372112            27392               0.162423            0.163546            19.3254             0.238391            7.31539             -0.0457374          
0.37559             27648               0.177847            0.138045            17.2965             0.0515468           6.53696             -0.0415432          
0.379068            27904               0.131408            0.164192            17.6731             0.536263            6.72316             -0.0523459          
0.382546            28160               0.172161            0.180006            19.8786             -0.0272175          7.48283             -0.0774037          
0.386023            28416               0.110855            0.132769            15.0298             0.0252119           5.6461              -0.0393461          
0.389501            28672               0.121937            0.155884            16.2102             0.384021            6.10556             -0.0382295          
0.392979            28928               0.110898            0.1629              15.3921             0.193923            5.83066             -0.0429246          
0.396456            29184               0.169454            0.167692            13.0738             -0.0289248          4.99645             -0.0435952          
0.399934            29440               0.188442            0.182133            12.9832             0.333638            4.93043             -0.0513853          
0.403412            29696               0.110038            0.140468            14.3681             -0.0438858          5.41156             -0.0261563          
0.406889            29952               0.0896839           0.153612            15.2709             0.427878            5.75459             -0.0335615          
0.410367            30208               0.120489            0.108989            12.7551             -0.14423            4.80562             -0.0194193          
0.413845            30464               0.13432             0.130642            13.3516             0.593536            5.06242             -0.0308007          
0.417322            30720               0.137644            0.139399            14.6111             -0.048611           5.55672             -0.0529855          
0.4208              30976               0.134731            0.162192            13.4532             0.527038            5.11929             -0.0563713          
0.424278            31232               0.148255            0.163264            15.8099             0.0537751           5.9961              -0.059794           
0.427755            31488               0.142393            0.15554             15.3996             0.158069            5.82527             -0.0471334          
0.431233            31744               0.100341            0.0995328           13.2168             0.305373            4.94576             -0.0123458          
0.434711            32000               0.0504332           0.0999573           14.9699             0.434654            5.65115             -0.00959161         
0.438188            32256               0.0910788           0.1131              15.8981             0.235703            5.98299             -0.022171           
0.441666            32512               0.104248            0.114033            14.0078             0.0615614           5.31539             -0.0177082          
0.445144            32768               0.141174            0.119273            14.5231             0.281964            5.51439             -0.0206964          
0.448622            33024               0.166771            0.136795            12.6776             0.406646            4.88364             -0.0363419          
0.452099            33280               0.194204            0.130542            15.2647             0.140278            5.8276              -0.0517168          
0.455577            33536               0.218365            0.144666            17.1394             0.24978             6.51401             -0.0504759          
0.459055            33792               0.237982            0.190168            16.9135             0.0139619           6.43029             -0.0796954          
0.462532            34048               0.168863            0.164124            17.4184             0.263632            6.56963             -0.0567941          
0.46601             34304               0.155782            0.165473            19.6568             0.410844            7.42768             -0.058001           
0.469488            34560               0.164723            0.178706            17.9466             0.171379            6.83075             -0.0611724          
0.472965            34816               0.217264            0.164447            16.6556             -0.0628721          6.30954             -0.0588448          
0.476443            35072               0.20446             0.121766            13.7754             0.0684939           5.29309             -0.0317378          
0.479921            35328               0.219903            0.106732            13.3985             -0.0166727          5.13857             -0.0255994          
0.483398            35584               0.187455            0.130417            12.4984             0.133259            4.77896             -0.0294144          
0.486876            35840               0.122228            0.115224            15.2075             0.105158            5.74043             -0.0121277          
0.490354            36096               0.116382            0.114885            14.3481             0.594272            5.43294             -0.0164597          
0.493831            36352               0.137692            0.0983104           10.3546             -0.0230541          3.97769             -0.0147691          
0.497309            36608               0.163121            0.132376            10.2663             0.407885            3.97273             -0.0361547          
0.500787            36864               0.148759            0.136034            11.0398             0.258357            4.23963             -0.0516573          
0.504265            37120               0.171131            0.136123            12.6924             0.148694            4.85816             -0.0508382          
0.507742            37376               0.180904            0.131973            12.8068             0.158031            4.89312             -0.0418184          
0.51122             37632               0.159643            0.137059            13.9999             0.314393            5.31834             -0.0283795          
0.514698            37888               0.135696            0.172981            15.2918             0.320541            5.82366             -0.0596411          
0.518175            38144               0.20113             0.164626            14.0155             0.1078              5.33663             -0.0579097          
0.521653            38400               0.198057            0.146033            14.1735             0.357419            5.42163             -0.0508786          
0.525131            38656               0.170616            0.144079            17.9555             0.144484            6.84655             -0.0558644          
0.528608            38912               0.178714            0.163508            20.7914             0.494196            7.87108             -0.0665722          
0.532086            39168               0.160771            0.130114            19.6954             0.0230358           7.48191             -0.0463213          
0.535564            39424               0.163158            0.0977803           18.1682             0.248319            6.90175             -0.0118076          
0.539041            39680               0.195677            0.151877            18.7947             0.401074            7.15777             -0.0451095          
0.542519            39936               0.202832            0.150863            20.7456             -0.0103337          7.87614             -0.0513812          
0.545997            40192               0.231731            0.181742            22.2961             0.249225            8.4702              -0.042531           
0.549474            40448               0.232838            0.13127             23.5574             0.174766            8.9318              -0.0151979          
0.552952            40704               0.205178            0.135775            22.4854             0.428628            8.52283             -0.0171201          
0.55643             40960               0.17813             0.13264             19.8053             0.359012            7.52048             -0.0169763          
0.559907            41216               0.181719            0.123431            16.5172             0.108886            6.20646             -0.0113173          
0.563385            41472               0.149722            0.133184            15.4492             0.201391            5.84666             -0.0245325          
0.566863            41728               0.12851             0.12698             17.3423             0.223696            6.59497             -0.0283539          
0.570341            41984               0.17417             0.128335            17.4027             -0.0176652          6.5996              -0.0369131          
0.573818            42240               0.148613            0.142169            17.2392             0.613252            6.51363             -0.0296353          
0.577296            42496               0.122497            0.107568            15.3351             0.105364            5.80431             -0.0131602          
0.580774            42752               0.144017            0.139764            16.8442             0.273474            6.38916             -0.0266422          
0.584251            43008               0.167933            0.176063            20.3812             0.283712            7.71783             -0.0543365          
0.587729            43264               0.18034             0.17126             18.638              0.33175             7.02375             -0.0500548          
0.591207            43520               0.154514            0.135235            14.9515             0.285743            5.68696             -0.0406274          
0.594684            43776               0.142051            0.127213            13.3978             -0.00798286         5.10487             -0.0401613          
0.598162            44032               0.174795            0.139606            16.2667             0.182147            6.12994             -0.0480684          
0.60164             44288               0.121               0.137228            17.9471             0.301264            6.76659             -0.0369174          
0.605117            44544               0.0996122           0.149452            19.5072             0.262112            7.30545             -0.0440056          
0.608595            44800               0.116836            0.130824            19.2281             0.159445            7.25755             -0.0379781          
0.612073            45056               0.147854            0.128328            17.3745             0.54358             6.59406             -0.0429754          
0.61555             45312               0.163906            0.146191            17.7006             0.269542            6.71678             -0.0413151          
0.619028            45568               0.150274            0.142815            18.3556             0.177432            6.90784             -0.0194239          
0.622506            45824               0.12553             0.113922            19.1943             0.324874            7.22337             -0.00720478         
0.625984            46080               0.125681            0.120638            18.2653             0.2332              6.86322             -0.022029           
0.629461            46336               0.12165             0.105369            16.9489             0.094377            6.39547             -0.0178501          
0.632939            46592               0.16116             0.137099            16.2431             0.340999            6.15146             -0.0378145          
0.636417            46848               0.15793             0.0657673           12.6752             -0.291809           4.83175             -0.00820569         
0.639894            47104               0.100738            0.0730828           11.4485             0.387652            4.35927             0.00230019          
0.643372            47360               0.159392            0.109925            14.5183             0.242527            5.48735             -0.0256136          
0.64685             47616               0.141201            0.131163            14.9137             0.416548            5.68004             -0.0307435          
0.650327            47872               0.174748            0.130895            13.6402             -0.0325347          5.2232              -0.0179201          
0.653805            48128               0.186952            0.146085            12.5688             0.336641            4.79031             -0.0203593          
0.657283            48384               0.157586            0.138508            12.7903             0.227955            4.85993             -0.030691           
0.66076             48640               0.153508            0.0980538           14.1455             0.0935629           5.30451             -0.0135845          
0.664238            48896               0.122112            0.0927025           14.8232             0.47889             5.60046             -0.00698028         
0.667716            49152               0.105016            0.119456            16.0436             0.521239            6.09321             -0.022644           
0.671193            49408               0.153471            0.137989            17.2256             0.134747            6.53219             -0.0410813          
0.674671            49664               0.17791             0.158928            17.5399             0.371085            6.66539             -0.0294908          
0.678149            49920               0.185187            0.159274            16.4756             0.252241            6.25438             -0.0301377          
0.681626            50176               0.128335            0.135069            15.8641             0.171279            5.99719             -0.0277942          
0.685104            50432               0.175701            0.159681            14.1473             0.30327             5.34909             -0.0460131          
0.688582            50688               0.153297            0.0974836           10.0057             -0.119843           3.84366             -0.0128018          
0.69206             50944               0.14258             0.107022            10.3306             0.318625            3.94415             -0.0126729          
0.695537            51200               0.129565            0.0694582           12.8957             0.203899            4.92833             0.00110949          
0.699015            51456               0.150662            0.0933709           14.6112             0.299966            5.53119             -0.0148425          
0.702493            51712               0.142176            0.137743            14.4677             0.209096            5.47443             -0.0422903          
0.70597             51968               0.148336            0.139703            14.1374             0.340268            5.3425              -0.0550682          
0.709448            52224               0.145619            0.101272            13.0194             0.108475            4.94357             -0.0349981          
0.712926            52480               0.165377            0.123105            15.6077             0.358561            5.95371             -0.0224782          
0.716403            52736               0.154219            0.117286            17.4083             0.143338            6.56033             -0.00876976         
0.719881            52992               0.106158            0.139825            17.0942             0.198364            6.41791             -0.0352997          
0.723359            53248               0.109908            0.116861            15.0669             0.199999            5.64909             -0.0167412          
0.726836            53504               0.0892875           0.117757            16.9115             0.312295            6.36411             -0.0136343          
0.730314            53760               0.0893017           0.147659            18.8173             0.219455            7.02843             -0.0386526          
0.733792            54016               0.0648849           0.15451             15.7367             0.259512            5.88582             -0.0452592          
0.73727             54272               0.049267            0.145311            16.2591             0.144718            6.09312             -0.0381761          
0.740747            54528               0.0628896           0.147225            15.3175             0.239342            5.72642             -0.0355813          
0.744225            54784               0.0377603           0.109531            13.3928             0.139638            5.00837             -0.024948           
0.747703            55040               0.0592449           0.0995269           12.2257             0.10462             4.60637             -0.0173001          
0.75118             55296               0.0912535           0.0980486           10.9796             0.36005             4.15304             -0.0121805          
0.754658            55552               0.114143            0.122035            10.2033             -0.0756325          3.85817             -0.027524           
0.758136            55808               0.119566            0.127939            8.27916             0.252116            3.15287             -0.034015           
0.761613            56064               0.145233            0.122996            11.7789             0.0795441           4.43717             -0.0259239          
0.765091            56320               0.161432            0.126427            15.2305             0.204334            5.73199             -0.0233883          
0.768569            56576               0.112347            0.147272            15.6579             0.400639            5.91989             -0.0409039          
0.772046            56832               0.136385            0.155222            17.8073             0.247873            6.69867             -0.0471968          
0.775524            57088               0.13469             0.152997            16.39               0.226586            6.16773             -0.0455933          
0.779002            57344               0.145888            0.171483            15.1447             0.180387            5.72284             -0.0505662          
0.782479            57600               0.173471            0.135717            12.9437             0.239674            4.97725             -0.0381468          
0.785957            57856               0.234154            0.100898            12.2304             -0.174142           4.68917             -0.0329566          
0.789435            58112               0.195244            0.123739            15.0501             0.378104            5.73266             -0.0383232          
0.792912            58368               0.197855            0.129366            18.6692             0.30955             7.11957             -0.0403547          
0.79639             58624               0.162071            0.118473            17.6457             0.323583            6.71546             -0.0160577          
0.799868            58880               0.140296            0.1209              14.1025             0.244126            5.34364             -0.0158706          
0.803346            59136               0.192383            0.137933            11.4906             0.0145441           4.35327             -0.037587           
0.806823            59392               0.177336            0.128299            10.3993             -0.0231668          3.98991             -0.0251808          
0.810301            59648               0.147482            0.115796            14.5007             0.240723            5.51591             -0.0290758          
0.813779            59904               0.131615            0.139725            16.0918             0.109326            6.06968             -0.0447768          
0.817256            60160               0.131671            0.165561            14.0525             0.421244            5.29581             -0.0465819          
0.820734            60416               0.159054            0.120919            12.6339             0.119011            4.77816             -0.0307447          
0.824212            60672               0.149873            0.132176            14.6483             0.470276            5.54412             -0.0281961          
0.827689            60928               0.166312            0.123745            15.9071             0.100142            6.06476             -0.041205           
0.831167            61184               0.168334            0.138801            13.2996             0.0224272           5.04192             -0.0452459          
0.834645            61440               0.15609             0.152145            13.1113             0.284168            4.98796             -0.0534866          
0.838122            61696               0.14753             0.15521             16.9734             0.123123            6.44025             -0.0567723          
0.8416              61952               0.119055            0.156141            15.5522             0.115251            5.85153             -0.0599924          
0.845078            62208               0.0959776           0.135718            12.3038             0.291166            4.63305             -0.0492786          
0.848555            62464               0.102218            0.129463            11.6166             0.279538            4.39671             -0.0452476          
0.852033            62720               0.0803813           0.123406            12.132              0.245387            4.59476             -0.0389918          
0.855511            62976               0.105               0.127661            13.1191             0.350535            4.97057             -0.0346533          
0.858989            63232               0.126417            0.120732            12.1736             0.213803            4.61904             -0.0370862          
0.862466            63488               0.126246            0.13498             13.3025             0.264953            5.07127             -0.0347624          
0.865944            63744               0.142216            0.137519            13.6782             0.168175            5.19315             -0.0422933          
0.869422            64000               0.159173            0.119494            12.2956             0.543281            4.66529             -0.0336656          
0.872899            64256               0.178229            0.122307            9.00229             0.0209065           3.42167             -0.046002           
0.876377            64512               0.136944            0.106237            10.2439             0.181597            3.95236             -0.0298396          
0.879855            64768               0.143406            0.125116            14.4597             0.230132            5.48167             -0.0348994          
0.883332            65024               0.140299            0.153299            14.3224             0.308406            5.43145             -0.0451705          
0.88681             65280               0.175119            0.13439             13.6155             0.00125367          5.22182             -0.0364145          
0.890288            65536               0.16627             0.157591            14.7674             0.534258            5.62071             -0.0362868          
0.893765            65792               0.148108            0.140917            13.1307             0.119845            4.98014             -0.0399024          
0.897243            66048               0.113431            0.122317            12.3265             0.506322            4.70778             -0.0204445          
0.900721            66304               0.146702            0.117834            13.2208             0.243122            5.0516              -0.0267218          
0.904198            66560               0.172232            0.12471             12.9757             0.240169            4.9276              -0.036738           
0.907676            66816               0.133989            0.1231              14.263              0.453441            5.43893             -0.0343021          
0.911154            67072               0.159737            0.135222            17.9432             0.270978            6.8081              -0.0539219          
0.914631            67328               0.148144            0.119035            14.0613             0.153006            5.38544             -0.0462582          
0.918109            67584               0.133618            0.101672            11.5661             0.151665            4.42118             -0.0359064          
0.921587            67840               0.101935            0.102214            13.4375             0.28627             5.10902             -0.0318655          
0.925065            68096               0.129035            0.108675            13.2826             0.0792602           4.99776             -0.038689           
0.928542            68352               0.0894335           0.129179            12.612              0.590841            4.7342              -0.0256146          
0.93202             68608               0.0919764           0.141816            14.5024             0.0107003           5.48485             -0.0310162          
0.935498            68864               0.145067            0.140502            11.8634             0.195015            4.52412             -0.0304618          
0.938975            69120               0.156195            0.112611            10.5032             0.102796            4.00508             -0.022166           
0.942453            69376               0.15336             0.114179            14.2588             0.304995            5.37824             -0.026594           
0.945931            69632               0.161924            0.146807            17.3768             0.516946            6.53626             -0.0405081          
0.949408            69888               0.184599            0.172055            19.1422             0.0379709           7.26385             -0.047225           
0.952886            70144               0.189322            0.156044            16.4722             0.373024            6.23758             -0.0404924          
0.956364            70400               0.145321            0.0861961           15.3232             0.19742             5.83826             -0.0100379          
0.959841            70656               0.149899            0.123112            16.7844             0.236203            6.35214             -0.0290008          
0.963319            70912               0.0979906           0.102466            17.8852             0.380911            6.75                -0.00695425         
0.966797            71168               0.0837083           0.0965053           18.7128             0.214723            7.00548             -0.0183436          
0.970275            71424               0.0629498           0.108342            16.1316             0.211605            6.04347             -0.03228            
0.973752            71680               0.0972089           0.109861            15.7894             0.236937            5.94387             -0.0257478          
0.97723             71936               0.117634            0.108846            14.2372             0.200506            5.37987             -0.0190876          
0.980708            72192               0.130537            0.124182            15.4969             0.216941            5.83134             -0.0142053          
0.984185            72448               0.1349              0.133032            16.4412             0.421075            6.2152              -0.0279324          
0.987663            72704               0.145542            0.135513            15.7122             0.0146717           5.97986             -0.0405834          
0.991141            72960               0.18852             0.121607            14.72               0.352601            5.60835             -0.0346593          
0.994618            73216               0.143075            0.100469            12.4817             0.198073            4.69028             -0.00775053         
0.998096            73472               0.0704279           0.0952773           13.671              0.172299            5.1089              0.00145517          
1.00157             73728               0.0986795           0.0910209           15.0727             -0.059253           5.71593             -0.0219773          
1.00505             73984               0.111376            0.133472            14.2039             0.478512            5.31225             -0.0287065          
1.00853             74240               0.10236             0.144848            13.5257             0.00553469          5.12427             -0.0317086          
1.01201             74496               0.146839            0.157352            17.0461             0.344102            6.41192             -0.0282588          
1.01548             74752               0.155015            0.133095            18.2666             0.00118089          6.85787             -0.0207478          
1.01896             75008               0.127245            0.121082            15.7133             0.107885            5.94371             -0.0233929          
1.02244             75264               0.149059            0.111608            17.3655             0.288039            6.58612             -0.019286           
1.02592             75520               0.130717            0.137484            20.4258             0.18639             7.71098             -0.0322407          
1.0294              75776               0.12511             0.162584            19.4766             0.417789            7.34489             -0.0355454          
1.03287             76032               0.141239            0.180003            16.4733             0.368216            6.21297             -0.0463234          
1.03635             76288               0.166158            0.13486             14.0821             0.149957            5.33301             -0.0452288          
1.03983             76544               0.149531            0.0982855           10.1173             0.127663            3.86365             -0.0261141          
1.04331             76800               0.194791            0.109047            10.2542             0.230983            3.91605             -0.0268124          
1.04678             77056               0.169329            0.124351            15.2898             0.30425             5.85506             -0.0225672          
1.05026             77312               0.145985            0.105142            15.9633             0.214343            6.03386             -0.0155             
1.05374             77568               0.163868            0.121142            12.7566             0.264199            4.82491             -0.0244888          
1.05722             77824               0.184612            0.133661            12.4695             0.1693              4.74079             -0.0304365          
1.06069             78080               0.176712            0.109422            13.7283             0.296215            5.22762             -0.0175821          
1.06417             78336               0.148843            0.0864564           14.4246             0.312079            5.4614              -0.00639762         
1.06765             78592               0.173683            0.102211            13.0517             0.320634            4.98893             -0.0217096          
1.07113             78848               0.180862            0.103276            13.8585             0.464409            5.28866             -0.0285266          
1.07461             79104               0.218879            0.123822            16.2628             0.363675            6.17689             -0.0371703          
1.07808             79360               0.228958            0.161262            16.2229             0.412132            6.15919             -0.0453966          
1.08156             79616               0.204932            0.117583            13.9378             0.0548755           5.31571             -0.0339433          
1.08504             79872               0.188937            0.109058            14.9234             -0.0199626          5.69969             -0.0240596          
1.08852             80128               0.192274            0.113878            17.3252             0.363782            6.5733              -0.0195483          
1.09199             80384               0.157517            0.126423            19.6517             0.379425            7.45401             -0.0324217          
1.09547             80640               0.15808             0.141808            19.232              0.243649            7.27193             -0.0458901          
1.09895             80896               0.136035            0.153774            16.6646             0.270427            6.31526             -0.0412623          
1.10243             81152               0.131196            0.137267            17.406              0.0994656           6.57683             -0.0304364          
1.1059              81408               0.105797            0.12732             16.8684             0.307324            6.3701              -0.0375552          
1.10938             81664               0.100115            0.108514            12.7359             -0.0283486          4.78596             -0.03438            
1.11286             81920               0.0779405           0.131979            10.1577             0.213082            3.87515             -0.0354034          
1.11634             82176               0.122398            0.162009            12.9567             0.203433            4.86859             -0.0567038          
1.11981             82432               0.112778            0.1263              14.3923             0.158525            5.42689             -0.0363334          
1.12329             82688               0.100319            0.117586            11.3381             0.241069            4.26186             -0.0313416          
1.12677             82944               0.103757            0.121239            10.6236             0.255878            4.05058             -0.0371879          
1.13025             83200               0.129536            0.126294            11.9598             0.0960964           4.55953             -0.0534535          
1.13373             83456               0.168046            0.139382            14.1634             0.461098            5.37512             -0.0518028          
1.1372              83712               0.141266            0.126825            15.785              0.114978            5.96984             -0.0521597          
1.14068             83968               0.149775            0.135908            15.3186             0.364196            5.80645             -0.0525996          
1.14416             84224               0.140348            0.129623            16.54               0.164069            6.27202             -0.049481           
1.14764             84480               0.110761            0.114387            14.6282             0.301499            5.50547             -0.0360068          
1.15111             84736               0.0618281           0.0995126           13.2422             0.147645            4.94396             -0.0217423          
1.15459             84992               0.063707            0.132355            13.3715             0.316552            5.01076             -0.0276626          
1.15807             85248               0.121257            0.138875            12.5939             -0.0439902          4.75578             -0.0417928          
1.16155             85504               0.12686             0.123874            12.6535             0.115344            4.78911             -0.0289573          
1.16502             85760               0.113982            0.133077            13.3974             0.360176            5.0038              -0.0289235          
1.1685              86016               0.111022            0.126249            14.3314             0.16316             5.42533             -0.0387413          
1.17198             86272               0.103174            0.140227            13.3557             0.341785            5.09146             -0.0360186          
1.17546             86528               0.157156            0.132172            11.2291             0.116492            4.27283             -0.0458741          
1.17894             86784               0.180266            0.102906            11.0896             0.203606            4.24492             -0.0331233          
1.18241             87040               0.180788            0.105612            12.1553             0.262405            4.69593             -0.0292775          
1.18589             87296               0.199424            0.122437            14.506              0.339671            5.50545             -0.0458767          
1.18937             87552               0.157923            0.0881633           13.6316             0.404743            5.17873             -0.0373672          
1.19285             87808               0.195232            0.105681            14.4017             -0.0258554          5.47992             -0.0489131          
1.19632             88064               0.190786            0.164991            19.7555             0.624182            7.53455             -0.0593986          
1.1998              88320               0.178792            0.137128            20.3591             0.384791            7.73774             -0.0498318          
1.20328             88576               0.144149            0.0772527           14.7842             0.357022            5.60717             -0.023127           
1.20676             88832               0.149423            0.0770624           13.1903             0.108592            4.97316             -0.0152508          
1.21023             89088               0.131901            0.106314            16.2533             0.270936            6.15614             -0.0271965          
1.21371             89344               0.125931            0.0821519           12.3375             0.0598862           4.68856             -0.0278032          
1.21719             89600               0.0958522           0.0888167           10.4758             0.171621            4.00803             -0.0204302          
1.22067             89856               0.150715            0.124182            12.2868             0.337111            4.68751             -0.0348853          
1.22415             90112               0.186081            0.129723            10.5314             0.0132259           4.03693             -0.0359704          
1.22762             90368               0.1171              0.123165            10.6001             0.372702            4.01392             -0.044912           
1.2311              90624               0.117893            0.112123            10.02               0.230043            3.83408             -0.0451688          
1.23458             90880               0.171124            0.112743            11.0022             0.283143            4.23036             -0.0425065          
1.23806             91136               0.186947            0.0780703           10.9335             0.198945            4.25835             -0.0157642          
1.24153             91392               0.155802            0.0766288           9.79626             0.322574            3.77868             -0.0244531          
1.24501             91648               0.154701            0.0830212           11.0651             0.391598            4.19313             -0.0251653          
1.24849             91904               0.173517            0.0726173           12.2228             -0.00207452         4.6247              -0.0184932          
1.25197             92160               0.136548            0.0534935           11.2259             0.704711            4.29894             0.00415372          
1.25544             92416               0.0931513           0.0729385           17.7814             0.182561            6.74396             0.00129787          
1.25892             92672               0.105713            0.100637            19.132              0.480012            7.16967             -0.00437892         
1.2624              92928               0.119406            0.0806171           15.3203             0.00995592          5.80587             0.0126879           
1.26588             93184               0.100092            0.10075             14.7744             0.522479            5.61687             -0.0148034          
1.26936             93440               0.132228            0.0854938           13.1968             0.0511746           5.02159             -0.00992254         
1.27283             93696               0.162442            0.0968332           12.6513             0.10828             4.80124             -0.022906           
1.27631             93952               0.170537            0.113211            13.4906             0.29154             5.15608             -0.0136444          
1.27979             94208               0.176317            0.156446            16.2554             0.437701            6.21181             -0.0328586          
1.28327             94464               0.188109            0.154915            14.6801             0.0248977           5.60683             -0.0439894          
1.28674             94720               0.211864            0.157715            12.9902             0.427958            4.92811             -0.0473802          
1.29022             94976               0.130543            0.103358            10.9293             0.142292            4.17739             -0.00925107         
1.2937              95232               0.141836            0.131672            12.4399             0.453093            4.76007             -0.0312151          
1.29718             95488               0.137295            0.135866            15.2778             0.0889304           5.77369             -0.0240419          
1.30065             95744               0.146831            0.12958             12.5839             0.149931            4.78864             -0.0227228          
1.30413             96000               0.130888            0.137155            12.4912             0.223242            4.7643              -0.0311989          
1.30761             96256               0.165854            0.144861            12.5466             0.214205            4.83284             -0.0268072          
1.31109             96512               0.157297            0.137591            11.0746             0.211722            4.20417             -0.0273844          
1.31457             96768               0.110908            0.126483            11.623              0.0423139           4.404               -0.0397925          
1.31804             97024               0.115241            0.132229            11.3004             0.283029            4.31676             -0.0471418          
1.32152             97280               0.117584            0.151084            12.684              0.226527            4.84792             -0.0576697          
1.325               97536               0.136142            0.14704             14.5743             0.423351            5.53057             -0.0581279          
1.32848             97792               0.163558            0.135484            16.6887             0.191479            6.31262             -0.0499473          
1.33195             98048               0.207289            0.104675            15.7297             0.185584            5.98121             -0.0199921          
1.33543             98304               0.202015            0.106763            15.4054             0.0861899           5.88418             -0.01245            
1.33891             98560               0.136883            0.101007            14.9262             0.348235            5.68399             -0.00681991         
1.34239             98816               0.119339            0.10139             15.4516             0.345247            5.86911             -0.00561677         
1.34586             99072               0.14533             0.107581            13.1264             0.0891586           4.951               -0.0170073          
1.34934             99328               0.134749            0.109974            10.0894             0.348125            3.8697              -0.0327008          
1.35282             99584               0.169378            0.115798            10.8299             -0.0261465          4.1591              -0.0450577          
1.3563              99840               0.133394            0.118385            13.5242             0.465233            5.16199             -0.0470396          
1.35978             100096              0.126017            0.107467            16.5303             0.166017            6.26863             -0.0433449          
1.36325             100352              0.131058            0.14909             18.9222             0.591398            7.14633             -0.0537244          
1.36673             100608              0.114381            0.137289            18.6298             0.0950702           7.03972             -0.0409089          
1.37021             100864              0.0962161           0.124695            17.2489             0.355096            6.49953             -0.0189078          
1.37369             101120              0.072084            0.133051            16.7722             0.12179             6.32852             -0.027987           
1.37716             101376              0.121117            0.141264            13.5952             0.146357            5.14302             -0.0316113          
1.38064             101632              0.114228            0.1129              13.6029             0.141731            5.12389             -0.0226277          
1.38412             101888              0.111724            0.116561            15.2902             0.520399            5.77219             -0.0263939          
1.3876              102144              0.143776            0.124981            16.1055             0.106622            6.119               -0.0464041          
1.39107             102400              0.145668            0.149487            17.098              0.203507            6.47864             -0.0534628          
1.39455             102656              0.163328            0.154024            18.2534             0.136388            6.85666             -0.0484768          
1.39803             102912              0.14714             0.137421            16.0088             0.196955            6.05718             -0.0319821          
1.40151             103168              0.156212            0.0968456           16.5006             0.236986            6.26541             -0.000492913        
1.40499             103424              0.0997559           0.0731184           16.4213             0.226356            6.20092             0.00536829          
1.40846             103680              0.146681            0.0795386           15.7051             0.0711895           5.93285             -0.00471648         
1.41194             103936              0.154417            0.0983498           14.305              0.405082            5.43803             -0.0184778          
1.41542             104192              0.153393            0.106805            13.7501             0.0736159           5.25236             -0.0300717          
1.4189              104448              0.15592             0.124553            16.7369             0.244004            6.35857             -0.0413212          
1.42237             104704              0.184144            0.172494            19.8701             0.44416             7.49497             -0.0671858          
1.42585             104960              0.187225            0.152486            17.3554             0.205568            6.57957             -0.0548343          
1.42933             105216              0.110624            0.0920605           15.7332             0.19951             5.96222             -0.0120081          
1.43281             105472              0.0791803           0.0662791           13.7446             0.162964            5.18276             0.00674932          
1.43628             105728              0.103742            0.100491            12.9599             0.387421            4.87922             -0.0108479          
1.43976             105984              0.0932227           0.137377            14.7287             -0.240705           5.5226              -0.0293895          
1.44324             106240              0.121352            0.157175            15.6307             0.268764            5.91492             -0.0377046          
1.44672             106496              0.0857343           0.119185            15.0103             0.113395            5.61802             -0.0300133          
1.4502              106752              0.0949508           0.135028            14.4095             0.380347            5.43207             -0.0331859          
1.45367             107008              0.117904            0.157838            16.5649             0.234316            6.26765             -0.0411115          
1.45715             107264              0.117706            0.155616            15.5633             0.343839            5.87166             -0.0281682          
1.46063             107520              0.141766            0.158281            14.3899             0.0791104           5.35438             -0.0324202          
1.46411             107776              0.0487223           0.145879            15.1795             0.286692            5.71456             -0.0234881          
1.46758             108032              0.0612189           0.150979            16.2602             0.226122            6.1385              -0.016909           
1.47106             108288              0.10628             0.127164            13.8038             0.113223            5.22941             -0.00978464         
1.47454             108544              0.118193            0.118553            12.3785             0.137119            4.70611             -0.0111537          
1.47802             108800              0.0837876           0.14141             13.7892             0.433975            5.21795             -0.0248101          
1.48149             109056              0.121885            0.148915            13.9693             0.0188956           5.24463             -0.0463957          
1.48497             109312              0.107646            0.16933             12.6612             0.220622            4.80554             -0.0506963          
1.48845             109568              0.128862            0.202389            17.661              0.279221            6.68718             -0.0669983          
1.49193             109824              0.142271            0.172385            17.5119             0.208531            6.63752             -0.0559726          
1.49541             110080              0.132332            0.13641             14.2267             0.323684            5.35754             -0.0346544          
1.49888             110336              0.0975678           0.113445            13.5284             0.295878            5.16576             -0.0145791          
1.50236             110592              0.139533            0.149546            14.3398             0.358421            5.47231             -0.0335832          
1.50584             110848              0.165967            0.150366            11.5546             0.0300569           4.40931             -0.044186           
1.50932             111104              0.171727            0.106595            7.79701             0.118866            2.9884              -0.0234848          
1.51279             111360              0.180061            0.111724            7.63125             -0.135737           2.97945             -0.0401157          
1.51627             111616              0.152214            0.108975            10.4908             0.400306            3.99801             -0.0260883          
1.51975             111872              0.160524            0.134467            11.0184             0.0500523           4.23654             -0.0346621          
1.52323             112128              0.169689            0.171608            10.628              0.38744             4.05798             -0.0525784          
1.5267              112384              0.197065            0.166055            9.46118             -0.0436196          3.62021             -0.0581302          
1.53018             112640              0.179029            0.167315            10.4669             0.409292            4.05434             -0.0533132          
1.53366             112896              0.161593            0.152324            13.7397             0.291954            5.23301             -0.0623703          
1.53714             113152              0.157158            0.134576            13.1744             0.458555            5.03272             -0.0558408          
1.54062             113408              0.166476            0.138283            14.442              0.156614            5.50483             -0.0515794          
1.54409             113664              0.155671            0.126857            14.7254             0.338398            5.61449             -0.0350111          
1.54757             113920              0.0944809           0.101821            12.5554             0.107922            4.76412             -0.0149444          
1.55105             114176              0.152377            0.149041            10.8345             0.119984            4.1196              -0.0567219          
1.55453             114432              0.19476             0.149228            10.3598             -0.0816714          3.97334             -0.0494936          
1.558               114688              0.213461            0.146493            12.1108             0.301776            4.61374             -0.043325           
1.56148             114944              0.144247            0.0955939           13.6869             0.286195            5.17318             -0.00169596         
1.56496             115200              0.0696869           0.0913276           14.9387             0.433396            5.64492             0.00186496          
1.56844             115456              0.136941            0.132826            13.5126             0.446211            5.13214             -0.0331466          
1.57191             115712              0.115911            0.121405            10.4806             0.426638            3.98956             -0.0233825          
1.57539             115968              0.109136            0.129587            11.284              0.296684            4.26821             -0.0378984          
1.57887             116224              0.122491            0.167336            12.4587             -0.0296051          4.73202             -0.0650696          
1.58235             116480              0.130614            0.184081            13.0704             0.318795            4.96462             -0.0693635          
1.58582             116736              0.147021            0.154678            15.2124             0.303275            5.72977             -0.0451155          
1.5893              116992              0.14912             0.165261            14.6995             0.218581            5.56039             -0.0658149          
1.59278             117248              0.136816            0.167432            13.0762             0.0272482           4.92189             -0.0543633          
1.59626             117504              0.114316            0.167856            14.3967             0.286153            5.48404             -0.0629446          
1.59974             117760              0.115443            0.176812            17.4172             0.221279            6.58348             -0.0677236          
1.60321             118016              0.128885            0.158376            18.7174             0.196964            7.01619             -0.0542041          
1.60669             118272              0.117304            0.146241            14.9769             0.0419119           5.66086             -0.0369334          
1.61017             118528              0.118911            0.15414             13.9888             0.39433             5.25736             -0.057254           
1.61365             118784              0.0723035           0.150209            13.1944             0.136038            4.97334             -0.0522337          
1.61712             119040              0.111359            0.149652            12.5387             0.209799            4.74938             -0.0465754          
1.6206              119296              0.0960662           0.152453            13.0651             0.0933168           4.89751             -0.0471327          
1.62408             119552              0.093573            0.148447            14.531              0.244227            5.47595             -0.0444212          
1.62756             119808              0.132315            0.148674            11.8741             0.37503             4.50695             -0.0407688          
1.63103             120064              0.158284            0.122733            12.078              0.0745743           4.58395             -0.0376191          
1.63451             120320              0.152698            0.1397              14.083              0.372825            5.33575             -0.0495854          
1.63799             120576              0.151374            0.157719            15.8257             0.24874             6.01903             -0.0617719          
1.64147             120832              0.197889            0.142731            16.2567             0.252319            6.19934             -0.0532399          
1.64495             121088              0.134186            0.107627            15.4173             0.184894            5.85348             -0.0220167          
1.64842             121344              0.110046            0.11954             16.3469             0.420849            6.15675             -0.0347718          
1.6519              121600              0.109116            0.117777            14.4232             0.378736            5.42709             -0.027229           
1.65538             121856              0.104186            0.13625             12.9061             0.199557            4.88739             -0.0375026          
1.65886             122112              0.133659            0.136969            11.9572             0.302262            4.55774             -0.0290572          
1.66233             122368              0.16019             0.134304            12.0768             0.30039             4.60883             -0.0464316          
1.66581             122624              0.160055            0.121355            14.0541             0.263004            5.29781             -0.0441563          
1.66929             122880              0.0646934           0.12445             13.8298             0.216305            5.23537             -0.0268912          
1.67277             123136              0.0742536           0.15138             14.289              0.191059            5.3291              -0.0503138          
1.67624             123392              0.0292417           0.15942             12.3661             0.363515            4.639               -0.0448475          
1.67972             123648              0.0776367           0.149988            12.4619             0.0495869           4.71754             -0.0608917          
1.6832              123904              0.111921            0.157762            11.4582             0.290583            4.34959             -0.0634734          
1.68668             124160              0.1363              0.130391            12.9307             -0.136296           4.8846              -0.0546581          
1.69016             124416              0.0894039           0.118046            12.7879             0.221745            4.80108             -0.0282917          
1.69363             124672              0.0417445           0.113616            12.7439             0.186572            4.7818              -0.0165985          
1.69711             124928              0.0424575           0.116815            12.2631             0.0927928           4.61599             -0.0348367          
1.70059             125184              0.0803458           0.149585            15.1179             0.546188            5.65028             -0.0497066          
1.70407             125440              0.11545             0.130263            15.6986             -0.00638235         5.9041              -0.0383508          
1.70754             125696              0.121408            0.148205            14.639              0.286809            5.51694             -0.032907           
1.71102             125952              0.0642527           0.137015            14.4818             0.26935             5.42798             -0.0343272          
1.7145              126208              0.0850237           0.122645            13.1709             0.247014            4.93667             -0.0418167          
1.71798             126464              0.129175            0.099166            10.3178             0.222911            3.89583             -0.037536           
1.72145             126720              0.134986            0.0903655           8.87751             0.107095            3.37836             -0.0261814          
1.72493             126976              0.116427            0.0918679           12.8934             0.442202            4.91036             -0.0226869          
1.72841             127232              0.110323            0.0787293           15.0126             0.444772            5.70787             -0.0283172          
1.73189             127488              0.125802            0.0726005           13.6082             0.325063            5.18492             -0.0314092          
1.73537             127744              0.15429             0.0940299           10.8333             0.055597            4.10984             -0.0406522          
1.73884             128000              0.157096            0.127575            12.8661             0.35188             4.89367             -0.0437498          
1.74232             128256              0.141368            0.139497            16.2207             0.364956            6.14832             -0.0487919          
1.7458              128512              0.129357            0.138526            16.0328             0.242507            6.09329             -0.0353317          
1.74928             128768              0.129732            0.132407            14.5122             0.296129            5.45354             -0.0218578          
1.75275             129024              0.108268            0.114719            12.5869             0.205732            4.72687             -0.0240912          
1.75623             129280              0.142324            0.0836652           12.487              0.0107752           4.67906             -0.0122167          
1.75971             129536              0.117697            0.09247             12.489              0.0631396           4.71111             -0.0199571          
1.76319             129792              0.0841352           0.111235            15.0224             0.346299            5.72498             -0.022771           
1.76666             130048              0.141037            0.110563            16.6795             0.210636            6.34228             -0.0253418          
1.77014             130304              0.204797            0.133169            15.016              0.298668            5.67168             -0.0338098          
1.77362             130560              0.209032            0.110237            12.2297             0.20806             4.70087             -0.0294198          
1.7771              130816              0.16309             0.0993367           14.9505             0.199003            5.66221             -0.0266423          
1.78058             131072              0.12965             0.112812            13.4505             0.119804            5.13829             -0.0305041          
1.78405             131328              0.119716            0.160829            13.5047             0.245556            5.08464             -0.0487584          
1.78753             131584              0.108187            0.165524            18.5679             0.234605            6.9996              -0.0478498          
1.79101             131840              0.146809            0.124443            20.1762             0.192097            7.60404             -0.021887           
1.79449             132096              0.152465            0.113177            17.8334             0.446293            6.747               -0.0091833          
1.79796             132352              0.185233            0.13093             19.3081             0.0467207           7.27802             -0.0341656          
1.80144             132608              0.154076            0.130996            17.412              0.348768            6.57898             -0.0291028          
1.80492             132864              0.107095            0.127422            16.3364             0.222097            6.18391             -0.0313831          
1.8084              133120              0.110702            0.125252            16.1379             0.162113            6.06416             -0.0246032          
1.81187             133376              0.0970277           0.107845            16.0906             0.0142933           6.04992             -0.0132394          
1.81535             133632              0.128113            0.142518            17.0439             0.250247            6.43545             -0.0387645          
1.81883             133888              0.185601            0.133307            14.079              0.0192351           5.38134             -0.0508728          
1.82231             134144              0.168555            0.0956783           10.5388             0.16498             4.02644             -0.0242831          
1.82579             134400              0.13976             0.0802608           11.2364             0.134891            4.24982             -0.00712588         
1.82926             134656              0.155307            0.0977816           10.4375             0.234644            3.96621             -0.00983423         
1.83274             134912              0.180102            0.133218            13.7949             0.159164            5.28311             -0.0289065          
1.83622             135168              0.152101            0.109245            16.617              0.148865            6.25479             -0.00606727         
1.8397              135424              0.0996436           0.0915309           14.3206             0.390191            5.41276             0.00293576          
1.84317             135680              0.154921            0.117797            14.1104             0.245881            5.39552             -0.0197428          
1.84665             135936              0.20837             0.145643            14.4253             0.222664            5.52859             -0.0350695          
1.85013             136192              0.195556            0.115747            10.5544             0.150397            4.01959             -0.0162011          
1.85361             136448              0.145149            0.159978            15.5127             0.493505            5.88587             -0.0462481          
1.85708             136704              0.187815            0.145453            16.2454             0.0895565           6.17688             -0.0490286          
1.86056             136960              0.167506            0.10869             13.5418             0.102513            5.15652             -0.0274637          
1.86404             137216              0.13885             0.0636343           13.65               0.181174            5.15557             0.00577544          
1.86752             137472              0.115456            0.0890643           15.397              0.29226             5.84406             -0.0064512          
1.871               137728              0.141886            0.14377             18.6773             0.447173            7.06102             -0.0281454          
1.87447             137984              0.180444            0.147778            16.7817             0.112113            6.28928             -0.0352877          
1.87795             138240              0.20521             0.16975             15.7784             0.493131            5.98382             -0.0515424          
1.88143             138496              0.183537            0.126543            17.8046             -0.0957702          6.82857             -0.0267653          
1.88491             138752              0.168982            0.0904105           16.5825             0.350686            6.28467             -0.00106861         
1.88838             139008              0.127746            0.0774065           14.0338             0.142399            5.28137             -0.0094204          
1.89186             139264              0.105905            0.0979147           13.4704             0.331653            5.10103             -0.0165065          
1.89534             139520              0.126               0.100768            15.4381             0.286311            5.83341             -0.0176795          
1.89882             139776              0.124499            0.13762             18.1703             0.537836            6.86534             -0.0264231          
1.90229             140032              0.145905            0.132929            16.2398             0.167683            6.17032             -0.0312911          
1.90577             140288              0.164316            0.130231            15.5689             0.149638            5.92293             -0.0356519          
1.90925             140544              0.128006            0.132888            14.6635             0.401363            5.5835              -0.0429246          
1.91273             140800              0.134888            0.116126            14.3654             0.0460588           5.44001             -0.0350855          
1.91621             141056              0.15267             0.0951734           12.2331             0.0539142           4.63                -0.0192443          
1.91968             141312              0.144218            0.0888916           11.5006             0.157344            4.40796             -0.016394           
1.92316             141568              0.161158            0.0894568           13.2546             0.172068            5.05729             -0.0138046          
1.92664             141824              0.105479            0.0723741           12.968              0.332376            5.00895             0.00909525          
1.93012             142080              0.122271            0.0996532           14.9129             0.190444            5.6422              -0.0194264          
1.93359             142336              0.161267            0.111426            13.1932             0.116099            4.96607             -0.0264134          
1.93707             142592              0.148093            0.107473            11.5984             0.241423            4.41554             -0.025378           
1.94055             142848              0.162932            0.0808607           12.9188             0.244343            4.93949             -0.00576889         
1.94403             143104              0.136923            0.0693017           13.1239             0.177637            5.01388             -0.0101598          
1.9475              143360              0.176595            0.132579            12.8211             0.453006            4.9235              -0.0413649          
1.95098             143616              0.212192            0.161692            15.4164             0.12209             5.88753             -0.062642           
1.95446             143872              0.230518            0.168947            14.4853             0.408766            5.43944             -0.0629943          
1.95794             144128              0.197244            0.136639            16.272              0.123135            6.22204             -0.0431819          
1.96142             144384              0.177493            0.129322            17.5017             0.339065            6.6818              -0.0354136          
1.96489             144640              0.160986            0.136279            16.4582             0.221025            6.22788             -0.0457394          
1.96837             144896              0.140929            0.14713             14.8291             0.381759            5.6434              -0.04731            
1.97185             145152              0.145266            0.117093            14.647              -0.178676           5.57086             -0.0351052          
1.97533             145408              0.127261            0.110793            12.8138             0.271402            4.8344              -0.0295358          
1.9788              145664              0.0761034           0.118778            13.9505             0.348585            5.24721             -0.0377941          
1.98228             145920              0.0900371           0.122033            14.5632             0.173593            5.53442             -0.0420446          
1.98576             146176              0.160049            0.126499            14.5479             0.206574            5.50077             -0.0295818          
1.98924             146432              0.13273             0.121661            13.2542             0.151657            5.01139             -0.0229021          
1.99271             146688              0.076641            0.14662             13.8857             0.170203            5.21448             -0.0439468          
1.99619             146944              0.0583328           0.127909            13.6622             -0.00932192         5.15652             -0.0229647          
1.99967             147200              0.0632106           0.109584            11.5471             0.493843            4.33585             -0.00574312         
