#Time               nTime               force-x             force-y             force-z             moment-x            moment-y            moment-z            
0                   0                   -0.000126506        -4.39877e-05        -3.85305e-05        5.29069e-05         -8.47884e-05        -6.74645e-05        
0.00347769          256                 0.0748134           0.0528639           0.0138647           -0.0464363          0.0500276           0.0555552           
0.00695537          512                 -10.5833            -4.3239             -2.89097            4.91239             -7.50624            -5.9109             
0.0104331           768                 -10.4617            -3.30728            -3.0711             4.053               -7.15745            -5.39677            
0.0139107           1024                -0.94367            0.474465            -0.307874           -0.437325           -0.576334           -0.102906           
0.0173884           1280                5.60939             1.5773              1.3775              -1.90992            4.14844             2.72427             
0.0208661           1536                8.25014             2.58191             2.41115             -3.13465            5.73057             4.20091             
0.0243438           1792                -0.561846           -0.56899            -0.204256           0.582641            -0.348751           -0.500866           
0.0278215           2048                0.847667            0.0786456           0.185065            -0.127391           0.602755            0.3374              
0.0312992           2304                3.68642             1.23754             1.04815             -1.48155            2.52015             1.94109             
0.0347769           2560                3.49525             1.19806             1.00656             -1.42994            2.37638             1.85559             
0.0382545           2816                2.58795             0.954633            0.7385              -1.12005            1.7639              1.40844             
0.0417322           3072                1.28365             0.537139            0.368158            -0.61819            0.875416            0.731516            
0.0452099           3328                1.67289             0.65843             0.485892            -0.762461           1.12434             0.933908            
0.0486876           3584                1.57121             0.577688            0.456821            -0.677647           1.06424             0.853542            
0.0521653           3840                1.32065             0.44221             0.382326            -0.526655           0.896313            0.694665            
0.055643            4096                1.13074             0.371181            0.323978            -0.441607           0.769926            0.590732            
0.0591207           4352                0.913207            0.293103            0.258818            -0.348369           0.623052            0.473454            
0.0625984           4608                0.96912             0.303861            0.265905            -0.359113           0.665191            0.498425            
0.066076            4864                1.01516             0.328573            0.276663            -0.385592           0.700643            0.526805            
0.0695537           5120                1.02661             0.358343            0.281093            -0.414952           0.705152            0.547155            
0.0730314           5376                1.03108             0.377243            0.288395            -0.436237           0.704139            0.559086            
0.0765091           5632                1.07183             0.386999            0.302731            -0.450749           0.731898            0.578436            
0.0799868           5888                1.16964             0.409996            0.329837            -0.480819           0.800253            0.62444             
0.0834645           6144                1.25923             0.428761            0.359505            -0.507958           0.859636            0.665554            
0.0869422           6400                1.35314             0.448312            0.390965            -0.53627            0.920669            0.708956            
0.0904198           6656                1.43748             0.471201            0.414917            -0.564925           0.977412            0.750622            
0.0938975           6912                1.50472             0.500759            0.431817            -0.597659           1.02407             0.789614            
0.0973752           7168                1.55109             0.52909             0.443593            -0.627532           1.05627             0.820642            
0.100853            7424                1.60281             0.555864            0.45937             -0.65741            1.09162             0.852696            
0.104331            7680                1.6381              0.567102            0.471246            -0.67133            1.11345             0.871469            
0.107808            7936                1.57723             0.54667             0.454156            -0.647281           1.0726              0.839404            
0.111286            8192                1.55789             0.538714            0.449286            -0.638453           1.05879             0.828669            
0.114764            8448                1.52919             0.524215            0.44227             -0.6228             1.03767             0.811393            
0.118241            8704                1.53383             0.523154            0.444727            -0.622452           1.03953             0.812729            
0.121719            8960                1.49316             0.510645            0.433515            -0.607514           1.01197             0.791815            
0.125197            9216                1.46791             0.503724            0.42699             -0.5991             0.994596            0.779313            
0.128674            9472                1.45318             0.496031            0.424219            -0.591093           0.983581            0.770181            
0.132152            9728                1.47607             0.499065            0.432196            -0.596143           0.997362            0.780089            
0.13563             9984                1.48076             0.498985            0.434477            -0.596656           0.999581            0.781809            
0.139107            10240               1.47893             0.497426            0.434687            -0.595154           0.997967            0.780411            
0.142585            10496               1.47874             0.494698            0.434729            -0.59245            0.997495            0.778971            
0.146063            10752               1.50566             0.503126            0.44326             -0.602879           1.01501             0.792915            
0.149541            11008               1.52886             0.511099            0.450495            -0.612489           1.03071             0.805146            
0.153018            11264               1.50924             0.506665            0.44499             -0.606716           1.01759             0.795808            
0.156496            11520               1.48052             0.495258            0.437515            -0.593765           0.99706             0.779841            
0.159974            11776               1.48071             0.494627            0.438677            -0.593468           0.995921            0.779693            
0.163451            12032               1.48468             0.498203            0.440809            -0.597589           0.999239            0.78267             
0.166929            12288               1.43888             0.487768            0.427212            -0.583648           0.968979            0.760958            
0.170407            12544               1.39838             0.473692            0.41607             -0.567162           0.941067            0.739382            
0.173884            12800               1.377               0.465067            0.410746            -0.557334           0.926041            0.727395            
0.177362            13056               1.37603             0.465159            0.411052            -0.557375           0.925689            0.726974            
0.18084             13312               1.37288             0.461149            0.41096             -0.55343            0.923349            0.723779            
0.184317            13568               1.35056             0.451954            0.405154            -0.542904           0.907182            0.711351            
0.187795            13824               1.31326             0.443928            0.393902            -0.532146           0.883096            0.693817            
0.191273            14080               1.31245             0.442463            0.394465            -0.531054           0.881603            0.692914            
0.19475             14336               1.31055             0.435864            0.395422            -0.525272           0.878646            0.688986            
0.198228            14592               1.28075             0.433199            0.386866            -0.520558           0.858831            0.677035            
0.201706            14848               1.23719             0.415023            0.37499             -0.500166           0.828626            0.652242            
0.205183            15104               1.25047             0.419925            0.378855            -0.506174           0.836781            0.659633            
0.208661            15360               1.26286             0.429323            0.381517            -0.516157           0.846813            0.66859             
0.212139            15616               1.26205             0.42945             0.380651            -0.516441           0.846025            0.668489            
0.215617            15872               1.22813             0.417503            0.370541            -0.502725           0.824018            0.650091            
0.219094            16128               1.21869             0.413356            0.367817            -0.498226           0.816764            0.644817            
0.222572            16384               1.23711             0.420739            0.372442            -0.506491           0.829626            0.655141            
0.22605             16640               1.24704             0.425686            0.374858            -0.511912           0.837209            0.661042            
0.229527            16896               1.26752             0.434332            0.380677            -0.521716           0.850072            0.67301             
0.233005            17152               1.28221             0.439704            0.385003            -0.52821            0.861052            0.68069             
0.236483            17408               1.26973             0.433055            0.381557            -0.52075            0.850807            0.673172            
0.23996             17664               1.22774             0.421137            0.370144            -0.506686           0.823079            0.651862            
0.243438            17920               1.26958             0.431812            0.383294            -0.520579           0.849657            0.672382            
0.246916            18176               1.24985             0.424957            0.377846            -0.512706           0.836458            0.661706            
0.250393            18432               1.25854             0.427243            0.380977            -0.515953           0.842511            0.665773            
0.253871            18688               1.25924             0.426256            0.381603            -0.515282           0.841848            0.665644            
0.257349            18944               1.25356             0.425756            0.380509            -0.514596           0.837231            0.663521            
0.260826            19200               1.25706             0.428555            0.381644            -0.517686           0.840242            0.666007            
0.264304            19456               1.27633             0.436049            0.388502            -0.527271           0.852346            0.676757            
0.267782            19712               1.34408             0.455333            0.409288            -0.551536           0.897764            0.710713            
0.27126             19968               1.31357             0.450136            0.399149            -0.543597           0.877582            0.697319            
0.274737            20224               1.32181             0.452848            0.401544            -0.547103           0.882748            0.701785            
0.278215            20480               1.30365             0.445899            0.397349            -0.539873           0.870149            0.691711            
0.281693            20736               1.33221             0.456057            0.405268            -0.551414           0.8882              0.707433            
0.28517             20992               1.29632             0.452638            0.394172            -0.545172           0.865763            0.692646            
0.288648            21248               1.32597             0.45804             0.40413             -0.553298           0.8853              0.70588             
0.292126            21504               1.31251             0.450369            0.401347            -0.54521            0.874553            0.69742             
0.295603            21760               1.28177             0.442979            0.392462            -0.535608           0.853633            0.682798            
0.299081            22016               1.30087             0.450786            0.397502            -0.544145           0.867789            0.693422            
0.302559            22272               1.30946             0.451744            0.400689            -0.545768           0.872174            0.697224            
0.306036            22528               1.30964             0.451683            0.400054            -0.545215           0.87204             0.697392            
0.309514            22784               1.37959             0.472628            0.420893            -0.570929           0.920455            0.732578            
0.312992            23040               1.4029              0.483349            0.427755            -0.582939           0.935633            0.746536            
0.316469            23296               1.443               0.496703            0.438961            -0.598473           0.963313            0.767551            
0.319947            23552               1.44711             0.49786             0.439718            -0.599449           0.965683            0.769759            
0.323425            23808               1.47705             0.504755            0.449155            -0.608718           0.986423            0.783764            
0.326903            24064               1.50109             0.513736            0.455424            -0.61871            1.00253             0.797091            
0.33038             24320               1.50505             0.516067            0.455707            -0.620802           1.00596             0.799648            
0.333858            24576               1.47626             0.504205            0.44679             -0.60686            0.987213            0.783303            
0.337336            24832               1.44399             0.491525            0.436753            -0.591888           0.966247            0.76525             
0.340813            25088               1.45559             0.494973            0.439393            -0.59563            0.974046            0.77127             
0.344291            25344               1.47211             0.496802            0.44392             -0.598454           0.985546            0.778046            
0.347769            25600               1.45963             0.492676            0.43918             -0.593027           0.978298            0.771355            
0.351246            25856               1.40427             0.475885            0.421432            -0.571887           0.941583            0.74312             
0.354724            26112               1.4044              0.473157            0.420596            -0.568797           0.94221             0.741717            
0.358202            26368               1.3709              0.464409            0.410115            -0.557623           0.92068             0.725192            
0.361679            26624               1.32328             0.448628            0.39574             -0.538707           0.889025            0.700063            
0.365157            26880               1.29132             0.43643             0.386325            -0.524515           0.86752             0.68242             
0.368635            27136               1.29873             0.438657            0.388221            -0.526871           0.871741            0.686356            
0.372112            27392               1.29343             0.436994            0.386647            -0.524852           0.868183            0.683579            
0.37559             27648               1.22137             0.413373            0.365765            -0.496719           0.819736            0.645752            
0.379068            27904               1.17725             0.397563            0.352554            -0.477799           0.789094            0.622135            
0.382546            28160               1.15216             0.388484            0.346218            -0.467781           0.772175            0.608431            
0.386023            28416               1.16541             0.392493            0.350822            -0.473091           0.781432            0.614975            
0.389501            28672               1.18499             0.398792            0.357498            -0.480959           0.793221            0.625342            
0.392979            28928               1.16213             0.394589            0.351318            -0.475521           0.778863            0.614725            
0.396456            29184               1.2317              0.413633            0.372817            -0.49967            0.823995            0.649544            
0.399934            29440               1.29836             0.437972            0.392477            -0.528229           0.869144            0.685649            
0.403412            29696               1.3774              0.461632            0.416548            -0.557519           0.921825            0.725925            
0.406889            29952               1.3809              0.462233            0.417916            -0.558429           0.923234            0.727691            
0.410367            30208               1.3928              0.4656              0.421355            -0.562605           0.931825            0.733536            
0.413845            30464               1.42681             0.478776            0.430834            -0.577433           0.95454             0.752515            
0.417322            30720               1.4628              0.490391            0.441611            -0.591436           0.979104            0.77119             
0.4208              30976               1.47231             0.491702            0.445169            -0.593892           0.985884            0.775025            
0.424278            31232               1.44061             0.481807            0.435797            -0.581903           0.964372            0.758762            
0.427755            31488               1.42162             0.475368            0.428984            -0.573483           0.951349            0.748902            
0.431233            31744               1.38942             0.466523            0.418656            -0.562037           0.931255            0.732659            
0.434711            32000               1.43468             0.476258            0.432139            -0.57489            0.960543            0.753962            
0.438188            32256               1.38527             0.461781            0.417126            -0.556948           0.928436            0.728764            
0.441666            32512               1.3501              0.451577            0.406604            -0.544283           0.904496            0.711114            
0.445144            32768               1.34508             0.449133            0.406437            -0.542041           0.900908            0.707957            
0.448622            33024               1.40878             0.468367            0.425997            -0.565727           0.943719            0.74033             
0.452099            33280               1.37792             0.459973            0.418209            -0.55558            0.922211            0.72511             
0.455577            33536               1.35931             0.453381            0.41411             -0.548088           0.907709            0.715394            
0.459055            33792               1.34851             0.451115            0.411748            -0.545181           0.90052             0.710293            
0.462532            34048               1.34759             0.449272            0.413322            -0.543966           0.89832             0.709213            
0.46601             34304               1.38448             0.459051            0.425643            -0.556582           0.92157             0.727566            
0.469488            34560               1.35628             0.454006            0.417832            -0.549888           0.902889            0.714839            
0.472965            34816               1.34859             0.45441             0.415761            -0.549699           0.898141            0.712214            
0.476443            35072               1.36089             0.459404            0.419832            -0.555719           0.907324            0.718888            
0.479921            35328               1.44097             0.48284             0.444683            -0.585214           0.959226            0.759691            
0.483398            35584               1.43435             0.480195            0.443598            -0.582849           0.954373            0.755958            
0.486876            35840               1.39498             0.464691            0.432138            -0.565076           0.927004            0.734175            
0.490354            36096               1.40165             0.471328            0.433078            -0.571628           0.93105             0.740169            
0.493831            36352               1.40011             0.471999            0.432294            -0.572311           0.931195            0.739737            
0.497309            36608               1.44687             0.484068            0.445558            -0.587767           0.963336            0.762375            
0.500787            36864               1.47599             0.491408            0.453163            -0.596864           0.983672            0.776417            
0.504265            37120               1.45597             0.488262            0.444907            -0.591305           0.971308            0.767721            
0.507742            37376               1.4786              0.495895            0.450645            -0.600323           0.988499            0.779264            
0.51122             37632               1.50568             0.503357            0.457658            -0.609361           1.00674             0.792809            
0.514698            37888               1.46234             0.489735            0.443787            -0.592523           0.977555            0.770491            
0.518175            38144               1.47088             0.490756            0.446036            -0.594167           0.984115            0.773894            
0.521653            38400               1.48844             0.497606            0.450379            -0.60174            0.995839            0.783682            
0.525131            38656               1.43941             0.479977            0.435682            -0.580919           0.963265            0.757113            
0.528608            38912               1.39193             0.458813            0.422761            -0.557528           0.930262            0.729414            
0.532086            39168               1.37964             0.457768            0.417601            -0.554679           0.922799            0.724529            
0.535564            39424               1.34286             0.446756            0.406583            -0.541336           0.898388            0.705741            
0.539041            39680               1.35619             0.445381            0.410751            -0.541104           0.906872            0.709768            
0.542519            39936               1.38948             0.459098            0.419289            -0.556113           0.930391            0.728553            
0.545997            40192               1.36899             0.455               0.413577            -0.550812           0.917141            0.719046            
0.549474            40448               1.34008             0.444198            0.405144            -0.538039           0.896633            0.703484            
0.552952            40704               1.37016             0.454223            0.414536            -0.550156           0.917117            0.719245            
0.55643             40960               1.40177             0.46727             0.423512            -0.564876           0.93731             0.737471            
0.559907            41216               1.42507             0.473589            0.431738            -0.573524           0.952978            0.748873            
0.563385            41472               1.39589             0.465229            0.422336            -0.562342           0.933436            0.734306            
0.566863            41728               1.40825             0.464193            0.426747            -0.562558           0.940892            0.73826             
0.570341            41984               1.37333             0.456095            0.416129            -0.551786           0.917146            0.721837            
0.573818            42240               1.38197             0.462309            0.417733            -0.557839           0.92418             0.727961            
0.577296            42496               1.44127             0.486211            0.434249            -0.58516            0.966301            0.760891            
0.580774            42752               1.47384             0.493198            0.445671            -0.595406           0.98679             0.776197            
0.584251            43008               1.49304             0.498375            0.451575            -0.601833           0.997957            0.786167            
0.587729            43264               1.41641             0.479681            0.427591            -0.577142           0.948718            0.749005            
0.591207            43520               1.43032             0.485604            0.431888            -0.584203           0.958198            0.756952            
0.594684            43776               1.52405             0.511897            0.461682            -0.617949           1.01988             0.803803            
0.598162            44032               1.56856             0.526598            0.475874            -0.636086           1.04919             0.82723             
0.60164             44288               1.54823             0.523987            0.469981            -0.631968           1.03514             0.818752            
0.605117            44544               1.49373             0.50373             0.455438            -0.608884           0.998111            0.788864            
0.608595            44800               1.52636             0.51552             0.465631            -0.622877           1.01836             0.80682             
0.612073            45056               1.549               0.523584            0.473044            -0.632672           1.03428             0.818787            
0.61555             45312               1.48729             0.502089            0.455475            -0.607292           0.991381            0.78606             
0.619028            45568               1.4247              0.484727            0.436837            -0.585605           0.949794            0.754799            
0.622506            45824               1.41125             0.475848            0.433922            -0.576365           0.939443            0.745657            
0.625984            46080               1.35044             0.459985            0.415019            -0.555894           0.900368            0.715548            
0.629461            46336               1.36293             0.460794            0.4188              -0.557744           0.90894             0.720339            
0.632939            46592               1.34183             0.454407            0.412513            -0.549783           0.894248            0.709668            
0.636417            46848               1.3486              0.460577            0.414069            -0.556076           0.900353            0.714997            
0.639894            47104               1.28662             0.434794            0.39628             -0.5265             0.857616            0.679843            
0.643372            47360               1.3001              0.442039            0.399761            -0.534111           0.866588            0.688474            
0.64685             47616               1.30288             0.442857            0.40061             -0.535102           0.867387            0.690138            
0.650327            47872               1.35537             0.461049            0.416419            -0.556813           0.904043            0.717773            
0.653805            48128               1.40891             0.47576             0.433024            -0.575287           0.938704            0.744605            
0.657283            48384               1.42906             0.483666            0.438606            -0.584257           0.952898            0.75572             
0.66076             48640               1.48663             0.502008            0.456255            -0.606658           0.991421            0.785582            
0.664238            48896               1.51134             0.510339            0.463461            -0.616316           1.00693             0.798942            
0.667716            49152               1.52644             0.515117            0.468023            -0.622066           1.01763             0.806629            
0.671193            49408               1.55469             0.522221            0.477624            -0.631861           1.03519             0.820549            
0.674671            49664               1.51036             0.504978            0.464852            -0.611806           1.00475             0.796054            
0.678149            49920               1.52433             0.509493            0.468136            -0.616611           1.01408             0.803413            
0.681626            50176               1.50089             0.500879            0.461213            -0.606602           0.999112            0.790414            
0.685104            50432               1.49966             0.501484            0.460041            -0.606725           1.00002             0.789899            
0.688582            50688               1.52691             0.510318            0.467069            -0.616904           1.019               0.804116            
0.69206             50944               1.4596              0.490454            0.446846            -0.592528           0.974731            0.769883            
0.695537            51200               1.37377             0.458466            0.42038             -0.554257           0.91628             0.723265            
0.699015            51456               1.34414             0.444404            0.411521            -0.538471           0.896241            0.705605            
0.702493            51712               1.32152             0.438626            0.403652            -0.530549           0.880991            0.694831            
0.70597             51968               1.27225             0.428549            0.387423            -0.516318           0.850453            0.67181             
0.709448            52224               1.2842              0.430739            0.390632            -0.519403           0.859067            0.677157            
0.712926            52480               1.27844             0.425279            0.388242            -0.513103           0.854324            0.672527            
0.716403            52736               1.26221             0.425542            0.381888            -0.511554           0.84492             0.666797            
0.719881            52992               1.25566             0.425946            0.379393            -0.511356           0.842032            0.664445            
0.723359            53248               1.30954             0.437765            0.395377            -0.527058           0.876379            0.690059            
0.726836            53504               1.33548             0.445812            0.402888            -0.536971           0.894147            0.703354            
0.730314            53760               1.33212             0.446745            0.401756            -0.537512           0.891923            0.702692            
0.733792            54016               1.39264             0.467223            0.418796            -0.561785           0.93431             0.734479            
0.73727             54272               1.36819             0.458725            0.411251            -0.551711           0.915911            0.721913            
0.740747            54528               1.38185             0.463183            0.414772            -0.557065           0.926838            0.728718            
0.744225            54784               1.39028             0.465474            0.416491            -0.559703           0.932633            0.732964            
0.747703            55040               1.36914             0.459154            0.41028             -0.552025           0.91827             0.722229            
0.75118             55296               1.44752             0.486604            0.432699            -0.584102           0.971904            0.764057            
0.754658            55552               1.44717             0.488576            0.432103            -0.585788           0.972352            0.764894            
0.758136            55808               1.42962             0.483481            0.426644            -0.579454           0.961495            0.755778            
0.761613            56064               1.47794             0.495411            0.441085            -0.594849           0.993132            0.779223            
0.765091            56320               1.44323             0.484366            0.431465            -0.581934           0.969644            0.761213            
0.768569            56576               1.47641             0.497245            0.440621            -0.596615           0.9922              0.779575            
0.772046            56832               1.47007             0.495681            0.438672            -0.594605           0.987838            0.776563            
0.775524            57088               1.45618             0.489039            0.434942            -0.587289           0.977841            0.768367            
0.779002            57344               1.42707             0.477589            0.426037            -0.573916           0.958651            0.751998            
0.782479            57600               1.43744             0.485117            0.42811             -0.581579           0.966719            0.759395            
0.785957            57856               1.45817             0.494356            0.434012            -0.592113           0.981807            0.771283            
0.789435            58112               1.38056             0.462843            0.412323            -0.556285           0.927909            0.727745            
0.792912            58368               1.34705             0.451904            0.401723            -0.542877           0.90529             0.710316            
0.79639             58624               1.37843             0.462055            0.410227            -0.554764           0.926704            0.726722            
0.799868            58880               1.38677             0.467598            0.412598            -0.560884           0.933943            0.732159            
0.803346            59136               1.42559             0.47901             0.424607            -0.575166           0.958849            0.752048            
0.806823            59392               1.40914             0.474914            0.419298            -0.569793           0.948292            0.744115            
0.810301            59648               1.38505             0.466771            0.412698            -0.560383           0.931636            0.731411            
0.813779            59904               1.40774             0.471548            0.419873            -0.567054           0.946015            0.74215             
0.817256            60160               1.43899             0.483175            0.428531            -0.580469           0.96773             0.759081            
0.820734            60416               1.44157             0.485703            0.429228            -0.583159           0.970135            0.761179            
0.824212            60672               1.43521             0.477804            0.427643            -0.57505            0.964086            0.755233            
0.827689            60928               1.36968             0.461361            0.407039            -0.553502           0.92136             0.723343            
0.831167            61184               1.40064             0.471941            0.416359            -0.5662             0.942039            0.739793            
0.834645            61440               1.37674             0.464909            0.408996            -0.557422           0.925983            0.727703            
0.838122            61696               1.37717             0.460082            0.409931            -0.553298           0.925423            0.72543             
0.8416              61952               1.38261             0.467437            0.410612            -0.560432           0.930802            0.730832            
0.845078            62208               1.41308             0.476181            0.420371            -0.571653           0.949849            0.746401            
0.848555            62464               1.42811             0.482828            0.425281            -0.579639           0.960996            0.754813            
0.852033            62720               1.42921             0.484601            0.425765            -0.581569           0.961313            0.756217            
0.855511            62976               1.44463             0.489195            0.430742            -0.587537           0.971676            0.763986            
0.858989            63232               1.46336             0.493582            0.437043            -0.593588           0.983383            0.773011            
0.862466            63488               1.4557              0.492152            0.434978            -0.591786           0.977489            0.769696            
0.865944            63744               1.4957              0.504252            0.447084            -0.606764           1.00439             0.790137            
0.869422            64000               1.43429             0.483165            0.42827             -0.581169           0.963427            0.757435            
0.872899            64256               1.43594             0.485019            0.428381            -0.583026           0.964419            0.759029            
0.876377            64512               1.39698             0.477137            0.416837            -0.572577           0.939746            0.740815            
0.879855            64768               1.42623             0.484268            0.42538             -0.581546           0.959293            0.754882            
0.883332            65024               1.38654             0.471985            0.414503            -0.567018           0.932537            0.734413            
0.88681             65280               1.33445             0.453531            0.398721            -0.544937           0.896981            0.706579            
0.890288            65536               1.31886             0.4476              0.393928            -0.537896           0.88716             0.69782             
0.893765            65792               1.35735             0.460177            0.405869            -0.553325           0.912737            0.717979            
0.897243            66048               1.35351             0.460759            0.404358            -0.553238           0.910772            0.716861            
0.900721            66304               1.32295             0.4501              0.395152            -0.540348           0.889566            0.700634            
0.904198            66560               1.38092             0.468548            0.412097            -0.562431           0.929053            0.730617            
0.907676            66816               1.41269             0.480642            0.422132            -0.576855           0.950462            0.748084            
0.911154            67072               1.41194             0.47701             0.422445            -0.573408           0.948053            0.746313            
0.914631            67328               1.41019             0.477565            0.421964            -0.573805           0.947845            0.745762            
0.918109            67584               1.47462             0.496632            0.440742            -0.596898           0.990836            0.778529            
0.921587            67840               1.49146             0.503187            0.445839            -0.604543           1.0011              0.788137            
0.925065            68096               1.47989             0.500021            0.44302             -0.60103            0.994393            0.782059            
0.928542            68352               1.46508             0.491948            0.43867             -0.59195            0.983525            0.772838            
0.93202             68608               1.46033             0.49204             0.437497            -0.591934           0.98091             0.771032            
0.935498            68864               1.48925             0.504712            0.445418            -0.606141           1.00144             0.787622            
0.938975            69120               1.49046             0.504221            0.446237            -0.605871           1.00155             0.787978            
0.942453            69376               1.4435              0.488255            0.432745            -0.587056           0.968815            0.763312            
0.945931            69632               1.41436             0.476948            0.424026            -0.573761           0.949399            0.747054            
0.949408            69888               1.39128             0.471156            0.416908            -0.566162           0.933605            0.736062            
0.952886            70144               1.41636             0.481314            0.424162            -0.577915           0.95227             0.749717            
0.956364            70400               1.4147              0.482514            0.423405            -0.57882            0.950967            0.749825            
0.959841            70656               1.39423             0.47064             0.418136            -0.566086           0.936191            0.736607            
0.963319            70912               1.35328             0.457193            0.406199            -0.550039           0.907741            0.715369            
0.966797            71168               1.31896             0.446629            0.395244            -0.536687           0.884356            0.697854            
0.970275            71424               1.35424             0.461536            0.405276            -0.553686           0.909488            0.717829            
0.973752            71680               1.33654             0.457881            0.400917            -0.549362           0.899297            0.709171            
0.97723             71936               1.32674             0.448098            0.398723            -0.539448           0.890005            0.70114             
0.980708            72192               1.33571             0.444766            0.401954            -0.537079           0.895071            0.702726            
0.984185            72448               1.33477             0.45221             0.400872            -0.543806           0.89576             0.706073            
0.987663            72704               1.35487             0.459723            0.407253            -0.552958           0.910045            0.716869            
0.991141            72960               1.4                 0.470692            0.420643            -0.566894           0.939255            0.738714            
0.994618            73216               1.41271             0.477268            0.424288            -0.574232           0.94805             0.746575            
0.998096            73472               1.4135              0.47691             0.424651            -0.573946           0.948508            0.746705            
1.00157             73728               1.44148             0.488665            0.432444            -0.58735            0.967714            0.762673            
1.00505             73984               1.4726              0.497416            0.44183             -0.598368           0.98849             0.778218            
1.00853             74240               1.49934             0.506049            0.449926            -0.608916           1.00674             0.792054            
1.01201             74496               1.48228             0.501024            0.444748            -0.602775           0.995061            0.783502            
1.01548             74752               1.46405             0.493766            0.439418            -0.594521           0.982339            0.773392            
1.01896             75008               1.47687             0.500459            0.442673            -0.601886           0.991887            0.781251            
1.02244             75264               1.41774             0.475673            0.425955            -0.573801           0.950491            0.747718            
1.02592             75520               1.39245             0.468968            0.417432            -0.564851           0.933803            0.735312            
1.0294              75776               1.38596             0.466685            0.415151            -0.562073           0.930643            0.731553            
1.03287             76032               1.38552             0.467462            0.414574            -0.562513           0.930372            0.731826            
1.03635             76288               1.33643             0.456345            0.399477            -0.54786            0.898754            0.708438            
1.03983             76544               1.37853             0.466825            0.412577            -0.561606           0.926638            0.728721            
1.04331             76800               1.40009             0.475267            0.419942            -0.571985           0.940785            0.740689            
1.04678             77056               1.39835             0.47324             0.420135            -0.570088           0.938233            0.739292            
1.05026             77312               1.32501             0.453085            0.398122            -0.544751           0.889948            0.70268             
1.05374             77568               1.34278             0.456751            0.4045              -0.550047           0.901091            0.71087             
1.05722             77824               1.395               0.474617            0.419999            -0.571358           0.936298            0.73857             
1.06069             78080               1.47317             0.498074            0.4443              -0.600523           0.987778            0.778499            
1.06417             78336               1.46707             0.49943             0.442014            -0.601006           0.983145            0.777245            
1.06765             78592               1.4372              0.483508            0.433993            -0.583777           0.962621            0.758459            
1.07113             78848               1.43603             0.485911            0.433363            -0.585934           0.961125            0.759532            
1.07461             79104               1.48984             0.504393            0.448962            -0.607678           0.998124            0.788015            
1.07808             79360               1.47527             0.503774            0.444218            -0.60576            0.989638            0.782281            
1.08156             79616               1.48794             0.507709            0.448445            -0.610931           0.998175            0.788724            
1.08504             79872               1.50089             0.506927            0.452795            -0.611258           1.00524             0.793224            
1.08852             80128               1.4926              0.507974            0.450108            -0.611515           1.00131             0.790461            
1.09199             80384               1.46076             0.495352            0.440403            -0.596423           0.979128            0.772852            
1.09547             80640               1.43303             0.48593             0.432898            -0.585554           0.960161            0.758114            
1.09895             80896               1.43564             0.484867            0.433595            -0.584589           0.961169            0.758662            
1.10243             81152               1.37671             0.468933            0.416006            -0.564462           0.922288            0.729397            
1.1059              81408               1.37289             0.465119            0.41485             -0.560452           0.919047            0.726163            
1.10938             81664               1.35248             0.461377            0.408589            -0.555207           0.905617            0.716945            
1.11286             81920               1.40221             0.476636            0.424239            -0.574233           0.938577            0.742516            
1.11634             82176               1.35451             0.465063            0.41004             -0.559356           0.906441            0.719708            
1.11981             82432               1.3289              0.451559            0.402472            -0.544267           0.8876              0.704022            
1.12329             82688               1.37245             0.468118            0.414543            -0.563328           0.917774            0.727844            
1.12677             82944               1.42846             0.487357            0.431176            -0.586283           0.955408            0.75762             
1.13025             83200               1.42908             0.488382            0.431443            -0.587341           0.956005            0.758326            
1.13373             83456               1.42738             0.486945            0.431661            -0.586173           0.954714            0.756928            
1.1372              83712               1.36888             0.466255            0.414911            -0.56198            0.913483            0.725886            
1.14068             83968               1.41169             0.48225             0.427801            -0.580934           0.943341            0.749064            
1.14416             84224               1.45594             0.498873            0.440766            -0.600273           0.973347            0.773286            
1.14764             84480               1.43423             0.487824            0.435242            -0.588345           0.958194            0.759861            
1.15111             84736               1.41044             0.482374            0.428365            -0.581258           0.941807            0.748746            
1.15459             84992               1.47002             0.502177            0.445742            -0.604814           0.981922            0.780124            
1.15807             85248               1.44695             0.494335            0.438906            -0.595527           0.966064            0.767969            
1.16155             85504               1.47485             0.502327            0.446732            -0.605073           0.985403            0.781885            
1.16502             85760               1.46403             0.498654            0.443385            -0.600487           0.97775             0.776268            
1.1685              86016               1.48024             0.503045            0.448677            -0.606274           0.988098            0.784331            
1.17198             86272               1.50238             0.510328            0.455284            -0.615011           1.00382             0.795789            
1.17546             86528               1.49351             0.512143            0.452798            -0.616129           0.998262            0.79348             
1.17894             86784               1.53606             0.520161            0.465912            -0.62725            1.0258              0.812882            
1.18241             87040               1.50902             0.51824             0.457145            -0.622906           1.00876             0.802212            
1.18589             87296               1.51288             0.517258            0.458501            -0.622256           1.01084             0.803167            
1.18937             87552               1.50613             0.516517            0.455961            -0.620701           1.00746             0.800199            
1.19285             87808               1.45998             0.499234            0.442741            -0.600758           0.975158            0.775217            
1.19632             88064               1.37724             0.471706            0.417436            -0.567389           0.920284            0.731588            
1.1998              88320               1.38688             0.474728            0.419688            -0.570969           0.928201            0.736268            
1.20328             88576               1.45812             0.501121            0.43981             -0.601785           0.978543            0.774636            
1.20676             88832               1.46761             0.50078             0.442839            -0.602449           0.983891            0.778096            
1.21023             89088               1.40967             0.481712            0.425201            -0.579234           0.944196            0.74798             
1.21371             89344               1.38821             0.477444            0.418048            -0.573168           0.931               0.737997            
1.21719             89600               1.37298             0.473671            0.413789            -0.568583           0.92026             0.730698            
1.22067             89856               1.45195             0.497359            0.437708            -0.597731           0.97381             0.770667            
1.22415             90112               1.43864             0.49669             0.433404            -0.595748           0.965606            0.765492            
1.22762             90368               1.353               0.470724            0.408622            -0.564184           0.907831            0.721687            
1.2311              90624               1.35778             0.472767            0.410187            -0.566475           0.910121            0.724613            
1.23458             90880               1.40015             0.481771            0.424661            -0.579386           0.937134            0.744403            
1.23806             91136               1.39746             0.483404            0.422988            -0.580153           0.935108            0.744428            
1.24153             91392               1.35667             0.473144            0.410973            -0.567354           0.909461            0.724278            
1.24501             91648               1.32633             0.459066            0.403663            -0.552489           0.888879            0.706084            
1.24849             91904               1.40256             0.481964            0.426026            -0.580498           0.93898             0.745258            
1.25197             92160               1.41493             0.487712            0.428154            -0.586166           0.948163            0.752619            
1.25544             92416               1.37279             0.470283            0.41604             -0.566226           0.919065            0.728856            
1.25892             92672               1.36488             0.467068            0.413085            -0.562303           0.914053            0.72437             
1.2624              92928               1.36871             0.467223            0.414161            -0.562959           0.916561            0.725806            
1.26588             93184               1.42736             0.488199            0.430923            -0.587623           0.956697            0.757278            
1.26936             93440               1.4223              0.484674            0.430333            -0.584313           0.954097            0.753369            
1.27283             93696               1.4827              0.501217            0.448304            -0.60502            0.993573            0.783518            
1.27631             93952               1.45869             0.495094            0.440988            -0.597292           0.977805            0.771789            
1.27979             94208               1.44973             0.491754            0.437629            -0.592755           0.971334            0.767063            
1.28327             94464               1.47094             0.49689             0.444231            -0.599623           0.985087            0.777269            
1.28674             94720               1.47147             0.496917            0.443696            -0.599422           0.986619            0.777234            
1.29022             94976               1.48424             0.502959            0.447091            -0.60608            0.99619             0.784717            
1.2937              95232               1.46624             0.498513            0.441385            -0.600162           0.983349            0.776255            
1.29718             95488               1.42778             0.482745            0.430052            -0.581874           0.957428            0.754436            
1.30065             95744               1.44789             0.48935             0.435993            -0.589812           0.971218            0.764901            
1.30413             96000               1.46085             0.496177            0.438735            -0.596835           0.980878            0.772957            
1.30761             96256               1.47185             0.501204            0.441552            -0.602351           0.98912             0.779255            
1.31109             96512               1.48751             0.505083            0.445697            -0.606827           0.998646            0.787085            
1.31457             96768               1.45833             0.499032            0.436222            -0.598355           0.979475            0.773622            
1.31804             97024               1.47741             0.503555            0.441738            -0.60432            0.992868            0.782537            
1.32152             97280               1.49683             0.506585            0.447618            -0.608782           1.00599             0.790884            
1.325               97536               1.49306             0.5049              0.446113            -0.606728           1.00317             0.788765            
1.32848             97792               1.44008             0.485799            0.430402            -0.584144           0.967178            0.760171            
1.33195             98048               1.42093             0.474788            0.425073            -0.572277           0.953               0.747892            
1.33543             98304               1.48576             0.495635            0.444212            -0.597438           0.996675            0.781592            
1.33891             98560               1.47093             0.494774            0.439767            -0.59564            0.987901            0.775622            
1.34239             98816               1.46702             0.490824            0.438864            -0.591411           0.984391            0.772343            
1.34586             99072               1.48812             0.49647             0.445359            -0.598581           0.998894            0.782668            
1.34934             99328               1.51381             0.50837             0.452582            -0.611895           1.01654             0.797857            
1.35282             99584               1.48394             0.498302            0.444932            -0.600278           0.996252            0.782065            
1.3563              99840               1.42978             0.479563            0.43005             -0.578395           0.95913             0.753231            
1.35978             100096              1.50006             0.502783            0.451487            -0.606403           1.00537             0.790328            
1.36325             100352              1.47326             0.493714            0.444625            -0.595889           0.987064            0.776184            
1.36673             100608              1.41908             0.479877            0.429069            -0.57834            0.950205            0.749909            
1.37021             100864              1.45842             0.489267            0.441911            -0.59088            0.975609            0.768823            
1.37369             101120              1.49114             0.501238            0.452554            -0.605349           0.997306            0.786542            
1.37716             101376              1.48814             0.50211             0.452647            -0.606574           0.995606            0.785767            
1.38064             101632              1.49652             0.50431             0.456009            -0.609756           1.0003              0.790018            
1.38412             101888              1.5199              0.512112            0.462195            -0.618597           1.01583             0.80249             
1.3876              102144              1.47662             0.499656            0.449388            -0.603296           0.986396            0.780873            
1.39107             102400              1.42725             0.481283            0.434711            -0.581708           0.952733            0.754026            
1.39455             102656              1.42318             0.481225            0.432664            -0.580995           0.950195            0.752627            
1.39803             102912              1.36997             0.466871            0.416095            -0.562489           0.914254            0.726588            
1.40151             103168              1.3066              0.445809            0.396944            -0.537182           0.872157            0.693135            
1.40499             103424              1.29709             0.439898            0.394475            -0.531039           0.865216            0.686735            
1.40846             103680              1.31409             0.447874            0.398931            -0.53989            0.878215            0.696576            
1.41194             103936              1.29819             0.441673            0.394232            -0.532791           0.867075            0.687806            
1.41542             104192              1.28842             0.440202            0.39127             -0.530671           0.860772            0.683456            
1.4189              104448              1.29373             0.440301            0.393511            -0.531682           0.863036            0.685594            
1.42237             104704              1.2985              0.44177             0.394758            -0.533302           0.867133            0.687825            
1.42585             104960              1.28501             0.439634            0.390451            -0.529849           0.858023            0.681958            
1.42933             105216              1.32082             0.445453            0.402108            -0.538834           0.882279            0.697428            
1.43281             105472              1.33287             0.455106            0.404948            -0.548917           0.890366            0.706795            
1.43628             105728              1.36819             0.462978            0.415354            -0.559198           0.915137            0.723118            
1.43976             105984              1.36253             0.459759            0.413213            -0.555456           0.911551            0.719513            
1.44324             106240              1.33036             0.447093            0.402718            -0.539862           0.888129            0.702121            
1.44672             106496              1.3295              0.448995            0.40173             -0.541485           0.889566            0.702473            
1.4502              106752              1.37088             0.455915            0.414076            -0.551283           0.916789            0.720848            
1.45367             107008              1.34713             0.45153             0.405433            -0.544359           0.902266            0.710069            
1.45715             107264              1.33143             0.449635            0.399549            -0.540878           0.89342             0.703323            
1.46063             107520              1.35122             0.452902            0.405153            -0.545655           0.906784            0.712077            
1.46411             107776              1.32491             0.441092            0.396989            -0.532128           0.888305            0.69694             
1.46758             108032              1.32228             0.445069            0.394102            -0.534904           0.88903             0.697752            
1.47106             108288              1.3583              0.460431            0.403885            -0.552485           0.914652            0.71823             
1.47454             108544              1.46125             0.492187            0.433809            -0.590931           0.984152            0.771132            
1.47802             108800              1.50862             0.508289            0.447212            -0.610005           1.01532             0.796524            
1.48149             109056              1.50431             0.507219            0.444928            -0.608464           1.01339             0.794412            
1.48497             109312              1.54361             0.522225            0.45647             -0.626078           1.03944             0.816231            
1.48845             109568              1.55069             0.523502            0.458467            -0.62763            1.04383             0.819529            
1.49193             109824              1.51002             0.512856            0.446434            -0.614057           1.01692             0.799537            
1.49541             110080              1.51916             0.514751            0.449667            -0.616584           1.02282             0.803767            
1.49888             110336              1.50534             0.506793            0.446276            -0.607871           1.01223             0.79493             
1.50236             110592              1.42382             0.481275            0.422272            -0.576626           0.957557            0.752807            
1.50584             110848              1.40201             0.474683            0.415434            -0.568072           0.942988            0.741664            
1.50932             111104              1.3541              0.459755            0.401687            -0.55021            0.911556            0.716741            
1.51279             111360              1.3069              0.441411            0.388416            -0.529156           0.878533            0.690778            
1.51627             111616              1.25404             0.421815            0.372271            -0.505877           0.842988            0.661925            
1.51975             111872              1.2346              0.417245            0.366132            -0.499992           0.831631            0.652311            
1.52323             112128              1.25999             0.429238            0.372968            -0.513244           0.849368            0.667446            
1.5267              112384              1.2674              0.430336            0.375503            -0.515094           0.854492            0.67059             
1.53018             112640              1.30244             0.441689            0.385889            -0.528787           0.87806             0.688856            
1.53366             112896              1.35102             0.456529            0.40062             -0.547183           0.91033             0.713763            
1.53714             113152              1.44428             0.491428            0.428241            -0.58814            0.97345             0.764784            
1.54062             113408              1.45348             0.493649            0.431698            -0.59129            0.978182            0.769524            
1.54409             113664              1.41916             0.477697            0.422568            -0.573682           0.953865            0.749326            
1.54757             113920              1.42337             0.476888            0.42418             -0.573497           0.956057            0.750477            
1.55105             114176              1.43616             0.48366             0.427014            -0.580574           0.965993            0.758319            
1.55453             114432              1.45388             0.486897            0.4326              -0.585167           0.976435            0.766603            
1.558               114688              1.46053             0.491028            0.434552            -0.589697           0.982429            0.770697            
1.56148             114944              1.47227             0.494862            0.438454            -0.594728           0.990645            0.776721            
1.56496             115200              1.43782             0.483642            0.428477            -0.581134           0.967407            0.758718            
1.56844             115456              1.43216             0.480058            0.426685            -0.577165           0.962682            0.755062            
1.57191             115712              1.50357             0.50271             0.447857            -0.604545           1.01246             0.791617            
1.57539             115968              1.43633             0.482478            0.428274            -0.579952           0.966038            0.757593            
1.57887             116224              1.3961              0.470596            0.416567            -0.56534            0.938738            0.737301            
1.58235             116480              1.38961             0.469225            0.414735            -0.563404           0.934879            0.734133            
1.58582             116736              1.38667             0.464804            0.414594            -0.559142           0.931875            0.730953            
1.5893              116992              1.3612              0.455976            0.407937            -0.54899            0.914636            0.717217            
1.59278             117248              1.41262             0.475768            0.422595            -0.57168            0.949786            0.745569            
1.59626             117504              1.41121             0.47433             0.423382            -0.570652           0.947766            0.744482            
1.59974             117760              1.36355             0.45426             0.409295            -0.547325           0.91387             0.717655            
1.60321             118016              1.324               0.442701            0.396797            -0.53265            0.887278            0.697704            
1.60669             118272              1.38445             0.467642            0.414022            -0.5611             0.930295            0.731525            
1.61017             118528              1.41418             0.471513            0.423123            -0.567196           0.948654            0.74433             
1.61365             118784              1.36656             0.459527            0.408396            -0.551603           0.918325            0.720973            
1.61712             119040              1.30625             0.440351            0.390164            -0.528337           0.877952            0.689679            
1.6206              119296              1.29465             0.434214            0.386533            -0.521421           0.86986             0.682546            
1.62408             119552              1.3179              0.442502            0.392935            -0.530798           0.885696            0.695042            
1.62756             119808              1.33367             0.451143            0.396745            -0.539904           0.897128            0.705041            
1.63103             120064              1.28852             0.43583             0.384004            -0.521954           0.866974            0.681025            
1.63451             120320              1.31872             0.446803            0.392511            -0.534501           0.887311            0.697457            
1.63799             120576              1.34317             0.45561             0.399687            -0.544907           0.904271            0.710588            
1.64147             120832              1.38263             0.469815            0.411582            -0.561824           0.930514            0.731976            
1.64495             121088              1.41655             0.483116            0.421265            -0.577144           0.954783            0.750593            
1.64842             121344              1.49091             0.508749            0.443085            -0.60746            1.00403             0.790456            
1.6519              121600              1.56543             0.532529            0.465686            -0.636688           1.05482             0.828979            
1.65538             121856              1.57901             0.532828            0.46967             -0.637775           1.06145             0.834519            
1.65886             122112              1.60906             0.544464            0.478105            -0.65125            1.08332             0.850899            
1.66233             122368              1.58059             0.533743            0.469703            -0.638788           1.06321             0.835531            
1.66581             122624              1.61496             0.542294            0.479459            -0.649587           1.08681             0.85209             
1.66929             122880              1.53361             0.521632            0.454618            -0.62318            1.033               0.81255             
1.67277             123136              1.54211             0.520798            0.456277            -0.622702           1.03912             0.815093            
1.67624             123392              1.52749             0.519628            0.451001            -0.620282           1.03051             0.809137            
1.67972             123648              1.53217             0.523356            0.451857            -0.624328           1.03539             0.812402            
1.6832              123904              1.48232             0.503821            0.437356            -0.601914           1.0009              0.784867            
1.68668             124160              1.3945              0.475953            0.41034             -0.567745           0.942051            0.739421            
1.69016             124416              1.36375             0.464029            0.401122            -0.554065           0.922099            0.722226            
1.69363             124672              1.36499             0.465199            0.4019              -0.555565           0.923819            0.722961            
1.69711             124928              1.41302             0.481922            0.416281            -0.575626           0.955782            0.748707            
1.70059             125184              1.42757             0.483925            0.421576            -0.579163           0.965892            0.754685            
1.70407             125440              1.41099             0.475921            0.417738            -0.570697           0.953433            0.744792            
1.70754             125696              1.43747             0.487114            0.426965            -0.584164           0.969153            0.760342            
1.71102             125952              1.49619             0.507814            0.444365            -0.608663           1.00959             0.791563            
1.7145              126208              1.47594             0.498241            0.4401              -0.598499           0.99428             0.779675            
1.71798             126464              1.4502              0.491331            0.432766            -0.589784           0.976397            0.767049            
1.72145             126720              1.50396             0.505682            0.449025            -0.607735           1.01161             0.793701            
1.72493             126976              1.46545             0.491483            0.438956            -0.591536           0.985033            0.772748            
1.72841             127232              1.43442             0.483911            0.42947             -0.581648           0.964559            0.757772            
1.73189             127488              1.46482             0.496281            0.438912            -0.595994           0.984909            0.774939            
1.73537             127744              1.48395             0.500846            0.445701            -0.602243           0.996862            0.784198            
1.73884             128000              1.47936             0.501852            0.444358            -0.602718           0.992646            0.783378            
1.74232             128256              1.47532             0.499659            0.443631            -0.600309           0.990434            0.780623            
1.7458              128512              1.50282             0.50951             0.452309            -0.612234           1.00767             0.795698            
1.74928             128768              1.50204             0.510384            0.45236             -0.61307            1.00773             0.7957              
1.75275             129024              1.50168             0.511985            0.452592            -0.614792           1.00699             0.796489            
1.75623             129280              1.54144             0.522458            0.46455             -0.62814            1.03294             0.816116            
1.75971             129536              1.5302              0.517432            0.462057            -0.622811           1.0246              0.80962             
1.76319             129792              1.45068             0.492875            0.438013            -0.592673           0.972185            0.768543            
1.76666             130048              1.45962             0.494984            0.440848            -0.595625           0.977245            0.772974            
1.77014             130304              1.49155             0.507141            0.449593            -0.609455           1.00013             0.790261            
1.77362             130560              1.46747             0.503839            0.441526            -0.604049           0.985913            0.779705            
1.7771              130816              1.42475             0.483505            0.430308            -0.581958           0.955125            0.754358            
1.78058             131072              1.43179             0.487158            0.431832            -0.585663           0.960126            0.758731            
1.78405             131328              1.47026             0.501371            0.443151            -0.602493           0.98675             0.779581            
1.78753             131584              1.4605              0.496772            0.44095             -0.597742           0.979789            0.773743            
1.79101             131840              1.45139             0.489661            0.437443            -0.589652           0.972903            0.767068            
1.79449             132096              1.45514             0.490093            0.438854            -0.59075            0.975183            0.768616            
1.79796             132352              1.46963             0.497235            0.443034            -0.598749           0.984772            0.777513            
1.80144             132608              1.45154             0.495272            0.436661            -0.595049           0.974035            0.769868            
1.80492             132864              1.45642             0.492605            0.437917            -0.592817           0.977353            0.770195            
1.8084              133120              1.4494              0.493471            0.434747            -0.592696           0.97285             0.768227            
1.81187             133376              1.43232             0.488236            0.429743            -0.586451           0.961987            0.759298            
1.81535             133632              1.38666             0.468986            0.41726             -0.564868           0.929653            0.733431            
1.81883             133888              1.41633             0.480153            0.424719            -0.577246           0.950176            0.749715            
1.82231             134144              1.43634             0.489017            0.431111            -0.587706           0.964751            0.761085            
1.82579             134400              1.41419             0.485199            0.424418            -0.582196           0.950241            0.751226            
1.82926             134656              1.42474             0.484314            0.427694            -0.582139           0.956095            0.754803            
1.83274             134912              1.41311             0.481882            0.424998            -0.579171           0.948044            0.749481            
1.83622             135168              1.40238             0.477347            0.422007            -0.573954           0.940355            0.743409            
1.8397              135424              1.40741             0.481163            0.423959            -0.578335           0.944474            0.746986            
1.84317             135680              1.40833             0.478616            0.424572            -0.575952           0.944379            0.746104            
1.84665             135936              1.39295             0.475935            0.41992             -0.572152           0.934579            0.739132            
1.85013             136192              1.46045             0.496211            0.440837            -0.597381           0.979764            0.773499            
1.85361             136448              1.447               0.494303            0.437626            -0.594803           0.970813            0.767595            
1.85708             136704              1.45263             0.492405            0.440197            -0.593719           0.972665            0.768942            
1.86056             136960              1.40449             0.474793            0.425997            -0.572868           0.940482            0.742692            
1.86404             137216              1.44394             0.488937            0.438781            -0.590262           0.966766            0.763877            
1.86752             137472              1.48946             0.502364            0.452732            -0.606945           0.996742            0.786999            
1.871               137728              1.44868             0.491337            0.440222            -0.592844           0.970468            0.766618            
1.87447             137984              1.4286              0.480905            0.434347            -0.581047           0.956264            0.754254            
1.87795             138240              1.43151             0.479483            0.435758            -0.580228           0.958528            0.7544              
1.88143             138496              1.44995             0.486241            0.440899            -0.587786           0.970659            0.764509            
1.88491             138752              1.38718             0.468571            0.422451            -0.566029           0.929997            0.732724            
1.88838             139008              1.41425             0.475661            0.429894            -0.574493           0.947514            0.74619             
1.89186             139264              1.41984             0.477155            0.431738            -0.576434           0.950998            0.74898             
1.89534             139520              1.46171             0.489176            0.443657            -0.591085           0.979331            0.770006            
1.89882             139776              1.4297              0.480986            0.432752            -0.580134           0.959628            0.754192            
1.90229             140032              1.44256             0.482754            0.435646            -0.582604           0.967801            0.759883            
1.90577             140288              1.48287             0.493682            0.446452            -0.59615            0.995859            0.779782            
1.90925             140544              1.49168             0.498735            0.447246            -0.60117            1.00355             0.7854              
1.91273             140800              1.5283              0.511379            0.456494            -0.615872           1.02936             0.804882            
1.91621             141056              1.50884             0.504171            0.449726            -0.607254           1.0164              0.794454            
1.91968             141312              1.50445             0.505155            0.446756            -0.60742            1.01446             0.79345             
1.92316             141568              1.48825             0.49773             0.440819            -0.598772           1.00397             0.78392             
1.92664             141824              1.45979             0.490765            0.432249            -0.589948           0.984833            0.77027             
1.93012             142080              1.45496             0.491839            0.430382            -0.590591           0.981473            0.769175            
1.93359             142336              1.42608             0.481572            0.42257             -0.57887            0.960538            0.753838            
1.93707             142592              1.44784             0.488121            0.429708            -0.587129           0.974052            0.765006            
1.94055             142848              1.44379             0.490806            0.429645            -0.58996            0.971403            0.764662            
1.94403             143104              1.43027             0.488188            0.426336            -0.58656            0.960111            0.758886            
1.9475              143360              1.4345              0.490867            0.428413            -0.589755           0.962462            0.761705            
1.95098             143616              1.42711             0.489161            0.426583            -0.587625           0.956964            0.758251            
1.95446             143872              1.39411             0.481281            0.41625             -0.577308           0.93509             0.742469            
1.95794             144128              1.38649             0.478715            0.414337            -0.574529           0.928774            0.738724            
1.96142             144384              1.43536             0.492272            0.428783            -0.591406           0.961326            0.763133            
1.96489             144640              1.38599             0.481626            0.41301             -0.576558           0.930167            0.73986             
1.96837             144896              1.39653             0.484276            0.416587            -0.580077           0.937613            0.744909            
1.97185             145152              1.41989             0.490108            0.42362             -0.587322           0.952638            0.75645             
1.97533             145408              1.41438             0.489673            0.42172             -0.586096           0.947916            0.754692            
1.9788              145664              1.37911             0.478601            0.411115            -0.572689           0.925932            0.736193            
1.98228             145920              1.3624              0.478837            0.404851            -0.571097           0.9157              0.730398            
1.98576             146176              1.36897             0.480153            0.406487            -0.572994           0.92039             0.733446            
1.98924             146432              1.40029             0.490937            0.414182            -0.585173           0.941845            0.750219            
1.99271             146688              1.31965             0.465273            0.389783            -0.554183           0.88893             0.708157            
1.99619             146944              1.34631             0.472973            0.396616            -0.563411           0.907132            0.721582            
1.99967             147200              1.46428             0.511297            0.430432            -0.609106           0.987608            0.78298             
