#Time               nTime               force-x             force-y             force-z             moment-x            moment-y            moment-z            
0                   0                   2.86085e-05         3.58847e-05         -2.31514e-06        -2.69522e-05        2.81177e-05         4.76892e-05         
0.00347769          256                 -0.0159566          0.00836361          0.00883259          -0.0118455          -0.0239417          -0.00899358         
0.00695537          512                 3.95799             2.85956             -0.185942           -2.22146            3.99399             5.30172             
0.0104331           768                 2.83682             3.51006             -0.49243            -2.26254            2.77362             4.71892             
0.0139107           1024                -0.383163           0.230284            0.0233813           -0.0660658          -0.482307           -0.195081           
0.0173884           1280                -1.81446            -1.51932            0.11175             1.18161             -1.80087            -2.56368            
0.0208661           1536                -1.98232            -1.15116            0.287934            0.709278            -2.17558            -2.48288            
0.0243438           1792                0.270474            0.139257            0.0461283           -0.200411           0.268901            0.323257            
0.0278215           2048                -0.0382922          -0.131108           0.0584427           0.0578309           -0.0713939          -0.114456           
0.0312992           2304                -0.28184            -0.264997           0.0352277           0.103615            -0.252653           -0.422827           
0.0347769           2560                -0.58009            -0.953526           0.121083            0.643786            -0.60098            -1.10852            
0.0382545           2816                -0.625633           -0.903886           0.0566981           0.664966            -0.596412           -1.11979            
0.0417322           3072                -0.306346           -0.414862           0.0589686           0.284364            -0.317506           -0.531061           
0.0452099           3328                -0.258621           -0.351076           0.0634431           0.228066            -0.279083           -0.448865           
0.0486876           3584                -0.269794           -0.325483           0.0512266           0.208166            -0.278221           -0.443985           
0.0521653           3840                -0.319776           -0.411684           0.0586036           0.287528            -0.335007           -0.540561           
0.055643            4096                -0.244649           -0.291047           0.053342            0.193689            -0.264992           -0.398768           
0.0591207           4352                -0.201837           -0.228981           0.0443948           0.150044            -0.218615           -0.322252           
0.0625984           4608                -0.204354           -0.232256           0.0409593           0.153168            -0.217205           -0.326633           
0.066076            4864                -0.241718           -0.255348           0.0395055           0.172739            -0.252174           -0.374356           
0.0695537           5120                -0.245904           -0.248065           0.0418132           0.165615            -0.259256           -0.373438           
0.0730314           5376                -0.219342           -0.202102           0.036392            0.1291              -0.229859           -0.321573           
0.0765091           5632                -0.242999           -0.238046           0.038789            0.156988            -0.253011           -0.364815           
0.0799868           5888                -0.263638           -0.268189           0.0358017           0.181134            -0.268588           -0.402027           
0.0834645           6144                -0.289649           -0.302798           0.0383438           0.208243            -0.29473            -0.446509           
0.0869422           6400                -0.291229           -0.292923           0.0378216           0.195184            -0.294272           -0.442249           
0.0904198           6656                -0.30799            -0.324796           0.039261            0.219783            -0.309972           -0.476935           
0.0938975           6912                -0.331898           -0.370744           0.0416186           0.256724            -0.333326           -0.526532           
0.0973752           7168                -0.328811           -0.369978           0.0377427           0.256212            -0.326861           -0.523469           
0.100853            7424                -0.34698            -0.393208           0.0447234           0.274959            -0.350889           -0.553655           
0.104331            7680                -0.350919           -0.39055            0.0446005           0.27191             -0.354818           -0.555593           
0.107808            7936                -0.351889           -0.393216           0.0427021           0.27729             -0.355047           -0.557943           
0.111286            8192                -0.350683           -0.399312           0.0458512           0.281548            -0.35617            -0.560508           
0.114764            8448                -0.361809           -0.441833           0.0436938           0.319499            -0.364013           -0.596539           
0.118241            8704                -0.352331           -0.412339           0.043347            0.291621            -0.355195           -0.570184           
0.121719            8960                -0.34334            -0.392122           0.0350917           0.281481            -0.342078           -0.549832           
0.125197            9216                -0.332001           -0.359362           0.0337643           0.257325            -0.332012           -0.519456           
0.128674            9472                -0.318629           -0.333161           0.0321419           0.236113            -0.319273           -0.491426           
0.132152            9728                -0.338645           -0.371008           0.0347163           0.267312            -0.340769           -0.532409           
0.13563             9984                -0.329572           -0.379942           0.026531            0.275187            -0.321708           -0.530438           
0.139107            10240               -0.301218           -0.334312           0.0326107           0.232134            -0.300277           -0.476902           
0.142585            10496               -0.300696           -0.329539           0.0365511           0.222927            -0.302646           -0.473517           
0.146063            10752               -0.335933           -0.392816           0.0359154           0.279133            -0.335106           -0.543806           
0.149541            11008               -0.329412           -0.389214           0.033748            0.275913            -0.32738            -0.535784           
0.153018            11264               -0.328116           -0.361432           0.0337853           0.255602            -0.327646           -0.517407           
0.156496            11520               -0.323476           -0.355872           0.0312061           0.255608            -0.322874           -0.509691           
0.159974            11776               -0.355558           -0.42329            0.0411872           0.30585             -0.357892           -0.579684           
0.163451            12032               -0.31913            -0.355065           0.0346578           0.250522            -0.31995            -0.505398           
0.166929            12288               -0.303244           -0.345523           0.0331554           0.2443              -0.304174           -0.485278           
0.170407            12544               -0.308696           -0.350667           0.0327976           0.246824            -0.307649           -0.493474           
0.173884            12800               -0.298441           -0.343032           0.0311618           0.247289            -0.300629           -0.479219           
0.177362            13056               -0.319062           -0.384703           0.0363302           0.27453             -0.318919           -0.523468           
0.18084             13312               -0.30946            -0.368269           0.0345278           0.263493            -0.310344           -0.504708           
0.184317            13568               -0.318639           -0.379503           0.0308772           0.278142            -0.317397           -0.519671           
0.187795            13824               -0.286412           -0.327162           0.0264553           0.236023            -0.283759           -0.458814           
0.191273            14080               -0.283715           -0.326776           0.0248092           0.23605             -0.279034           -0.456208           
0.19475             14336               -0.305724           -0.359609           0.030539            0.260655            -0.304506           -0.495921           
0.198228            14592               -0.25124            -0.272502           0.030692            0.187217            -0.253981           -0.393692           
0.201706            14848               -0.272801           -0.31102            0.0258818           0.223175            -0.270512           -0.436602           
0.205183            15104               -0.295314           -0.364033           0.0276381           0.267451            -0.292138           -0.489189           
0.208661            15360               -0.271691           -0.297965           0.0324867           0.211043            -0.276038           -0.427334           
0.212139            15616               -0.272849           -0.301138           0.0237356           0.215628            -0.268942           -0.430593           
0.215617            15872               -0.291062           -0.326321           0.0241671           0.238994            -0.287644           -0.462195           
0.219094            16128               -0.295707           -0.367678           0.0269798           0.272057            -0.292439           -0.49166            
0.222572            16384               -0.273562           -0.329949           0.0274582           0.236967            -0.271268           -0.448838           
0.22605             16640               -0.290865           -0.361724           0.019856            0.272744            -0.2833             -0.483693           
0.229527            16896               -0.275227           -0.326282           0.0252254           0.236911            -0.27204            -0.448061           
0.233005            17152               -0.252274           -0.283047           0.0226054           0.198354            -0.248201           -0.401278           
0.236483            17408               -0.279667           -0.338964           0.0257622           0.247938            -0.276452           -0.459707           
0.23996             17664               -0.261271           -0.297617           0.0285324           0.210904            -0.261916           -0.4178             
0.243438            17920               -0.286054           -0.335152           0.0247255           0.245703            -0.281791           -0.463078           
0.246916            18176               -0.288888           -0.335065           0.0256466           0.246786            -0.287003           -0.465364           
0.250393            18432               -0.298472           -0.357661           0.0301243           0.263519            -0.298395           -0.487735           
0.253871            18688               -0.3135             -0.39683            0.0315659           0.293023            -0.310762           -0.525402           
0.257349            18944               -0.244572           -0.295114           0.0252294           0.209088            -0.242254           -0.401563           
0.260826            19200               -0.274012           -0.316064           0.019951            0.234123            -0.268845           -0.440528           
0.264304            19456               -0.279562           -0.344816           0.023645            0.255192            -0.274756           -0.463166           
0.267782            19712               -0.30286            -0.367945           0.0247875           0.27194             -0.296791           -0.498337           
0.27126             19968               -0.275781           -0.326154           0.0187384           0.242768            -0.268442           -0.448369           
0.274737            20224               -0.273612           -0.31041            0.0247651           0.224003            -0.270827           -0.436824           
0.278215            20480               -0.29675            -0.371996           0.0295367           0.27118             -0.292779           -0.495334           
0.281693            20736               -0.304137           -0.382637           0.0211758           0.289372            -0.295994           -0.508267           
0.28517             20992               -0.290748           -0.341717           0.0262911           0.2534              -0.288575           -0.471002           
0.288648            21248               -0.310098           -0.369386           0.0227295           0.278216            -0.303651           -0.505435           
0.292126            21504               -0.303815           -0.358074           0.0294206           0.263204            -0.302384           -0.492905           
0.295603            21760               -0.274515           -0.316409           0.0271948           0.226876            -0.2724             -0.441319           
0.299081            22016               -0.308419           -0.370213           0.02288             0.2793              -0.301817           -0.504504           
0.302559            22272               -0.283574           -0.326461           0.026769            0.238287            -0.282048           -0.455429           
0.306036            22528               -0.274627           -0.33029            0.0238234           0.243625            -0.270753           -0.449836           
0.309514            22784               -0.328018           -0.398678           0.0345498           0.29385             -0.329225           -0.539491           
0.312992            23040               -0.330887           -0.405282           0.0342239           0.297989            -0.329919           -0.546233           
0.316469            23296               -0.328779           -0.412399           0.0332282           0.3042              -0.326589           -0.54878            
0.319947            23552               -0.323451           -0.417158           0.0262367           0.312886            -0.316839           -0.547003           
0.323425            23808               -0.328394           -0.411679           0.0246503           0.309057            -0.321044           -0.548104           
0.326903            24064               -0.318781           -0.386367           0.0297307           0.283389            -0.315593           -0.523964           
0.33038             24320               -0.31946            -0.387827           0.0312064           0.279096            -0.314647           -0.525811           
0.333858            24576               -0.331858           -0.403492           0.0277987           0.303591            -0.328394           -0.545919           
0.337336            24832               -0.301779           -0.365868           0.0283772           0.267456            -0.298557           -0.496172           
0.340813            25088               -0.319363           -0.392933           0.0326001           0.288093            -0.316847           -0.528485           
0.344291            25344               -0.325848           -0.4228             0.0304619           0.314021            -0.320979           -0.552708           
0.347769            25600               -0.307405           -0.366091           0.033957            0.265276            -0.307955           -0.501245           
0.351246            25856               -0.32934            -0.422803           0.0295332           0.316042            -0.322921           -0.555706           
0.354724            26112               -0.322713           -0.412275           0.0370517           0.304469            -0.323936           -0.543022           
0.358202            26368               -0.283379           -0.339716           0.0249924           0.249109            -0.278188           -0.463612           
0.361679            26624               -0.278967           -0.32256            0.0231881           0.238663            -0.27423            -0.449              
0.365157            26880               -0.291807           -0.348603           0.0175064           0.267184            -0.283138           -0.476284           
0.368635            27136               -0.295246           -0.372386           0.0241954           0.281022            -0.289177           -0.493971           
0.372112            27392               -0.275885           -0.325645           0.0198555           0.243508            -0.268947           -0.448059           
0.37559             27648               -0.269249           -0.325155           0.0201672           0.244539            -0.263212           -0.44165            
0.379068            27904               -0.258164           -0.315125           0.0200738           0.23509             -0.252114           -0.425633           
0.382546            28160               -0.256885           -0.32102            0.024727            0.237651            -0.254456           -0.427999           
0.386023            28416               -0.274472           -0.343694           0.0245203           0.256454            -0.270202           -0.457754           
0.389501            28672               -0.267982           -0.322869           0.0236391           0.237858            -0.263886           -0.439208           
0.392979            28928               -0.246034           -0.285849           0.0251337           0.206536            -0.244731           -0.396791           
0.396456            29184               -0.264108           -0.31218            0.0261505           0.226059            -0.262153           -0.429246           
0.399934            29440               -0.274986           -0.3269             0.0233404           0.238157            -0.269933           -0.448191           
0.403412            29696               -0.327359           -0.404747           0.03419             0.299819            -0.327028           -0.542573           
0.406889            29952               -0.302887           -0.375227           0.0289419           0.274597            -0.298786           -0.502818           
0.410367            30208               -0.287702           -0.349456           0.0286457           0.252531            -0.284534           -0.473486           
0.413845            30464               -0.287833           -0.34069            0.036803            0.242103            -0.29192            -0.467991           
0.417322            30720               -0.301533           -0.356875           0.0259238           0.260062            -0.296041           -0.490483           
0.4208              30976               -0.323451           -0.387693           0.0291916           0.285686            -0.31942            -0.528862           
0.424278            31232               -0.306371           -0.370865           0.0341271           0.268692            -0.305985           -0.503264           
0.427755            31488               -0.312257           -0.372596           0.0293181           0.276188            -0.308952           -0.509407           
0.431233            31744               -0.304217           -0.364622           0.025983            0.270441            -0.298873           -0.497394           
0.434711            32000               -0.313381           -0.40045            0.0265699           0.298774            -0.305827           -0.527718           
0.438188            32256               -0.311909           -0.380176           0.0196051           0.288362            -0.301092           -0.513939           
0.441666            32512               -0.317676           -0.400996           0.0256441           0.305786            -0.312515           -0.531446           
0.445144            32768               -0.293217           -0.356523           0.0270345           0.263856            -0.28888            -0.482503           
0.448622            33024               -0.312854           -0.375185           0.0273228           0.278447            -0.307921           -0.511713           
0.452099            33280               -0.321097           -0.426107           0.0171836           0.326368            -0.305917           -0.550485           
0.455577            33536               -0.282804           -0.356362           0.026664            0.26351             -0.278928           -0.473164           
0.459055            33792               -0.290674           -0.346751           0.0208449           0.262733            -0.284433           -0.474124           
0.462532            34048               -0.308203           -0.381026           0.0229748           0.288625            -0.300352           -0.510947           
0.46601             34304               -0.303801           -0.391824           0.030692            0.29018             -0.299736           -0.513681           
0.469488            34560               -0.306078           -0.392195           0.0260311           0.295172            -0.29901            -0.515943           
0.472965            34816               -0.302286           -0.363412           0.0258074           0.272172            -0.297175           -0.494805           
0.476443            35072               -0.304651           -0.353439           0.0267567           0.264918            -0.30222            -0.490688           
0.479921            35328               -0.314441           -0.372944           0.031558            0.274636            -0.313091           -0.511705           
0.483398            35584               -0.318297           -0.389694           0.0356457           0.285887            -0.318544           -0.525446           
0.486876            35840               -0.31416            -0.417811           0.0301431           0.311117            -0.308205           -0.539199           
0.490354            36096               -0.298293           -0.382539           0.0319046           0.282044            -0.295894           -0.503178           
0.493831            36352               -0.279266           -0.344999           0.0248315           0.253577            -0.273694           -0.463284           
0.497309            36608               -0.317788           -0.398025           0.0322719           0.294369            -0.315355           -0.530103           
0.500787            36864               -0.334025           -0.41921            0.0347908           0.310296            -0.3323             -0.557638           
0.504265            37120               -0.324577           -0.419476           0.0229113           0.318274            -0.313624           -0.549461           
0.507742            37376               -0.323558           -0.381484           0.0287411           0.285807            -0.321016           -0.525006           
0.51122             37632               -0.313483           -0.371428           0.0251909           0.276228            -0.30735            -0.510073           
0.514698            37888               -0.304738           -0.387646           0.0367947           0.280942            -0.305              -0.512104           
0.518175            38144               -0.308396           -0.380243           0.0262841           0.283192            -0.303182           -0.510929           
0.521653            38400               -0.322383           -0.398736           0.0260187           0.297501            -0.315015           -0.534854           
0.525131            38656               -0.322334           -0.384573           0.03561             0.284226            -0.324847           -0.52561            
0.528608            38912               -0.323002           -0.456888           0.0264677           0.345056            -0.311962           -0.571131           
0.532086            39168               -0.284963           -0.342319           0.0263901           0.253217            -0.282947           -0.466471           
0.535564            39424               -0.288108           -0.352884           0.0311793           0.261161            -0.289506           -0.475445           
0.539041            39680               -0.322313           -0.420434           0.0260711           0.320234            -0.315478           -0.5477             
0.542519            39936               -0.337505           -0.44469            0.0272165           0.341867            -0.332394           -0.576143           
0.545997            40192               -0.278885           -0.345978           0.0310518           0.250685            -0.278243           -0.463403           
0.549474            40448               -0.263889           -0.324546           0.0239529           0.238239            -0.259475           -0.436794           
0.552952            40704               -0.282036           -0.330158           0.0220434           0.246363            -0.276605           -0.456352           
0.55643             40960               -0.29275            -0.368814           0.0276219           0.273662            -0.288328           -0.489721           
0.559907            41216               -0.313547           -0.394246           0.0296457           0.293503            -0.309413           -0.523915           
0.563385            41472               -0.308563           -0.378692           0.0234765           0.287029            -0.302029           -0.509808           
0.566863            41728               -0.320604           -0.397639           0.025262            0.302032            -0.314757           -0.532172           
0.570341            41984               -0.309343           -0.404861           0.0354398           0.298197            -0.308537           -0.52662            
0.573818            42240               -0.294067           -0.363908           0.0261827           0.273456            -0.290851           -0.487636           
0.577296            42496               -0.351447           -0.436324           0.0275199           0.335383            -0.346393           -0.583294           
0.580774            42752               -0.330608           -0.424411           0.0313584           0.314735            -0.324881           -0.557939           
0.584251            43008               -0.321734           -0.422727           0.0273769           0.318743            -0.314363           -0.548785           
0.587729            43264               -0.299223           -0.362021           0.0328196           0.266235            -0.299852           -0.491135           
0.591207            43520               -0.293311           -0.344207           0.0304631           0.252529            -0.293752           -0.474913           
0.594684            43776               -0.332135           -0.415473           0.0333593           0.307039            -0.330774           -0.553729           
0.598162            44032               -0.359179           -0.461114           0.0307841           0.349765            -0.354376           -0.605804           
0.60164             44288               -0.337356           -0.416308           0.0375167           0.306535            -0.337366           -0.558802           
0.605117            44544               -0.326249           -0.408083           0.0301157           0.303341            -0.321651           -0.543922           
0.608595            44800               -0.325547           -0.427845           0.0341814           0.316422            -0.321741           -0.555373           
0.612073            45056               -0.327986           -0.398254           0.0335684           0.29292             -0.326311           -0.539435           
0.61555             45312               -0.325851           -0.423634           0.0291941           0.318895            -0.320543           -0.552996           
0.619028            45568               -0.333834           -0.438382           0.0292592           0.334026            -0.327209           -0.569039           
0.622506            45824               -0.295578           -0.358522           0.0249954           0.268597            -0.29029            -0.485815           
0.625984            46080               -0.272809           -0.32122            0.0239208           0.23927             -0.268887           -0.442451           
0.629461            46336               -0.301582           -0.374614           0.0258093           0.282495            -0.296534           -0.50096            
0.632939            46592               -0.301693           -0.387278           0.0261981           0.292707            -0.295502           -0.508913           
0.636417            46848               -0.292908           -0.355771           0.0194235           0.272941            -0.285317           -0.481588           
0.639894            47104               -0.295973           -0.372253           0.0241722           0.282842            -0.28982            -0.494473           
0.643372            47360               -0.269627           -0.340382           0.0267126           0.252399            -0.267197           -0.451411           
0.64685             47616               -0.279216           -0.346251           0.0260582           0.258355            -0.274943           -0.463607           
0.650327            47872               -0.277189           -0.325192           0.0314102           0.236069            -0.278373           -0.448841           
0.653805            48128               -0.317649           -0.388345           0.0309896           0.291278            -0.31587            -0.523726           
0.657283            48384               -0.339688           -0.436452           0.0271801           0.331442            -0.332787           -0.573201           
0.66076             48640               -0.31869            -0.391269           0.0298885           0.292838            -0.317063           -0.526543           
0.664238            48896               -0.331989           -0.441802           0.0298491           0.330474            -0.324269           -0.56977            
0.667716            49152               -0.323712           -0.393849           0.0300585           0.291521            -0.318793           -0.532908           
0.671193            49408               -0.318616           -0.385945           0.0327061           0.285347            -0.317462           -0.523322           
0.674671            49664               -0.326125           -0.432764           0.0347795           0.323014            -0.323817           -0.558745           
0.678149            49920               -0.324361           -0.435502           0.0313412           0.325791            -0.318862           -0.559013           
0.681626            50176               -0.333206           -0.44136            0.031542            0.333028            -0.328234           -0.57034            
0.685104            50432               -0.324461           -0.421454           0.0291873           0.319029            -0.320867           -0.550234           
0.688582            50688               -0.336289           -0.430785           0.0313328           0.325686            -0.33284            -0.566536           
0.69206             50944               -0.305167           -0.377329           0.0269042           0.281202            -0.300384           -0.506048           
0.695537            51200               -0.289597           -0.352935           0.0281432           0.263905            -0.287886           -0.476853           
0.699015            51456               -0.308688           -0.416745           0.0343871           0.311411            -0.307205           -0.533204           
0.702493            51712               -0.288555           -0.38075            0.030281            0.28431             -0.28565            -0.493109           
0.70597             51968               -0.303074           -0.392238           0.0253716           0.298894            -0.296328           -0.513052           
0.709448            52224               -0.279238           -0.33186            0.028437            0.248845            -0.280159           -0.454467           
0.712926            52480               -0.329371           -0.426738           0.0278925           0.330263            -0.32469            -0.557501           
0.716403            52736               -0.271603           -0.345871           0.0243773           0.261154            -0.266881           -0.456399           
0.719881            52992               -0.275172           -0.34905            0.0211336           0.265331            -0.269531           -0.461596           
0.723359            53248               -0.276538           -0.355881           0.0302612           0.262648            -0.275279           -0.467175           
0.726836            53504               -0.308203           -0.406148           0.0356695           0.301035            -0.306509           -0.526316           
0.730314            53760               -0.293195           -0.361994           0.0279209           0.273198            -0.291206           -0.485649           
0.733792            54016               -0.325207           -0.410911           0.032598            0.308315            -0.323133           -0.544439           
0.73727             54272               -0.273782           -0.343695           0.0360216           0.247538            -0.275653           -0.457289           
0.740747            54528               -0.302491           -0.39315            0.0374442           0.290491            -0.305927           -0.513094           
0.744225            54784               -0.296605           -0.370305           0.0304674           0.274976            -0.29495            -0.493977           
0.747703            55040               -0.29243            -0.383052           0.0386766           0.278153            -0.294521           -0.49807            
0.75118             55296               -0.339262           -0.445603           0.0337695           0.337201            -0.336208           -0.578253           
0.754658            55552               -0.295268           -0.361498           0.025855            0.268837            -0.289366           -0.48764            
0.758136            55808               -0.321919           -0.415431           0.0315646           0.311955            -0.31847            -0.544361           
0.761613            56064               -0.314545           -0.38163            0.0390394           0.277363            -0.318737           -0.516994           
0.765091            56320               -0.306074           -0.386778           0.0328211           0.286614            -0.304858           -0.512608           
0.768569            56576               -0.334723           -0.447804           0.0317679           0.338819            -0.33088            -0.575675           
0.772046            56832               -0.327349           -0.437535           0.039065            0.322833            -0.327808           -0.562754           
0.775524            57088               -0.331182           -0.444089           0.0354008           0.332084            -0.32901            -0.570147           
0.779002            57344               -0.330703           -0.439007           0.0328077           0.330079            -0.327354           -0.566596           
0.782479            57600               -0.298119           -0.378831           0.0302905           0.281942            -0.296519           -0.500408           
0.785957            57856               -0.294944           -0.34893            0.0277127           0.258901            -0.292802           -0.479238           
0.789435            58112               -0.290811           -0.367468           0.0295769           0.270946            -0.288038           -0.487145           
0.792912            58368               -0.300701           -0.390313           0.0293884           0.2926              -0.297417           -0.509833           
0.79639             58624               -0.319621           -0.388357           0.0386685           0.287632            -0.323887           -0.525231           
0.799868            58880               -0.322947           -0.395722           0.0355647           0.29475             -0.323994           -0.532902           
0.803346            59136               -0.320934           -0.404459           0.0333185           0.299722            -0.318112           -0.536653           
0.806823            59392               -0.295485           -0.352684           0.0289437           0.259859            -0.292055           -0.48222            
0.810301            59648               -0.286565           -0.333061           0.0314829           0.243586            -0.287031           -0.462024           
0.813779            59904               -0.301621           -0.376628           0.0294656           0.277005            -0.296569           -0.502552           
0.817256            60160               -0.346855           -0.442459           0.0272768           0.336663            -0.338149           -0.583214           
0.820734            60416               -0.326915           -0.396068           0.030599            0.298677            -0.324849           -0.53669            
0.824212            60672               -0.32638            -0.415339           0.037115            0.308213            -0.327105           -0.548094           
0.827689            60928               -0.311445           -0.395912           0.0291178           0.299369            -0.307057           -0.522784           
0.831167            61184               -0.314502           -0.381143           0.0265423           0.288599            -0.309915           -0.516483           
0.834645            61440               -0.313284           -0.401653           0.0314492           0.302216            -0.311151           -0.527885           
0.838122            61696               -0.327873           -0.440584           0.0270736           0.336873            -0.320883           -0.564898           
0.8416              61952               -0.29306            -0.371661           0.0288714           0.277713            -0.290198           -0.491464           
0.845078            62208               -0.31418            -0.419853           0.0236131           0.320121            -0.304583           -0.54016            
0.848555            62464               -0.318782           -0.398772           0.0328537           0.298425            -0.318393           -0.531048           
0.852033            62720               -0.328398           -0.423449           0.0309577           0.319701            -0.324991           -0.554931           
0.855511            62976               -0.317021           -0.391274           0.0322674           0.29139             -0.315888           -0.5249             
0.858989            63232               -0.322693           -0.416985           0.0246819           0.316647            -0.313126           -0.545992           
0.862466            63488               -0.329568           -0.432089           0.0314523           0.327027            -0.324748           -0.561191           
0.865944            63744               -0.317878           -0.40136            0.0284038           0.299163            -0.311202           -0.532236           
0.869422            64000               -0.320044           -0.401773           0.0292015           0.303325            -0.316274           -0.534073           
0.872899            64256               -0.326599           -0.407125           0.0341349           0.302919            -0.325165           -0.543283           
0.876377            64512               -0.307674           -0.397265           0.030691            0.298518            -0.304449           -0.520172           
0.879855            64768               -0.353238           -0.475261           0.0190751           0.371858            -0.339245           -0.608994           
0.883332            65024               -0.314389           -0.38558            0.0393739           0.283227            -0.318909           -0.518894           
0.88681             65280               -0.312997           -0.405487           0.0287014           0.305601            -0.307381           -0.530261           
0.890288            65536               -0.290955           -0.338821           0.0348075           0.248938            -0.296107           -0.469272           
0.893765            65792               -0.336674           -0.44639            0.0304252           0.340074            -0.331081           -0.576336           
0.897243            66048               -0.289972           -0.361655           0.0299773           0.267801            -0.290335           -0.482625           
0.900721            66304               -0.306362           -0.410401           0.030285            0.307078            -0.302145           -0.527249           
0.904198            66560               -0.303277           -0.354844           0.0351193           0.259701            -0.306868           -0.490153           
0.907676            66816               -0.286867           -0.322602           0.0300748           0.235547            -0.288253           -0.455768           
0.911154            67072               -0.30922            -0.406011           0.0299095           0.301127            -0.303758           -0.527302           
0.914631            67328               -0.333527           -0.427197           0.0289965           0.323709            -0.328051           -0.561769           
0.918109            67584               -0.329039           -0.411488           0.034468            0.303947            -0.327881           -0.548226           
0.921587            67840               -0.319737           -0.413621           0.0278324           0.309586            -0.312629           -0.54139            
0.925065            68096               -0.326922           -0.412174           0.0320313           0.305678            -0.324006           -0.546888           
0.928542            68352               -0.327099           -0.399794           0.0327773           0.298303            -0.326265           -0.539251           
0.93202             68608               -0.338941           -0.420223           0.0317437           0.313007            -0.334753           -0.562517           
0.935498            68864               -0.326838           -0.40547            0.0331043           0.299493            -0.324862           -0.542588           
0.938975            69120               -0.342158           -0.422697           0.0303783           0.317696            -0.338341           -0.566716           
0.942453            69376               -0.325983           -0.42309            0.0330953           0.314348            -0.322934           -0.552577           
0.945931            69632               -0.307415           -0.385581           0.0344248           0.278175            -0.305386           -0.513161           
0.949408            69888               -0.322172           -0.403709           0.0291916           0.303885            -0.31866            -0.53706            
0.952886            70144               -0.297413           -0.339981           0.0330395           0.247563            -0.299467           -0.475816           
0.956364            70400               -0.3256             -0.408134           0.0292553           0.304411            -0.320485           -0.543107           
0.959841            70656               -0.316532           -0.378553           0.0378051           0.276292            -0.320092           -0.516602           
0.963319            70912               -0.280582           -0.337995           0.0331988           0.242941            -0.281502           -0.459721           
0.966797            71168               -0.301416           -0.421204           0.0286654           0.315644            -0.295541           -0.529476           
0.970275            71424               -0.314573           -0.395341           0.0300502           0.297266            -0.312767           -0.525042           
0.973752            71680               -0.297044           -0.338968           0.0306766           0.249252            -0.298074           -0.47473            
0.97723             71936               -0.3017             -0.380201           0.0298293           0.28124             -0.297907           -0.504489           
0.980708            72192               -0.334283           -0.436731           0.034786            0.328695            -0.332653           -0.568106           
0.984185            72448               -0.313054           -0.378638           0.0311061           0.28502             -0.312479           -0.513364           
0.987663            72704               -0.291876           -0.330778           0.0274761           0.243758            -0.29025            -0.465256           
0.991141            72960               -0.334187           -0.411178           0.0276937           0.313295            -0.329748           -0.552348           
0.994618            73216               -0.318124           -0.399611           0.0295349           0.296574            -0.313417           -0.531259           
0.998096            73472               -0.306              -0.376782           0.0256441           0.28085             -0.299423           -0.506385           
1.00157             73728               -0.298853           -0.364645           0.0244287           0.271417            -0.292342           -0.492512           
1.00505             73984               -0.320788           -0.388065           0.0285058           0.288302            -0.31622            -0.526504           
1.00853             74240               -0.356769           -0.447402           0.0300165           0.339479            -0.350917           -0.594921           
1.01201             74496               -0.325912           -0.399378           0.0272566           0.301206            -0.32216            -0.537845           
1.01548             74752               -0.344875           -0.430791           0.031013            0.323351            -0.339243           -0.574204           
1.01896             75008               -0.292125           -0.34484            0.0269196           0.252718            -0.288419           -0.474378           
1.02244             75264               -0.336943           -0.43628            0.0265499           0.330666            -0.326435           -0.570622           
1.02592             75520               -0.320132           -0.410019           0.022946            0.312947            -0.309501           -0.539443           
1.0294              75776               -0.325151           -0.402982           0.0275733           0.308538            -0.321332           -0.539214           
1.03287             76032               -0.317952           -0.374371           0.0315299           0.27844             -0.317722           -0.515287           
1.03635             76288               -0.287532           -0.340152           0.0210656           0.254066            -0.280397           -0.46744            
1.03983             76544               -0.324849           -0.401085           0.0301649           0.297496            -0.321718           -0.538232           
1.04331             76800               -0.315418           -0.384243           0.0332072           0.28025             -0.313441           -0.519515           
1.04678             77056               -0.31842            -0.406685           0.0310417           0.298069            -0.312512           -0.53608            
1.05026             77312               -0.252562           -0.268053           0.0206338           0.195156            -0.250414           -0.391764           
1.05374             77568               -0.299759           -0.347172           0.0321507           0.253388            -0.301337           -0.48247            
1.05722             77824               -0.322867           -0.397865           0.0326539           0.293148            -0.32089            -0.534449           
1.06069             78080               -0.328278           -0.424277           0.0367227           0.308436            -0.326263           -0.555766           
1.06417             78336               -0.312991           -0.376911           0.0257647           0.278585            -0.306279           -0.512877           
1.06765             78592               -0.324021           -0.393929           0.0396087           0.287506            -0.328211           -0.532836           
1.07113             78848               -0.336083           -0.447144           0.0337109           0.334394            -0.332047           -0.576509           
1.07461             79104               -0.353953           -0.442815           0.0303662           0.33361             -0.348342           -0.589812           
1.07808             79360               -0.318049           -0.368447           0.0281539           0.271849            -0.314596           -0.512125           
1.08156             79616               -0.301189           -0.35448            0.0309027           0.255081            -0.299324           -0.488622           
1.08504             79872               -0.357291           -0.469039           0.0331943           0.348834            -0.350022           -0.609227           
1.08852             80128               -0.323917           -0.383444           0.0335712           0.280511            -0.323763           -0.526634           
1.09199             80384               -0.321562           -0.371989           0.0314945           0.271869            -0.320162           -0.517465           
1.09547             80640               -0.331787           -0.402271           0.0329033           0.29703             -0.330145           -0.545113           
1.09895             80896               -0.331814           -0.410491           0.0324278           0.304676            -0.329158           -0.550147           
1.10243             81152               -0.292417           -0.335141           0.0326337           0.242656            -0.293952           -0.46853            
1.1059              81408               -0.330204           -0.394571           0.028229            0.29573             -0.325658           -0.538888           
1.10938             81664               -0.303237           -0.363806           0.0402532           0.262253            -0.309123           -0.495744           
1.11286             81920               -0.331994           -0.415489           0.0222397           0.317569            -0.322537           -0.553316           
1.11634             82176               -0.306545           -0.368874           0.0185524           0.279494            -0.295447           -0.502137           
1.11981             82432               -0.305484           -0.365733           0.0259105           0.278139            -0.302751           -0.498764           
1.12329             82688               -0.321447           -0.41071            0.0320852           0.303831            -0.317827           -0.541013           
1.12677             82944               -0.335526           -0.423889           0.0217982           0.325836            -0.325501           -0.561667           
1.13025             83200               -0.321182           -0.390247           0.0186162           0.299016            -0.310231           -0.528298           
1.13373             83456               -0.31223            -0.373749           0.0276135           0.278691            -0.308927           -0.510032           
1.1372              83712               -0.313828           -0.399685           0.0269171           0.300548            -0.307705           -0.527408           
1.14068             83968               -0.304755           -0.370968           0.0239109           0.277947            -0.298266           -0.501734           
1.14416             84224               -0.315023           -0.376194           0.026599            0.279934            -0.309328           -0.514142           
1.14764             84480               -0.337515           -0.402082           0.024141            0.306076            -0.330899           -0.549971           
1.15111             84736               -0.328491           -0.404287           0.0311403           0.301827            -0.325198           -0.543322           
1.15459             84992               -0.329934           -0.406567           0.030665            0.303523            -0.327236           -0.545961           
1.15807             85248               -0.317884           -0.388852           0.0294138           0.287049            -0.312807           -0.524525           
1.16155             85504               -0.324369           -0.37076            0.0289015           0.272993            -0.320134           -0.519232           
1.16502             85760               -0.334823           -0.401912           0.0314307           0.301303            -0.333247           -0.547415           
1.1685              86016               -0.352112           -0.458836           0.0298306           0.346919            -0.345208           -0.597947           
1.17198             86272               -0.345918           -0.424314           0.0353568           0.315227            -0.345159           -0.571106           
1.17546             86528               -0.314846           -0.388179           0.0306344           0.285282            -0.311187           -0.521348           
1.17894             86784               -0.347924           -0.416905           0.0393496           0.303822            -0.349547           -0.568434           
1.18241             87040               -0.307357           -0.383468           0.030202            0.280995            -0.303475           -0.511781           
1.18589             87296               -0.339963           -0.427089           0.0304618           0.318216            -0.333762           -0.567677           
1.18937             87552               -0.328486           -0.381536           0.034932            0.277841            -0.328166           -0.529371           
1.19285             87808               -0.326781           -0.391382           0.03588             0.287472            -0.327539           -0.533708           
1.19632             88064               -0.286927           -0.34662            0.0272882           0.252743            -0.282219           -0.470861           
1.1998              88320               -0.327593           -0.407696           0.0313685           0.306497            -0.32574            -0.544323           
1.20328             88576               -0.327364           -0.378375           0.0291517           0.281311            -0.324768           -0.526356           
1.20676             88832               -0.352576           -0.458663           0.0317407           0.343189            -0.34622            -0.598394           
1.21023             89088               -0.313924           -0.405498           0.0348253           0.297099            -0.312116           -0.531079           
1.21371             89344               -0.283578           -0.342389           0.0259043           0.251537            -0.280064           -0.465188           
1.21719             89600               -0.305812           -0.380332           0.0266425           0.284245            -0.301126           -0.508306           
1.22067             89856               -0.339453           -0.420877           0.0329383           0.315399            -0.337667           -0.563124           
1.22415             90112               -0.336119           -0.393014           0.0340744           0.292534            -0.336554           -0.542985           
1.22762             90368               -0.278708           -0.307671           0.0186736           0.229417            -0.272172           -0.439498           
1.2311              90624               -0.291515           -0.366344           0.0203436           0.275776            -0.282435           -0.487065           
1.23458             90880               -0.332031           -0.445818           0.0286241           0.335156            -0.323669           -0.572165           
1.23806             91136               -0.304564           -0.381748           0.0308041           0.281295            -0.301735           -0.508175           
1.24153             91392               -0.291265           -0.344624           0.0275105           0.252694            -0.288282           -0.473495           
1.24501             91648               -0.2965             -0.363356           0.0295347           0.272168            -0.296502           -0.489231           
1.24849             91904               -0.327601           -0.414522           0.0285855           0.31187             -0.322373           -0.548782           
1.25197             92160               -0.30821            -0.387661           0.0291757           0.287258            -0.3041             -0.515099           
1.25544             92416               -0.289804           -0.362069           0.030311            0.266092            -0.288902           -0.482783           
1.25892             92672               -0.30654            -0.381298           0.0287449           0.284087            -0.302961           -0.509526           
1.2624              92928               -0.300318           -0.369633           0.0276423           0.27796             -0.298772           -0.49666            
1.26588             93184               -0.285827           -0.352427           0.0314907           0.254975            -0.284998           -0.473498           
1.26936             93440               -0.315613           -0.398509           0.0324368           0.294312            -0.313352           -0.528396           
1.27283             93696               -0.330997           -0.399161           0.0385228           0.293208            -0.334426           -0.542417           
1.27631             93952               -0.310251           -0.385482           0.0242116           0.289438            -0.302702           -0.515662           
1.27979             94208               -0.307069           -0.363973           0.0295931           0.269402            -0.305255           -0.499396           
1.28327             94464               -0.325937           -0.420626           0.0311449           0.311827            -0.318773           -0.551344           
1.28674             94720               -0.340237           -0.432448           0.0280678           0.326434            -0.332285           -0.571268           
1.29022             94976               -0.336097           -0.399284           0.0294317           0.298926            -0.331831           -0.547062           
1.2937              95232               -0.335801           -0.422031           0.0291476           0.318937            -0.329994           -0.560722           
1.29718             95488               -0.326557           -0.421634           0.0251318           0.317013            -0.316159           -0.552488           
1.30065             95744               -0.317927           -0.379552           0.0252767           0.284994            -0.312306           -0.518685           
1.30413             96000               -0.312433           -0.361334           0.0261708           0.265283            -0.306505           -0.50283            
1.30761             96256               -0.322403           -0.397532           0.0234145           0.297161            -0.31315            -0.534116           
1.31109             96512               -0.348508           -0.437477           0.0291613           0.327187            -0.342222           -0.581857           
1.31457             96768               -0.333969           -0.412031           0.0434562           0.294165            -0.336403           -0.553133           
1.31804             97024               -0.310444           -0.363908           0.0344443           0.265352            -0.314253           -0.502257           
1.32152             97280               -0.34712            -0.420088           0.0403666           0.306879            -0.350596           -0.569686           
1.325               97536               -0.357129           -0.442678           0.0402069           0.324361            -0.35862            -0.592582           
1.32848             97792               -0.302307           -0.353419           0.0432313           0.246265            -0.308946           -0.488815           
1.33195             98048               -0.332953           -0.433919           0.0354483           0.321203            -0.332001           -0.565553           
1.33543             98304               -0.325726           -0.407302           0.0408758           0.295254            -0.330147           -0.542683           
1.33891             98560               -0.323861           -0.394226           0.0383295           0.286828            -0.326223           -0.532965           
1.34239             98816               -0.318764           -0.38714            0.0372994           0.280803            -0.321023           -0.524128           
1.34586             99072               -0.32817            -0.403742           0.0381517           0.291118            -0.328131           -0.54299            
1.34934             99328               -0.327514           -0.404313           0.035244            0.294225            -0.325988           -0.54272            
1.35282             99584               -0.324591           -0.37221            0.0328042           0.270668            -0.323004           -0.520249           
1.3563              99840               -0.315167           -0.39326            0.0214322           0.291807            -0.303063           -0.525071           
1.35978             100096              -0.344735           -0.429814           0.0289847           0.319572            -0.337183           -0.573776           
1.36325             100352              -0.353327           -0.440079           0.036908            0.328075            -0.353107           -0.58729            
1.36673             100608              -0.307083           -0.378979           0.026061            0.281681            -0.301401           -0.508645           
1.37021             100864              -0.336733           -0.408078           0.0371735           0.301491            -0.338516           -0.552843           
1.37369             101120              -0.350929           -0.43372            0.0379084           0.320224            -0.351086           -0.581493           
1.37716             101376              -0.341114           -0.434981           0.0342548           0.320305            -0.337909           -0.573718           
1.38064             101632              -0.329201           -0.40585            0.0326478           0.299369            -0.327156           -0.544949           
1.38412             101888              -0.337791           -0.401921           0.0321446           0.294533            -0.335039           -0.550348           
1.3876              102144              -0.341551           -0.420849           0.0351781           0.308913            -0.340385           -0.565202           
1.39107             102400              -0.307011           -0.362649           0.0376404           0.259462            -0.310671           -0.498477           
1.39455             102656              -0.326404           -0.419099           0.0316167           0.308379            -0.321566           -0.550603           
1.39803             102912              -0.299728           -0.364641           0.0357808           0.263447            -0.301593           -0.493104           
1.40151             103168              -0.309224           -0.390139           0.0322729           0.290011            -0.308361           -0.517034           
1.40499             103424              -0.318668           -0.403414           0.028329            0.306296            -0.315807           -0.533553           
1.40846             103680              -0.307991           -0.377431           0.0323093           0.279484            -0.308126           -0.508233           
1.41194             103936              -0.271999           -0.343757           0.0207913           0.252398            -0.262969           -0.456029           
1.41542             104192              -0.275848           -0.31493            0.0262406           0.230602            -0.274536           -0.441177           
1.4189              104448              -0.306927           -0.385966           0.0260637           0.290575            -0.301688           -0.51255            
1.42237             104704              -0.269491           -0.341715           0.0194955           0.2524              -0.261912           -0.452286           
1.42585             104960              -0.266639           -0.306116           0.0290765           0.22134             -0.268603           -0.427491           
1.42933             105216              -0.300281           -0.355081           0.024963            0.262574            -0.296199           -0.487872           
1.43281             105472              -0.289125           -0.34846            0.0374429           0.252118            -0.294613           -0.473594           
1.43628             105728              -0.315975           -0.396781           0.0310725           0.29162             -0.313318           -0.527629           
1.43976             105984              -0.313223           -0.376349           0.0302739           0.274929            -0.30997            -0.51262            
1.44324             106240              -0.285289           -0.347358           0.0391059           0.244422            -0.28949            -0.469833           
1.44672             106496              -0.291643           -0.373764           0.0359974           0.27061             -0.293367           -0.491619           
1.4502              106752              -0.320792           -0.39222            0.0358956           0.288601            -0.322492           -0.52884            
1.45367             107008              -0.321506           -0.402028           0.0357937           0.298108            -0.322233           -0.535448           
1.45715             107264              -0.267739           -0.313971           0.0373521           0.221025            -0.273492           -0.433474           
1.46063             107520              -0.284488           -0.343709           0.029348            0.247899            -0.281786           -0.467113           
1.46411             107776              -0.29258            -0.366864           0.0354097           0.265486            -0.294315           -0.488272           
1.46758             108032              -0.269843           -0.304867           0.0347865           0.215353            -0.273432           -0.429807           
1.47106             108288              -0.287342           -0.339348           0.0329104           0.245974            -0.288838           -0.46662            
1.47454             108544              -0.326079           -0.394091           0.0355981           0.286733            -0.325234           -0.535121           
1.47802             108800              -0.34037            -0.424628           0.0385342           0.308919            -0.339359           -0.566759           
1.48149             109056              -0.331602           -0.415004           0.0345131           0.304446            -0.330108           -0.552877           
1.48497             109312              -0.326119           -0.426436           0.0358446           0.31266             -0.322636           -0.555146           
1.48845             109568              -0.329695           -0.396308           0.0281448           0.293945            -0.32355            -0.539877           
1.49193             109824              -0.328513           -0.390169           0.0293661           0.288488            -0.323574           -0.534904           
1.49541             110080              -0.338727           -0.411329           0.0320171           0.305596            -0.335489           -0.55687            
1.49888             110336              -0.348182           -0.442531           0.0348263           0.329248            -0.344838           -0.584509           
1.50236             110592              -0.309574           -0.39114            0.0251666           0.292715            -0.302346           -0.518521           
1.50584             110848              -0.319339           -0.401304           0.0252878           0.303089            -0.312578           -0.533315           
1.50932             111104              -0.298799           -0.355686           0.0258317           0.265465            -0.294982           -0.486891           
1.51279             111360              -0.284722           -0.356468           0.0210446           0.267443            -0.27633            -0.474852           
1.51627             111616              -0.275291           -0.328707           0.0344245           0.239508            -0.280627           -0.448847           
1.51975             111872              -0.309008           -0.384473           0.0284178           0.290175            -0.307046           -0.51329            
1.52323             112128              -0.280196           -0.343289           0.0217706           0.253961            -0.272063           -0.462672           
1.5267              112384              -0.271167           -0.306261           0.0270132           0.223782            -0.271171           -0.4316             
1.53018             112640              -0.27128            -0.301439           0.0274693           0.215957            -0.270656           -0.428997           
1.53366             112896              -0.301722           -0.367378           0.0283806           0.268672            -0.296598           -0.496959           
1.53714             113152              -0.322123           -0.380144           0.0342689           0.274772            -0.320201           -0.522979           
1.54062             113408              -0.319871           -0.38143            0.0326345           0.280443            -0.318274           -0.52154            
1.54409             113664              -0.296956           -0.347892           0.0306959           0.253454            -0.296913           -0.480437           
1.54757             113920              -0.299192           -0.369611           0.0289842           0.270628            -0.294901           -0.495915           
1.55105             114176              -0.314022           -0.378204           0.0351901           0.275866            -0.314418           -0.514287           
1.55453             114432              -0.326424           -0.427303           0.0331718           0.318262            -0.322503           -0.555575           
1.558               114688              -0.321015           -0.409302           0.029817            0.305137            -0.316155           -0.539701           
1.56148             114944              -0.318217           -0.401901           0.0300718           0.298739            -0.313488           -0.532731           
1.56496             115200              -0.307241           -0.348265           0.0290142           0.25628             -0.30588            -0.489873           
1.56844             115456              -0.32372            -0.401193           0.024373            0.305557            -0.317239           -0.537059           
1.57191             115712              -0.336525           -0.41615            0.0247553           0.312142            -0.328223           -0.558064           
1.57539             115968              -0.315531           -0.395707           0.024666            0.294076            -0.306856           -0.526757           
1.57887             116224              -0.308243           -0.386214           0.0318385           0.286781            -0.307573           -0.513844           
1.58235             116480              -0.314215           -0.385117           0.0348336           0.281193            -0.313288           -0.518704           
1.58582             116736              -0.327416           -0.403555           0.0335369           0.300384            -0.327336           -0.541685           
1.5893              116992              -0.316165           -0.400604           0.0279935           0.301477            -0.311154           -0.529881           
1.59278             117248              -0.328804           -0.407928           0.0331384           0.302307            -0.326473           -0.545779           
1.59626             117504              -0.305687           -0.366876           0.0335832           0.265485            -0.305209           -0.500064           
1.59974             117760              -0.308692           -0.373181           0.0295266           0.276545            -0.306802           -0.506449           
1.60321             118016              -0.297932           -0.383253           0.0229447           0.289447            -0.290404           -0.503097           
1.60669             118272              -0.309945           -0.382517           0.0282277           0.285745            -0.306786           -0.51327            
1.61017             118528              -0.3292             -0.406419           0.0277084           0.307067            -0.324762           -0.545134           
1.61365             118784              -0.29229            -0.358262           0.0208148           0.269959            -0.28441            -0.482683           
1.61712             119040              -0.272581           -0.331714           0.0207661           0.243474            -0.263601           -0.449018           
1.6206              119296              -0.305214           -0.375096           0.0253729           0.282437            -0.299985           -0.50444            
1.62408             119552              -0.307006           -0.375807           0.0260728           0.283022            -0.30252            -0.506386           
1.62756             119808              -0.288881           -0.337798           0.0248942           0.252731            -0.286258           -0.466786           
1.63103             120064              -0.277028           -0.322984           0.0289717           0.235989            -0.27693            -0.447168           
1.63451             120320              -0.289445           -0.351154           0.02502             0.260459            -0.283843           -0.47577            
1.63799             120576              -0.314032           -0.382022           0.0267108           0.287997            -0.309679           -0.516504           
1.64147             120832              -0.326419           -0.402746           0.034949            0.297597            -0.325822           -0.540395           
1.64495             121088              -0.330059           -0.402393           0.0320404           0.301682            -0.329054           -0.543306           
1.64842             121344              -0.326462           -0.386893           0.0314378           0.286561            -0.324639           -0.530742           
1.6519              121600              -0.340818           -0.394387           0.0334817           0.290181            -0.339724           -0.54833            
1.65538             121856              -0.346158           -0.429946           0.0331091           0.316586            -0.34104            -0.57519            
1.65886             122112              -0.346726           -0.408665           0.0328652           0.301062            -0.343701           -0.56251            
1.66233             122368              -0.35371            -0.452              0.0327536           0.337495            -0.349196           -0.595296           
1.66581             122624              -0.366438           -0.446984           0.038171            0.330504            -0.365788           -0.603481           
1.66929             122880              -0.348896           -0.443494           0.0324584           0.331261            -0.343329           -0.585741           
1.67277             123136              -0.344535           -0.404289           0.0424805           0.292063            -0.348391           -0.557615           
1.67624             123392              -0.344136           -0.442353           0.0306822           0.331035            -0.338692           -0.580811           
1.67972             123648              -0.327904           -0.390996           0.0333881           0.287041            -0.326942           -0.534597           
1.6832              123904              -0.325589           -0.401998           0.0311049           0.296205            -0.321674           -0.53944            
1.68668             124160              -0.307404           -0.374077           0.0325914           0.275273            -0.306389           -0.505739           
1.69016             124416              -0.297061           -0.369497           0.0295752           0.272354            -0.294013           -0.493805           
1.69363             124672              -0.289307           -0.315054           0.0359391           0.223658            -0.294392           -0.453251           
1.69711             124928              -0.325864           -0.399407           0.0322775           0.296685            -0.323884           -0.537889           
1.70059             125184              -0.313526           -0.364604           0.0312478           0.267154            -0.312192           -0.505578           
1.70407             125440              -0.313292           -0.371486           0.0297608           0.272383            -0.310538           -0.509677           
1.70754             125696              -0.314885           -0.412033           0.030263            0.307515            -0.310711           -0.535896           
1.71102             125952              -0.314746           -0.389207           0.0289063           0.286485            -0.309812           -0.521999           
1.7145              126208              -0.310157           -0.381576           0.0281567           0.280483            -0.304428           -0.513141           
1.71798             126464              -0.307388           -0.371777           0.0314072           0.273552            -0.305949           -0.504418           
1.72145             126720              -0.343826           -0.430217           0.0263139           0.327898            -0.336621           -0.572873           
1.72493             126976              -0.333408           -0.408383           0.0334971           0.304654            -0.332965           -0.550054           
1.72841             127232              -0.332153           -0.407786           0.0332737           0.304819            -0.331456           -0.548506           
1.73189             127488              -0.339261           -0.409588           0.0236564           0.313194            -0.331478           -0.5561             
1.73537             127744              -0.331958           -0.413005           0.0305516           0.306206            -0.326967           -0.551887           
1.73884             128000              -0.323506           -0.402954           0.023905            0.304474            -0.314527           -0.538116           
1.74232             128256              -0.331486           -0.399523           0.0377957           0.292934            -0.33365            -0.542888           
1.7458              128512              -0.3138             -0.394203           0.033298            0.286255            -0.309395           -0.524182           
1.74928             128768              -0.337245           -0.383185           0.0331713           0.283333            -0.337142           -0.538036           
1.75275             129024              -0.333198           -0.406728           0.0352672           0.302183            -0.333868           -0.548791           
1.75623             129280              -0.375989           -0.498867           0.0390994           0.370903            -0.371757           -0.643968           
1.75971             129536              -0.333134           -0.393099           0.0356502           0.287918            -0.333548           -0.540618           
1.76319             129792              -0.341058           -0.430269           0.0316035           0.320678            -0.336546           -0.570561           
1.76666             130048              -0.309752           -0.39203            0.0409533           0.2788              -0.312552           -0.519239           
1.77014             130304              -0.327953           -0.403322           0.0368823           0.295816            -0.329384           -0.542158           
1.77362             130560              -0.311962           -0.333677           0.0421038           0.234335            -0.320638           -0.485016           
1.7771              130816              -0.358382           -0.445643           0.0367781           0.330225            -0.355345           -0.59535            
1.78058             131072              -0.311616           -0.378873           0.0457439           0.267561            -0.31932            -0.51256            
1.78405             131328              -0.33123            -0.42028            0.0324172           0.309974            -0.32698            -0.555729           
1.78753             131584              -0.308627           -0.371593           0.0299392           0.271141            -0.30603            -0.505608           
1.79101             131840              -0.341282           -0.424658           0.039253            0.312103            -0.342511           -0.567177           
1.79449             132096              -0.341242           -0.443204           0.0387283           0.328935            -0.341393           -0.578472           
1.79796             132352              -0.335395           -0.415785           0.0358352           0.306546            -0.33441            -0.556536           
1.80144             132608              -0.306516           -0.373              0.0285334           0.275102            -0.303814           -0.50445            
1.80492             132864              -0.304747           -0.359814           0.032793            0.260977            -0.306097           -0.494722           
1.8084              133120              -0.297971           -0.369347           0.0352688           0.262863            -0.297843           -0.494827           
1.81187             133376              -0.305312           -0.369196           0.0356629           0.265564            -0.30674            -0.501061           
1.81535             133632              -0.340672           -0.4536             0.0308491           0.341808            -0.333974           -0.584383           
1.81883             133888              -0.324087           -0.402502           0.0381408           0.292236            -0.323267           -0.53835            
1.82231             134144              -0.332222           -0.402669           0.0434699           0.292618            -0.338136           -0.545275           
1.82579             134400              -0.328692           -0.394941           0.0323103           0.296037            -0.327932           -0.537309           
1.82926             134656              -0.328747           -0.427606           0.0312805           0.31824             -0.32324            -0.557806           
1.83274             134912              -0.304557           -0.358463           0.0288885           0.264762            -0.301546           -0.493618           
1.83622             135168              -0.312704           -0.379016           0.0345121           0.276808            -0.312189           -0.513535           
1.8397              135424              -0.313117           -0.395249           0.0282374           0.294754            -0.308774           -0.523926           
1.84317             135680              -0.321225           -0.39044            0.0349746           0.28765             -0.321722           -0.528051           
1.84665             135936              -0.302272           -0.349274           0.031262            0.254837            -0.301536           -0.485946           
1.85013             136192              -0.335371           -0.406534           0.0273347           0.308745            -0.3301             -0.55059            
1.85361             136448              -0.317601           -0.368729           0.0316256           0.269363            -0.315331           -0.511744           
1.85708             136704              -0.316805           -0.380599           0.0315884           0.276494            -0.31247            -0.518483           
1.86056             136960              -0.326975           -0.397372           0.0353889           0.292745            -0.328049           -0.537472           
1.86404             137216              -0.308986           -0.39248            0.0364383           0.284895            -0.309916           -0.518649           
1.86752             137472              -0.323111           -0.402623           0.0337971           0.296901            -0.322159           -0.537336           
1.871               137728              -0.333384           -0.39903            0.0317965           0.295951            -0.329363           -0.544402           
1.87447             137984              -0.33142            -0.417908           0.0266775           0.314869            -0.324633           -0.554255           
1.87795             138240              -0.330851           -0.392803           0.0423497           0.284786            -0.335615           -0.538185           
1.88143             138496              -0.326442           -0.3897             0.0305985           0.288655            -0.322127           -0.532479           
1.88491             138752              -0.323224           -0.39643            0.0272996           0.299168            -0.318353           -0.533531           
1.88838             139008              -0.298148           -0.343639           0.0333509           0.249245            -0.300247           -0.478739           
1.89186             139264              -0.307923           -0.381547           0.0296234           0.282394            -0.305163           -0.510841           
1.89534             139520              -0.316053           -0.375372           0.034228            0.275252            -0.316754           -0.514192           
1.89882             139776              -0.321029           -0.382792           0.0279284           0.286177            -0.316446           -0.523321           
1.90229             140032              -0.303365           -0.371396           0.0250033           0.276485            -0.297456           -0.500686           
1.90577             140288              -0.34954            -0.446745           0.0368893           0.330182            -0.347665           -0.588252           
1.90925             140544              -0.344796           -0.429822           0.0335532           0.322681            -0.343224           -0.5733             
1.91273             140800              -0.326196           -0.388975           0.0287559           0.290228            -0.322152           -0.531734           
1.91621             141056              -0.347408           -0.428707           0.0282285           0.324382            -0.340496           -0.575202           
1.91968             141312              -0.318988           -0.408302           0.0298918           0.300514            -0.312096           -0.537657           
1.92316             141568              -0.312965           -0.380464           0.0348948           0.277837            -0.313505           -0.514778           
1.92664             141824              -0.313055           -0.399903           0.0278543           0.299434            -0.307569           -0.526831           
1.93012             142080              -0.310445           -0.384104           0.0327295           0.284404            -0.309774           -0.514571           
1.93359             142336              -0.317737           -0.410619           0.03028             0.308487            -0.313925           -0.537397           
1.93707             142592              -0.324118           -0.412915           0.0286895           0.311679            -0.318828           -0.544485           
1.94055             142848              -0.328437           -0.414056           0.0272846           0.315098            -0.323226           -0.548951           
1.94403             143104              -0.324528           -0.414875           0.0277276           0.312913            -0.317538           -0.546138           
1.9475              143360              -0.298536           -0.357711           0.0252175           0.267803            -0.293521           -0.487805           
1.95098             143616              -0.311123           -0.37918            0.0242256           0.28714             -0.305336           -0.512144           
1.95446             143872              -0.287157           -0.335951           0.0217764           0.25364             -0.282422           -0.464103           
1.95794             144128              -0.298183           -0.38056            0.0302346           0.281508            -0.295067           -0.501546           
1.96142             144384              -0.323502           -0.426779           0.025986            0.323226            -0.314532           -0.552645           
1.96489             144640              -0.301924           -0.372902           0.0240136           0.280962            -0.296072           -0.500184           
1.96837             144896              -0.300625           -0.369642           0.0269638           0.275873            -0.297141           -0.497008           
1.97185             145152              -0.309502           -0.370118           0.031731            0.276178            -0.311006           -0.504971           
1.97533             145408              -0.323478           -0.415777           0.0312046           0.314104            -0.320539           -0.545499           
1.9788              145664              -0.342767           -0.438395           0.0281233           0.335445            -0.336714           -0.576712           
1.98228             145920              -0.29388            -0.345123           0.0259302           0.257534            -0.29045            -0.475864           
1.98576             146176              -0.314419           -0.384881           0.0346537           0.286119            -0.315637           -0.518511           
1.98924             146432              -0.311595           -0.381868           0.0290423           0.28515             -0.308638           -0.514341           
1.99271             146688              -0.285571           -0.333236           0.0270322           0.248097            -0.284443           -0.461072           
1.99619             146944              -0.294365           -0.347118           0.0288587           0.257953            -0.293343           -0.477396           
1.99967             147200              -0.326607           -0.392626           0.0280248           0.292872            -0.321393           -0.53449            
