#Time               nTime               force-x             force-y             force-z             moment-x            moment-y            moment-z            
0                   0                   -0.000393408        2.48051e-06         -0.00161828         -2.90253e-06        0.00365461          7.24176e-06         
0.00347769          256                 3.15151             -0.133022           -5.21729            -0.142675           20.7237             -0.139944           
0.00695537          512                 102.826             -0.19522            720.37              -3.86454            -1792.02            0.471828            
0.0104331           768                 6.24798             -0.524658           -303.206            1.94013             828.981             -1.06837            
0.0139107           1024                30.5238             0.190274            166.491             -1.10215            -401.545            0.344366            
0.0173884           1280                15.304              -0.280808           36.0498             -0.921309           -72.6394            -0.280062           
0.0208661           1536                31.0343             0.127774            66.4485             -0.880632           -127.677            0.203685            
0.0243438           1792                6.04785             0.433702            28.9116             0.848756            -66.7192            0.495703            
0.0278215           2048                -4.51523            0.0774115           -4.77452            0.615946            6.35093             -0.111996           
0.0312992           2304                2.10153             0.110571            18.5721             0.382959            -46.0667            0.0585028           
0.0347769           2560                9.38309             0.0163968           32.6007             -0.109548           -72.0843            -0.0719909          
0.0382545           2816                8.48853             -0.0619095          22.605              -0.381167           -46.2963            -0.224263           
0.0417322           3072                7.82339             -0.112721           23.8522             -0.213586           -50.4906            -0.254732           
0.0452099           3328                9.50915             -0.125275           31.7169             0.0984447           -69.0775            -0.244931           
0.0486876           3584                11.9137             -0.0704176          34.1478             0.512365            -71.6633            -0.201878           
0.0521653           3840                14.2028             -0.127602           38.4785             0.154692            -79.5483            -0.109148           
0.055643            4096                13.4361             0.158227            36.9612             0.278686            -76.9011            0.515588            
0.0591207           4352                12.4499             0.432669            34.491              0.523249            -72.1193            0.801064            
0.0625984           4608                12.2615             0.267707            27.5305             0.320034            -53.4552            0.305112            
0.066076            4864                13.5698             0.163146            25.4648             -0.183575           -45.3783            0.20046             
0.0695537           5120                17.6842             0.344691            30.0996             -0.223429           -50.5735            0.635637            
0.0730314           5376                18.7266             -0.0633603          30.7538             -0.938013           -50.5872            -0.363863           
0.0765091           5632                18.9251             -0.466795           34.5644             -1.18665            -61.107             -1.18083            
0.0799868           5888                15.7987             -0.600045           32.6408             -0.808582           -61.4639            -1.53865            
0.0834645           6144                13.6065             -0.233075           30.4652             -0.570671           -59.2293            -0.733435           
0.0869422           6400                13.2799             -0.158957           29.9081             -0.715056           -57.9755            -0.451958           
0.0904198           6656                12.9712             -0.264121           27.1285             -1.34812            -50.2912            -0.444208           
0.0938975           6912                11.6405             -0.0151964          27.2746             -1.52245            -52.9162            0.229797            
0.0973752           7168                10.8561             0.28414             31.4051             -1.78354            -65.5136            0.899734            
0.100853            7424                10.9729             0.540551            38.2209             -2.1311             -83.7203            1.28917             
0.104331            7680                11.6861             1.15926             45.5149             -3.09534            -102.373            2.61136             
0.107808            7936                11.7252             0.991857            48.5882             -2.92001            -110.61             1.91384             
0.111286            8192                12.3436             0.2241              51.4968             -2.32449            -117.507            -0.0469879          
0.114764            8448                13.6116             -0.561872           56.1302             -1.47089            -127.821            -1.91447            
0.118241            8704                14.3766             -1.15979            58.5269             -1.16867            -132.774            -3.44489            
0.121719            8960                14.6995             -1.26021            63.1503             -0.510228           -144.868            -3.47119            
0.125197            9216                15.6266             -0.816777           67.0012             -0.817058           -154.077            -2.04435            
0.128674            9472                15.9705             -0.468948           69.8709             -1.77994            -161.616            -1.04807            
0.132152            9728                16.5757             -0.408346           70.7022             -2.57457            -163.173            -0.801828           
0.13563             9984                16.6954             0.0500952           69.0144             -2.24               -158.607            0.00480286          
0.139107            10240               16.9519             0.540847            65.6402             -1.85466            -149.044            1.10226             
0.142585            10496               18.928              0.89022             65.0218             -1.23945            -144.043            1.80987             
0.146063            10752               21.835              0.878211            64.4082             -1.09494            -137.498            1.66547             
0.149541            11008               22.1087             0.780699            57.9421             -1.78632            -119.435            1.50017             
0.153018            11264               22.6828             0.386354            52.6759             -2.4642             -104.22             0.748327            
0.156496            11520               23.3458             0.262844            49.3966             -2.52916            -94.082             0.495788            
0.159974            11776               22.835              0.671552            43.471              -1.82095            -78.3599            0.995061            
0.163451            12032               23.1472             0.574045            42.3313             -0.293921           -74.5277            0.49867             
0.166929            12288               20.3522             0.280701            38.6313             -0.217095           -69.1688            0.0803268           
0.170407            12544               19.4712             0.113452            38.1958             -0.473811           -69.8245            0.154621            
0.173884            12800               20.3127             0.383368            41.3869             0.596419            -77.3219            0.661523            
0.177362            13056               20.3                0.149059            38.8642             0.0238191           -70.7288            0.478892            
0.18084             13312               20.589              0.620438            37.7539             0.300842            -67.1399            1.12553             
0.184317            13568               19.3462             0.330279            36.1599             -0.682398           -64.6198            0.625714            
0.187795            13824               19.5762             0.173259            36.5319             -1.10343            -65.034             0.450016            
0.191273            14080               21.2994             0.249674            42.2872             -0.313225           -77.5232            0.533852            
0.19475             14336               22.749              -0.120232           44.7129             -0.0142601          -81.7045            -0.385986           
0.198228            14592               22.6942             -0.0188598          45.7971             0.00581592          -84.8003            -0.340041           
0.201706            14848               23.2404             -0.151165           47.8161             -0.421946           -89.4705            -0.542265           
0.205183            15104               23.5129             -0.111194           48.5016             -0.761007           -90.7251            -0.282795           
0.208661            15360               24.1817             -0.34759            49.3097             -1.14564            -91.3696            -0.566954           
0.212139            15616               27.2262             -0.236833           57.0629             -0.223911           -107.195            -0.724906           
0.215617            15872               28.5628             -0.344981           62.5848             -0.616212           -120.058            -0.781037           
0.219094            16128               30.4096             -0.109301           69.049              -0.811656           -134.612            -0.00722216         
0.222572            16384               31.3049             0.0548951           72.3143             -0.690004           -142.103            0.345469            
0.22605             16640               32.3892             -0.098147           75.2875             -0.420832           -148.36             0.1157              
0.229527            16896               34.2425             0.455376            79.8023             -0.441341           -157.695            1.29112             
0.233005            17152               35.7426             0.675228            82.4308             -0.80362            -162.452            1.67121             
0.236483            17408               36.6898             0.256697            84.5538             -0.64464            -166.709            0.778865            
0.23996             17664               38.6594             0.293691            87.5715             -0.170218           -171.643            0.967218            
0.243438            17920               39.5623             0.518017            88.2844             -0.909424           -171.897            1.6738              
0.246916            18176               40.0642             0.295065            87.9623             -0.967582           -170.152            0.958737            
0.250393            18432               41.0296             0.158215            89.9687             -0.26121            -173.96             0.56431             
0.253871            18688               41.4417             0.274006            89.8385             -0.613539           -172.721            0.910585            
0.257349            18944               41.861              0.374424            92.0466             -0.391329           -177.989            1.06934             
0.260826            19200               41.9403             0.643969            92.4704             -0.846276           -178.961            1.65683             
0.264304            19456               41.8328             0.752219            91.376              -1.23531            -176.05             1.85432             
0.267782            19712               41.7873             0.644419            92.2185             -1.02524            -178.351            1.42275             
0.27126             19968               42.0555             0.395018            93.6266             -0.511006           -181.932            1.03296             
0.274737            20224               42.2078             0.432732            93.6624             -0.539341           -181.759            1.09353             
0.278215            20480               41.8076             0.406404            93.31               -1.09976            -181.533            0.996398            
0.281693            20736               41.9493             0.430997            94.3753             -0.307726           -184.169            0.943154            
0.28517             20992               42.1289             0.464228            95.4286             0.458901            -186.705            0.97676             
0.288648            21248               42.2624             0.310984            95.9672             0.700055            -187.867            0.554288            
0.292126            21504               42.6795             0.613554            96.5813             -0.421185           -188.965            1.58444             
0.295603            21760               42.2103             0.835852            96.1922             -0.513354           -188.743            2.09659             
0.299081            22016               41.4965             1.08369             94.3686             -1.27164            -184.959            2.6156              
0.302559            22272               41.2556             0.828659            95.0763             -0.809647           -187.32             1.87608             
0.306036            22528               41.0987             0.653435            94.9172             -0.684508           -187.191            1.46078             
0.309514            22784               40.6837             0.674386            94.7565             -0.656783           -187.548            1.46423             
0.312992            23040               39.9172             0.576989            93.1081             -0.520719           -184.193            1.28271             
0.316469            23296               39.7344             0.894796            94.1978             -0.136828           -187.428            1.84224             
0.319947            23552               40.4556             0.614042            95.7186             -0.505177           -190.545            1.29515             
0.323425            23808               40.2913             0.620371            96.3905             -1.23849            -192.8              1.60826             
0.326903            24064               39.9397             0.674303            96.3412             -1.35373            -193.227            1.71482             
0.33038             24320               40.0903             0.726974            96.8681             -0.77401            -194.493            1.70482             
0.333858            24576               40.8775             0.629385            98.5193             -0.391929           -197.616            1.35127             
0.337336            24832               41.1282             0.613033            98.6406             -0.506891           -197.474            1.43192             
0.340813            25088               41.3961             0.56925             98.8113             -0.645334           -197.551            1.49234             
0.344291            25344               41.9085             0.632431            99.8962             -1.35346            -199.571            1.81927             
0.347769            25600               42.4578             0.755474            101.556             -1.1594             -203.162            2.05987             
0.351246            25856               43.096              0.810585            103.299             -0.182806           -206.836            1.86647             
0.354724            26112               43.8713             0.76043             104.351             -0.0694874          -208.348            1.61456             
0.358202            26368               43.7557             0.874217            103.723             -0.923402           -206.842            2.04038             
0.361679            26624               43.5834             0.794271            102.438             -0.769259           -203.524            1.89024             
0.365157            26880               44.5365             1.02729             104.982             -0.0901174          -208.89             2.32099             
0.368635            27136               45.2662             0.962599            106.04              -0.254122           -210.455            2.03581             
0.372112            27392               45.5132             1.06401             106.541             -0.328069           -211.468            2.24086             
0.37559             27648               45.9295             0.714289            106.979             -0.744338           -211.91             1.56223             
0.379068            27904               45.1344             0.391691            106.485             -1.14144            -212.017            0.903028            
0.382546            28160               45.1157             0.582259            109.08              0.10653             -219.015            1.28856             
0.386023            28416               46.4432             0.731236            110.478             0.334365            -220.578            1.28158             
0.389501            28672               45.8327             0.723633            108.99              -0.583252           -217.644            1.54796             
0.392979            28928               44.8804             0.553333            107.649             -0.770259           -215.586            1.24236             
0.396456            29184               44.9041             0.763399            106.368             -0.64542            -211.946            1.50542             
0.399934            29440               44.9244             0.763183            107.333             -0.581811           -214.682            1.48647             
0.403412            29696               45.0883             0.552768            108.181             -0.121397           -216.699            0.989963            
0.406889            29952               45.1737             0.539703            106.871             -0.943282           -212.906            0.917959            
0.410367            30208               44.3347             0.604541            105.575             -0.645855           -210.738            1.21414             
0.413845            30464               44.6327             0.670791            106.912             -0.308643           -213.867            1.29914             
0.417322            30720               44.7813             0.586492            106.357             -0.52832            -212.171            1.23012             
0.4208              30976               44.9012             0.528749            107.285             -0.579948           -214.448            1.27938             
0.424278            31232               45.6148             0.647857            107.455             -0.997388           -213.661            1.19387             
0.427755            31488               45.3556             0.625858            107.278             -1.1438             -213.685            1.29368             
0.431233            31744               46.3405             0.753324            109.698             -0.880388           -218.64             1.5362              
0.434711            32000               46.0689             0.760268            109.944             -0.57269            -219.764            1.52715             
0.438188            32256               46.6079             0.819154            112.187             -0.0616642          -225.004            1.63449             
0.441666            32512               46.5985             0.730572            111.072             -0.526231           -221.983            1.48715             
0.445144            32768               46.5255             0.846634            110.157             -1.09117            -219.62             1.8936              
0.448622            33024               46.6051             0.844344            110.501             -1.01538            -220.452            1.88309             
0.452099            33280               46.7986             0.844957            111.432             -0.498337           -222.607            1.73589             
0.455577            33536               47.0434             0.912037            111.61              0.0371685           -222.602            1.73971             
0.459055            33792               46.5205             0.795523            110.134             -0.443022           -219.501            1.74266             
0.462532            34048               46.0684             0.858836            108.53              -1.07686            -215.882            1.979               
0.46601             34304               45.8651             0.913909            109.406             -0.499649           -218.651            2.19088             
0.469488            34560               46.467              1.06503             111.972             -0.541348           -224.714            2.21926             
0.472965            34816               46.8757             0.747099            112.117             -0.357642           -224.401            1.40754             
0.476443            35072               46.1318             0.79403             110.664             -0.696972           -221.642            1.65263             
0.479921            35328               45.5772             0.882553            108.897             -1.0748             -217.631            1.87969             
0.483398            35584               45.7992             0.833581            110.067             -0.60876            -220.479            1.6578              
0.486876            35840               46.0476             0.546448            111.252             -0.200212           -223.442            1.01199             
0.490354            36096               46.0672             0.539191            112.159             -0.0430306          -225.907            1.00366             
0.493831            36352               45.8689             0.789633            109.925             -0.262457           -220.14             1.49864             
0.497309            36608               45.574              0.840509            109.948             -0.699762           -220.604            1.7368              
0.500787            36864               45.2398             0.859004            108.857             -0.27249            -218.201            1.81122             
0.504265            37120               45.4414             0.885389            109.291             -0.345794           -219.006            1.86814             
0.507742            37376               45.9286             0.986411            110.428             -0.513106           -221.36             2.07827             
0.51122             37632               45.7086             0.731186            109.212             -0.546501           -218.331            1.494               
0.514698            37888               45.9214             0.708737            110.107             -0.118736           -220.341            1.39548             
0.518175            38144               45.9986             0.908604            110.528             -0.520436           -221.386            1.79213             
0.521653            38400               46.3094             0.790924            111.011             -0.298802           -222.204            1.48461             
0.525131            38656               45.9897             0.672804            111.111             -0.423027           -223.033            1.17921             
0.528608            38912               46.1075             0.628237            111.87              -0.321543           -224.837            1.17777             
0.532086            39168               46.1853             0.727062            111.822             -0.60937            -224.588            1.46605             
0.535564            39424               46.0047             0.795437            111.952             -0.562854           -225.272            1.56376             
0.539041            39680               46.1523             0.9028              111.667             -0.962916           -224.251            1.89588             
0.542519            39936               46.3751             0.957574            112.141             -1.03369            -225.073            1.85279             
0.545997            40192               47.03               0.997209            112.2               -0.611251           -224.086            1.7371              
0.549474            40448               46.5122             0.76227             110.808             -0.608822           -221.207            1.47329             
0.552952            40704               46.523              0.835566            110.232             -0.850785           -219.482            1.81618             
0.55643             40960               46.5672             1.34102             110.295             -0.889774           -219.606            2.82786             
0.559907            41216               46.7084             1.30944             110.303             -0.945884           -219.419            2.78188             
0.563385            41472               46.347              1.07068             109.687             -0.938991           -218.423            2.28386             
0.566863            41728               46.4628             1.0974              110.4               -0.159608           -220.083            2.29798             
0.570341            41984               47.0018             1.43753             111.927             -0.314795           -223.464            2.91756             
0.573818            42240               47.325              1.33443             111.658             -0.714611           -222.203            2.63858             
0.577296            42496               47.5568             1.15278             111.667             -0.8078             -221.718            2.25394             
0.580774            42752               46.7919             0.798987            109.4               -0.995052           -216.822            1.63314             
0.584251            43008               47.0797             0.968448            112.378             0.165543            -224.49             1.7939              
0.587729            43264               47.6647             0.80064             112.956             0.675442            -225.155            1.17666             
0.591207            43520               46.7961             0.750819            110.777             -0.313515           -220.717            1.27546             
0.594684            43776               46.7137             0.694856            109.539             -0.598149           -217.434            1.28851             
0.598162            44032               46.4063             0.694211            108.058             -0.519644           -213.843            1.13775             
0.60164             44288               45.8517             0.626676            108.017             -0.676089           -214.694            1.1463              
0.605117            44544               45.4447             0.885935            108.796             -0.309285           -217.573            1.63222             
0.608595            44800               45.9975             0.879767            109.887             -0.582062           -219.609            1.72272             
0.612073            45056               46.7208             1.15988             112.017             -0.776253           -224.224            2.31619             
0.61555             45312               46.9604             1.26918             111.44              -1.41528            -222.227            2.54245             
0.619028            45568               46.8339             1.04169             111.103             -1.39547            -221.566            1.99642             
0.622506            45824               46.2354             0.537408            109.87              -1.05073            -219.181            1.09375             
0.625984            46080               46.8944             0.661139            112.606             -0.187326           -225.524            1.24023             
0.629461            46336               47.7597             1.06786             115.349             -0.190202           -231.615            2.12311             
0.632939            46592               48.1694             0.974132            113.408             -0.700058           -225.57             1.99351             
0.636417            46848               47.3898             0.792059            113.446             -0.592609           -226.888            1.67499             
0.639894            47104               47.1183             0.882368            114.135             -0.624599           -229.381            1.93319             
0.643372            47360               47.2443             0.809534            114.625             -0.626231           -230.651            1.7225              
0.64685             47616               46.9325             0.882107            113.962             -1.0205             -229.447            2.06414             
0.650327            47872               46.8549             0.967884            113.197             -0.573805           -227.35             2.19146             
0.653805            48128               47.0656             0.863575            113.64              -0.273731           -228.144            1.88083             
0.657283            48384               47.4208             0.795538            113.819             -0.414078           -228.107            1.6678              
0.66076             48640               46.9922             0.644618            111.482             -0.939059           -222.418            1.494               
0.664238            48896               46.8936             0.692927            112.063             -0.873108           -224.144            1.59295             
0.667716            49152               47.3454             0.873677            113.516             -0.30194            -227.314            1.84516             
0.671193            49408               46.911              0.892313            111.678             -0.647459           -223.051            1.89017             
0.674671            49664               46.2402             0.565892            110.698             -0.249681           -221.529            1.12408             
0.678149            49920               45.9033             0.579155            110.175             -0.775557           -220.506            1.27555             
0.681626            50176               46.0934             0.543615            109.839             -1.2159             -219.42             1.1                 
0.685104            50432               46.3351             0.386447            112.193             -0.417393           -225.544            0.829382            
0.688582            50688               47.2205             0.560982            113.665             -0.358864           -228.057            1.08991             
0.69206             50944               47.4846             0.664416            113.779             0.0151244           -227.857            1.3344              
0.695537            51200               47.6543             0.938636            112.954             -0.529393           -225.257            2.05675             
0.699015            51456               47.5229             0.910572            112.547             -0.994724           -224.361            2.02067             
0.702493            51712               47.5219             0.950102            113.492             -1.07419            -226.927            2.15448             
0.70597             51968               47.3765             0.820312            112.997             -0.882358           -225.854            1.95765             
0.709448            52224               47.3363             1.03774             112.692             -0.907954           -225.07             2.26267             
0.712926            52480               47.3434             1.15909             113.813             -0.704533           -228.138            2.38436             
0.716403            52736               47.2665             1.12424             112.866             -0.485348           -225.551            2.20608             
0.719881            52992               47.3583             0.864705            113.264             -0.281419           -226.52             1.46405             
0.723359            53248               47.4362             0.790379            113.27              -0.92801            -226.397            1.44584             
0.726836            53504               47.1801             0.794163            111.719             -0.93329            -222.558            1.38301             
0.730314            53760               46.679              0.510246            110.628             -0.644288           -220.474            0.74902             
0.733792            54016               46.5612             0.754277            111.823             -0.227752           -223.89             1.3243              
0.73727             54272               46.4302             0.970741            111.538             0.0490504           -223.452            1.71118             
0.740747            54528               46.6353             0.932983            110.348             -1.0873             -219.842            1.86389             
0.744225            54784               46.3196             0.78181             110.419             -1.02809            -220.459            1.77483             
0.747703            55040               46.4387             1.00996             110.024             -1.00619            -219.142            2.13809             
0.75118             55296               46.6418             1.11092             110.834             -0.647386           -221.08             2.33835             
0.754658            55552               46.2659             1.36158             111.496             -0.556822           -223.555            2.84268             
0.758136            55808               45.7449             1.40953             111.087             -0.604997           -223.372            3.02266             
0.761613            56064               46.0067             1.52681             111.949             -0.886995           -225.294            3.31948             
0.765091            56320               46.1295             1.46523             113.531             -0.858279           -229.561            3.09617             
0.768569            56576               46.1249             1.33853             113.605             -1.08664            -229.904            2.82116             
0.772046            56832               45.8699             1.04364             112.634             -1.06509            -227.626            2.24842             
0.775524            57088               46.2862             1.19181             114.304             -0.466396           -231.446            2.43773             
0.779002            57344               46.8575             1.08043             113.347             -0.962645           -227.767            2.00467             
0.782479            57600               46.9664             0.519778            112.697             -0.812449           -225.661            0.757831            
0.785957            57856               46.6789             0.442208            110.938             -1.26564            -221.267            0.789283            
0.789435            58112               46.2684             0.698618            112.036             -0.342083           -225.024            1.30626             
0.792912            58368               46.6109             1.03003             113.074             -0.400829           -227.31             1.99161             
0.79639             58624               47.0662             1.03654             113.017             -0.637739           -226.261            1.95908             
0.799868            58880               47.2649             1.13081             113.646             -0.832977           -227.712            2.44311             
0.803346            59136               47.3046             1.24697             113.613             -1.02082            -227.521            2.78871             
0.806823            59392               46.8469             0.981606            112                 -1.36953            -223.981            2.19688             
0.810301            59648               46.2131             0.921247            111.678             -0.581987           -224.174            2.08968             
0.813779            59904               46.7109             1.01586             112.443             -0.664974           -225.395            2.22515             
0.817256            60160               47.0741             0.964188            112.57              -0.292464           -225.12             2.05271             
0.820734            60416               46.5985             0.849149            110.98              -0.204451           -221.52             1.83392             
0.824212            60672               46.5035             0.841151            110.718             -0.216442           -220.796            1.84777             
0.827689            60928               46.5756             1.0704              111.729             -0.785997           -223.559            2.33096             
0.831167            61184               46.4393             0.967056            111.077             -0.91982            -222.112            2.19417             
0.834645            61440               46.4564             0.817741            111.754             -0.379257           -223.925            1.94531             
0.838122            61696               47.0832             0.931123            112.903             0.060813            -225.952            2.0153              
0.8416              61952               46.609              0.815287            111.967             -0.324918           -224.288            1.84833             
0.845078            62208               46.6004             0.934694            111.182             -0.99756            -222.244            2.35148             
0.848555            62464               46.588              0.93355             110.255             -0.955616           -219.617            2.32683             
0.852033            62720               46.957              0.835048            111.592             -0.356301           -222.607            1.7591              
0.855511            62976               47.4583             0.601226            112.258             -0.546639           -223.607            1.3751              
0.858989            63232               47.277              0.619589            112.683             -0.464567           -225.02             1.45767             
0.862466            63488               46.8518             0.822278            111.61              -0.872364           -222.77             1.95344             
0.865944            63744               45.7858             0.91885             109.075             -1.1961             -217.811            2.25009             
0.869422            64000               45.5131             1.10332             110.706             -0.472076           -222.779            2.61219             
0.872899            64256               46.4117             1.27305             112.772             -0.393755           -226.921            2.77471             
0.876377            64512               47.4584             1.03882             113.717             -0.55788            -227.754            2.27214             
0.879855            64768               47.2123             0.922393            113.729             -0.500764           -228.12             2.11995             
0.883332            65024               47.3207             1.08916             112.83              -0.823902           -225.414            2.56151             
0.88681             65280               47.178              1.0812              111.851             -0.693878           -222.939            2.60217             
0.890288            65536               47.6423             1.08075             113.394             -0.282567           -226.441            2.47766             
0.893765            65792               48.4062             0.932332            114.217             -0.179015           -227.41             2.1036              
0.897243            66048               48.0328             0.928064            112.244             -0.689934           -222.684            2.169               
0.900721            66304               47.1731             0.582588            111.178             -0.863767           -221.154            1.59101             
0.904198            66560               46.6338             0.92897             110.261             -0.0234081          -219.569            2.27727             
0.907676            66816               47.0212             1.08806             110.887             0.00989292          -220.648            2.42689             
0.911154            67072               47.6552             0.735658            111.779             -0.113026           -221.957            1.70471             
0.914631            67328               47.4859             0.567021            109.555             -0.953003           -216.11             1.52342             
0.918109            67584               47.2042             0.63907             108.502             -1.5829             -213.731            1.86856             
0.921587            67840               47.1026             0.861401            109.775             -0.917552           -217.353            2.34723             
0.925065            68096               47.6645             0.994864            110.825             -0.66146            -219.341            2.44857             
0.928542            68352               47.2848             0.751242            110.069             -0.831256           -217.918            1.89002             
0.93202             68608               46.9556             0.787535            109.537             -0.907252           -216.9              1.94188             
0.935498            68864               46.982              0.823008            109.694             -0.941246           -217.257            1.91263             
0.938975            69120               47.3401             0.90745             111.524             -0.853534           -221.74             2.10816             
0.942453            69376               47.7825             0.971875            111.394             -0.76753            -220.655            2.17528             
0.945931            69632               47.49               1.07038             110.748             -1.07093            -219.409            2.35885             
0.949408            69888               47.1151             0.719634            109.236             -1.33106            -215.924            1.64745             
0.952886            70144               47.4237             0.733229            110.086             -0.670025           -217.704            1.64109             
0.956364            70400               47.8965             0.762712            112.109             0.00861826          -222.45             1.57417             
0.959841            70656               48.3618             0.842958            112.234             0.142661            -221.874            1.67221             
0.963319            70912               48.0724             0.752814            112.288             -0.0843647          -222.554            1.53273             
0.966797            71168               47.8526             0.793747            111.508             -0.690422           -220.716            1.646               
0.970275            71424               48.0349             0.83134             112.327             -0.744476           -222.712            2.00205             
0.973752            71680               48.0632             0.705609            111.853             -0.710277           -221.481            1.80446             
0.97723             71936               47.3947             0.600473            111.758             -0.203878           -222.321            1.43359             
0.980708            72192               47.0638             0.864186            112.268             -0.1083             -224.226            1.96032             
0.984185            72448               47.171              0.976033            111.262             -0.765188           -221.34             2.32167             
0.987663            72704               46.8232             0.890281            110.814             -1.02023            -220.697            2.29425             
0.991141            72960               47.1336             0.814088            111.19              -0.628389           -221.18             1.9689              
0.994618            73216               47.3537             0.822189            111.909             -0.240167           -222.801            1.8567              
0.998096            73472               47.2662             0.821219            110.605             -0.286246           -219.388            1.94962             
1.00157             73728               46.2419             0.749603            107.875             -1.02792            -213.539            1.98123             
1.00505             73984               46.3602             0.660947            108.639             -1.00872            -215.478            1.81975             
1.00853             74240               46.3984             0.785549            110.326             -0.657328           -220.036            2.21106             
1.01201             74496               46.86               0.856462            111.359             -0.315569           -222.054            2.16059             
1.01548             74752               46.9809             0.941764            111.74              -0.479287           -222.939            2.29025             
1.01896             75008               46.5455             0.839167            109.579             -1.29377            -217.801            2.11848             
1.02244             75264               45.9993             0.763814            108.839             -0.831344           -216.569            2.16028             
1.02592             75520               47.159              1.00293             112.177             -0.256373           -223.684            2.45718             
1.0294              75776               47.2726             0.85705             112.723             -0.109917           -225.102            2.0027              
1.03287             76032               47.053              0.787816            112.611             -0.631209           -225.237            2.01666             
1.03635             76288               47.1752             0.757661            113.014             -0.670521           -225.983            1.89335             
1.03983             76544               47.7287             1.04083             114.246             -0.399648           -228.488            2.20905             
1.04331             76800               47.7907             0.83415             114.69              -0.537433           -229.654            1.8094              
1.04678             77056               47.9222             0.866733            114.795             -0.868207           -229.819            2.07252             
1.05026             77312               47.2262             0.88518             112.188             -0.898782           -223.793            2.13687             
1.05374             77568               46.9599             0.9657              113.396             -0.2965             -227.433            2.34698             
1.05722             77824               47.2547             0.84308             112.447             -0.860372           -224.358            2.0693              
1.06069             78080               46.9448             0.472438            112.199             -0.911878           -224.237            1.29408             
1.06417             78336               46.4901             0.399065            110.648             -1.08852            -220.914            1.14652             
1.06765             78592               46.5452             0.680072            111.614             -0.945929           -223.404            1.7011              
1.07113             78848               46.6246             0.602524            110.724             -0.135741           -220.82             1.45776             
1.07461             79104               46.8116             0.710978            110.795             -0.268894           -220.698            1.89768             
1.07808             79360               46.2808             0.540739            110.314             -0.69162            -220.244            1.68191             
1.08156             79616               46.6779             0.584395            111.453             -0.929771           -222.607            1.71723             
1.08504             79872               47.5829             0.599147            112.917             -0.348965           -225.036            1.64927             
1.08852             80128               46.9129             0.577747            112.539             -0.712373           -225.328            1.60364             
1.09199             80384               46.679              0.620768            111.554             -1.05495            -222.989            1.86358             
1.09547             80640               46.534              0.878266            111.442             -1.02538            -222.805            2.35575             
1.09895             80896               47.3442             0.823192            112.635             -0.884277           -224.698            2.17383             
1.10243             81152               47.4419             0.542081            112.623             -0.510088           -224.562            1.53982             
1.1059              81408               47.2275             0.413124            112.032             -0.801518           -223.329            1.28108             
1.10938             81664               47.6974             0.582626            112.717             -0.636322           -224.315            1.42845             
1.11286             81920               47.5879             0.438782            112.285             -0.59915            -223.378            1.14508             
1.11634             82176               47.0934             0.428654            112.507             -0.481603           -224.831            1.25812             
1.11981             82432               46.6876             0.613142            111.469             -0.336592           -222.696            1.51066             
1.12329             82688               47.0977             0.724268            112.227             -0.106165           -224.131            1.67953             
1.12677             82944               47.183              0.587697            112.36              -0.573949           -224.34             1.37976             
1.13025             83200               46.8396             0.367251            112.48              -0.414168           -225.238            0.995841            
1.13373             83456               46.3376             0.45642             111.246             0.1487              -222.757            1.1905              
1.1372              83712               47.1852             0.541424            112.683             -0.0516249          -225.199            1.34598             
1.14068             83968               47.1557             0.621124            113.406             -0.290954           -227.307            1.51961             
1.14416             84224               47.3813             0.689419            112.478             -0.370216           -224.341            1.80568             
1.14764             84480               47.0249             0.577463            111.599             -0.774558           -222.457            1.52544             
1.15111             84736               46.6713             0.5721              110.383             -0.82045            -219.763            1.59816             
1.15459             84992               46.5242             0.544538            110.525             -0.278698           -220.381            1.45208             
1.15807             85248               46.402              0.549468            110.568             0.023152            -220.774            1.47127             
1.16155             85504               46.3925             0.615332            109.975             -0.0569982          -219.096            1.68005             
1.16502             85760               47.0644             0.782294            110.055             -0.131635           -218.118            1.96691             
1.1685              86016               46.407              0.767927            108.728             -1.00957            -215.744            1.9842              
1.17198             86272               45.7606             0.496976            108.864             -0.960248           -217.234            1.67412             
1.17546             86528               46.5173             0.679109            111.216             -0.244259           -222.413            1.80836             
1.17894             86784               46.7646             0.570781            112.03              -0.0997457          -224.349            1.29209             
1.18241             87040               46.2311             0.297507            111.072             -0.365077           -222.612            0.835217            
1.18589             87296               45.9293             0.257366            108.935             -1.16192            -217.129            0.869929            
1.18937             87552               46.4323             0.584317            110.47              -0.787094           -220.42             1.50434             
1.19285             87808               46.6201             0.543209            111.285             -0.765771           -222.403            1.33915             
1.19632             88064               46.9112             0.556033            111.905             -0.724524           -223.643            1.1856              
1.1998              88320               47.2823             0.419509            112.36              -0.547723           -224.145            0.903848            
1.20328             88576               47.6546             0.394722            112.419             -0.749889           -223.698            0.895696            
1.20676             88832               47.455              0.329675            112.694             -0.854817           -224.9              0.852876            
1.21023             89088               47.1823             0.175841            112.48              -0.740465           -224.753            0.595916            
1.21371             89344               47.5938             0.292439            114.022             -0.383057           -228.259            0.854423            
1.21719             89600               47.554              0.401773            113.48              -0.180449           -226.924            1.05709             
1.22067             89856               48.1142             0.387926            113.916             -0.206553           -227.094            1.1177              
1.22415             90112               47.5843             0.476066            112.085             -0.941618           -222.887            1.42213             
1.22762             90368               47.2736             0.549199            111.766             -0.718982           -222.434            1.63006             
1.2311              90624               47.7096             0.443605            112.823             -0.5111             -224.616            1.19944             
1.23458             90880               47.3254             0.291885            113.475             -0.699731           -227.171            1.06892             
1.23806             91136               47.0223             0.241627            112.397             -1.0673             -224.783            1.21938             
1.24153             91392               47.0407             0.597279            112.868             -0.873456           -225.923            1.94619             
1.24501             91648               47.474              0.596896            114.009             -0.208696           -228.323            1.74102             
1.24849             91904               46.9529             0.267628            113.758             -0.0999319          -228.601            0.978172            
1.25197             92160               47.2861             0.350283            113.768             -0.351944           -228.093            1.17359             
1.25544             92416               47.0162             0.325194            112.916             -0.692434           -226.289            1.15924             
1.25892             92672               46.6355             0.121884            111.904             -1.10123            -224.194            0.814155            
1.2624              92928               46.4762             0.55403             112.566             -0.515477           -226.3              1.60461             
1.26588             93184               47.369              0.631673            113.487             0.0872679           -227.176            1.61441             
1.26936             93440               47.2765             0.680607            113.046             -0.233999           -226.073            1.71714             
1.27283             93696               46.8782             0.74738             112.574             -0.7876             -225.487            2.02779             
1.27631             93952               46.4391             0.513778            111.956             -0.921367           -224.557            1.72838             
1.27979             94208               46.6232             0.649388            113.012             -0.486784           -227.183            1.93109             
1.28327             94464               47.4626             0.547096            113.291             -0.256388           -226.498            1.47833             
1.28674             94720               47.5464             0.294975            113.348             -0.103586           -226.465            1.03372             
1.29022             94976               47.0572             0.299136            111.322             -0.353139           -221.597            1.05984             
1.2937              95232               46.763              0.307856            111.273             -0.690773           -221.954            1.13141             
1.29718             95488               46.966              0.352736            112.096             -0.984898           -223.888            1.35209             
1.30065             95744               47.1998             0.543005            112.724             -0.78244            -225.249            1.5959              
1.30413             96000               47.8543             0.670619            113.791             -0.649525           -227.017            1.77599             
1.30761             96256               47.4658             0.747059            113.719             -0.630177           -227.47             1.84703             
1.31109             96512               47.185              0.617741            113.66              -0.653781           -227.782            1.49838             
1.31457             96768               46.8462             0.428142            111.809             -1.04726            -223.436            0.961509            
1.31804             97024               46.7825             0.21343             111.142             -1.02948            -221.788            0.464218            
1.32152             97280               46.2791             -0.0485392          110.613             -0.902664           -221.175            0.0249869           
1.325               97536               46.2528             0.141903            110.535             0.0112035           -220.98             0.40199             
1.32848             97792               46.0907             0.246134            110.17              0.0599035           -220.194            0.61535             
1.33195             98048               46.7054             0.54293             111.352             -0.269527           -222.328            1.25312             
1.33543             98304               46.569              0.252899            110.598             -1.32571            -220.473            0.630391            
1.33891             98560               46.9152             -0.0641767          109.87              -1.08586            -217.8              -0.087066           
1.34239             98816               46.8654             -0.0488544          108.834             -1.0542             -215.101            -0.028063           
1.34586             99072               46.2142             -0.217918           107.899             -0.928985           -213.621            -0.204151           
1.34934             99328               46.4443             0.298136            110.581             0.298408            -220.624            0.740069            
1.35282             99584               46.9603             0.309412            111.155             -0.0274309          -221.356            0.812542            
1.3563              99840               46.7606             0.207255            109.28              -0.779635           -216.561            0.813972            
1.35978             100096              46.6011             0.192778            107.787             -1.21521            -212.625            0.707416            
1.36325             100352              46.105              0.153175            109.406             -0.528183           -217.902            0.531372            
1.36673             100608              46.5969             0.337377            111.36              -0.608456           -222.58             0.884815            
1.37021             100864              47.2562             0.400999            112.253             -0.726312           -223.989            0.890642            
1.37369             101120              46.9521             0.289251            111.474             -1.07607            -222.32             0.811453            
1.37716             101376              46.8878             0.258613            110.731             -1.11256            -220.34             0.784109            
1.38064             101632              46.7639             0.127783            110.449             -1.04157            -219.839            0.411664            
1.38412             101888              46.0326             0.0683739           110.498             -0.0056031          -221.213            0.246268            
1.3876              102144              46.7298             0.422914            111.419             0.162477            -222.557            0.854534            
1.39107             102400              47.2042             0.415806            112.25              -0.511807           -224.105            0.839499            
1.39455             102656              47.1611             0.245061            111.691             -0.0608369          -222.572            0.600125            
1.39803             102912              47.5927             0.458029            111.539             -0.553245           -221.339            1.23494             
1.40151             103168              47.8519             0.716288            112.694             -0.469704           -224.066            1.69742             
1.40499             103424              47.6108             0.560094            112.199             -0.601104           -223.143            1.31341             
1.40846             103680              48.1594             0.537263            113.739             -0.17858            -226.369            1.31937             
1.41194             103936              48.7459             0.600867            115.552             -0.0367661          -230.293            1.42557             
1.41542             104192              49.2046             0.595067            115.476             -0.0549279          -229.372            1.35805             
1.4189              104448              48.6846             0.420067            113.924             -0.432552           -226.056            1.12531             
1.42237             104704              48.0594             0.331813            112.468             -0.37274            -223.12             1.06291             
1.42585             104960              48.079              0.668001            114.023             -0.0174933          -227.281            1.68756             
1.42933             105216              48.6969             0.754109            114.804             -0.195004           -228.437            1.80075             
1.43281             105472              48.8109             0.77243             114.444             -0.838341           -227.298            2.01206             
1.43628             105728              47.5464             0.535339            111.896             -1.13303            -222.434            1.64723             
1.43976             105984              48.059              0.672903            113.485             -0.714838           -225.779            1.85799             
1.44324             106240              48.2085             0.583113            113.852             -0.506309           -226.574            1.51848             
1.44672             106496              48.1598             0.421311            113.452             -0.87306            -225.647            1.21897             
1.4502              106752              47.4069             0.140101            112.408             -1.02251            -224.004            0.727777            
1.45367             107008              48.1809             0.34522             114.162             -0.422066           -227.486            0.880905            
1.45715             107264              48.2215             0.153749            114.217             -0.578394           -227.664            0.493572            
1.46063             107520              48.0412             0.3203              114.322             -0.379153           -228.223            0.913735            
1.46411             107776              47.889              0.43748             113.626             -0.334269           -226.559            0.987806            
1.46758             108032              47.9212             0.347498            113.669             -0.325805           -226.611            1.00781             
1.47106             108288              46.4807             0.549733            112.208             -0.66789            -225.158            1.68337             
1.47454             108544              46.6494             0.69027             110.603             -1.05346            -220.329            1.98773             
1.47802             108800              47.0398             0.711737            111.251             -1.03172            -221.483            2.00028             
1.48149             109056              46.769              0.556864            109.635             -0.9958             -217.467            1.53453             
1.48497             109312              46.4043             0.373339            108.443             -0.776845           -214.828            1.04052             
1.48845             109568              47.1469             0.252419            110.755             -0.515351           -219.904            0.735467            
1.49193             109824              46.4347             0.29925             109.356             -0.829062           -217.342            0.947263            
1.49541             110080              46.4305             0.441137            109.512             -0.705832           -217.691            1.31848             
1.49888             110336              46.9275             0.408289            110.518             -0.110017           -219.585            1.04635             
1.50236             110592              47.244              0.409657            110.85              -0.256451           -220                1.14419             
1.50584             110848              48.336              0.298372            113.111             -0.425026           -224.338            0.881042            
1.50932             111104              48.3472             0.0783933           113.305             -0.855559           -224.843            0.44828             
1.51279             111360              48.8856             0.0128799           113.464             -0.953233           -224.368            0.386471            
1.51627             111616              47.8428             0.0306285           112.365             -1.06936            -223.175            0.598734            
1.51975             111872              48.171              0.201459            113.77              -0.521687           -226.41             0.914313            
1.52323             112128              49.0748             0.385129            115.218             -0.461693           -228.889            1.26294             
1.5267              112384              49.5575             0.454309            114.38              -0.929022           -225.67             1.48257             
1.53018             112640              48.7338             0.605538            112.858             -0.948049           -222.797            1.80217             
1.53366             112896              48.2755             0.524546            112.498             -0.653706           -222.59             1.46491             
1.53714             113152              47.8605             0.442006            111.73              -0.958116           -221.266            1.32867             
1.54062             113408              47.0352             0.433365            110.114             -0.832035           -218.368            1.29177             
1.54409             113664              46.7857             0.514964            109.342             -0.602505           -216.647            1.54733             
1.54757             113920              46.5687             0.640858            108.419             -0.70094            -214.454            1.92532             
1.55105             114176              46.7448             0.544942            108.986             -0.946202           -215.726            1.54063             
1.55453             114432              46.7687             0.490159            110.554             -0.327943           -219.982            1.47579             
1.558               114688              47.7805             0.457384            111.819             -0.546207           -221.719            1.42551             
1.56148             114944              47.823              0.408365            111.454             -0.47895            -220.714            1.23546             
1.56496             115200              47.3657             0.392828            109.054             -0.761733           -214.871            1.22871             
1.56844             115456              47.2488             0.336558            109.961             -1.23329            -217.497            1.06951             
1.57191             115712              47.2076             0.239984            110.67              -0.897843           -219.604            1.00918             
1.57539             115968              47.1786             0.367502            111.268             -0.571662           -221.283            1.33678             
1.57887             116224              47.4981             0.537734            112.606             -0.793327           -224.39             1.77798             
1.58235             116480              48.1091             0.640456            112.918             -0.725058           -224.145            1.96842             
1.58582             116736              47.8789             0.659096            112.214             -0.54396            -222.598            1.95685             
1.5893              116992              47.6665             0.451724            111.776             -0.570346           -221.756            1.55592             
1.59278             117248              47.1743             0.458879            110.024             -1.36183            -217.896            1.57499             
1.59626             117504              47.0103             0.526224            111.466             -0.686437           -222.088            1.65086             
1.59974             117760              47.0995             0.516525            111.702             -0.0914843          -222.638            1.45632             
1.60321             118016              48.0036             0.423134            112.266             -0.240232           -222.614            1.22235             
1.60669             118272              47.6541             0.415863            111.088             -0.580442           -219.937            1.2852              
1.61017             118528              47.5962             0.602928            110.588             -0.696237           -218.632            1.8459              
1.61365             118784              47.5927             0.688625            111.262             -0.818992           -220.478            2.08167             
1.61712             119040              47.5019             0.970924            111.586             -0.76772            -221.524            2.62997             
1.6206              119296              47.688              1.00019             112.169             -0.625072           -222.841            2.51419             
1.62408             119552              48.2632             0.80341             112.736             -0.810452           -223.381            2.08735             
1.62756             119808              48.3596             0.768949            113.049             -1.00612            -224.052            2.06268             
1.63103             120064              48.0813             0.779024            112.742             -0.652137           -223.761            1.90541             
1.63451             120320              48.3144             0.581378            113.245             -0.74258            -224.804            1.52923             
1.63799             120576              47.0874             0.506832            111.369             -1.65132            -221.903            1.62712             
1.64147             120832              47.5086             0.700475            113.387             -0.304424           -226.601            1.99028             
1.64495             121088              48.6094             0.790465            114.941             0.00613352          -228.99             2.03302             
1.64842             121344              48.0466             0.733779            112.963             -0.610614           -224.562            2.04098             
1.6519              121600              46.6679             0.650019            109.303             -1.21755            -216.743            1.96055             
1.65538             121856              46.6068             0.730677            109.099             -1.20506            -216.271            2.11321             
1.65886             122112              46.899              0.811289            110.097             -0.803901           -218.563            2.27186             
1.66233             122368              47.3094             0.942838            110.803             -1.01342            -219.83             2.45549             
1.66581             122624              46.7963             0.893209            110.924             -0.941921           -220.981            2.43532             
1.66929             122880              47.2313             0.909619            111.462             -1.07905            -221.707            2.43259             
1.67277             123136              47.2294             0.705345            111.529             -0.990203           -221.934            1.97967             
1.67624             123392              47.5686             0.66705             111.674             -0.849903           -221.784            1.92213             
1.67972             123648              47.4251             0.659031            111.671             -0.896966           -222.024            1.89547             
1.6832              123904              47.6118             0.634695            112.867             -0.604629           -224.89             1.86525             
1.68668             124160              47.588              0.630539            112.345             -0.798265           -223.563            1.7487              
1.69016             124416              47.8857             0.783391            112.381             -1.27809            -223.156            2.16375             
1.69363             124672              47.5811             0.566325            110.948             -1.64003            -219.717            1.84637             
1.69711             124928              47.7034             0.60915             111.994             -0.994064           -222.326            1.81195             
1.70059             125184              48.1216             0.581928            113.699             -0.695033           -226.427            1.60417             
1.70407             125440              48.0367             0.37506             112.996             -0.749134           -224.683            1.1147              
1.70754             125696              47.6007             0.347585            112.052             -1.09389            -222.737            1.1785              
1.71102             125952              47.012              0.559105            111.292             -0.81515            -221.598            1.63755             
1.7145              126208              47.6897             0.695784            112.95              -0.524189           -225.03             1.91226             
1.71798             126464              47.9872             0.654225            113.919             -0.56508            -227.209            1.6334              
1.72145             126720              48.4056             0.516153            114.67              -0.772533           -228.561            1.35038             
1.72493             126976              47.8568             0.21126             112.997             -0.833251           -224.92             0.679172            
1.72841             127232              47.5505             0.256141            112.028             -0.990621           -222.738            0.964962            
1.73189             127488              47.136              0.381805            112.205             -0.554687           -223.936            1.31546             
1.73537             127744              47.4685             0.648961            112.564             -0.585766           -224.45             1.66723             
1.73884             128000              47.6189             0.503404            113.44              -0.518464           -226.643            1.34293             
1.74232             128256              48.0571             0.582761            113.734             -0.299516           -226.666            1.59054             
1.7458              128512              47.3341             0.544896            110.775             -1.04697            -219.783            1.61468             
1.74928             128768              46.8179             0.434638            109.691             -1.23692            -217.715            1.48156             
1.75275             129024              47.0165             0.605124            112.22              -0.0904666          -224.224            1.83225             
1.75623             129280              47.9438             0.827142            113.553             -0.0957049          -226.343            2.2737              
1.75971             129536              48.298              0.622493            113.601             0.115356            -225.848            1.76529             
1.76319             129792              47.7991             0.416114            113.358             0.0307647           -226.006            1.25014             
1.76666             130048              47.3854             0.170124            112.194             -0.452126           -223.546            0.722949            
1.77014             130304              47.877              0.0626851           113.989             -0.228573           -227.616            0.6078              
1.77362             130560              48.9935             0.096833            117.092             0.422738            -234.272            0.511988            
1.7771              130816              48.5629             -0.00191776         115.352             -0.223985           -230.245            0.258948            
1.78058             131072              48.6118             -0.186831           114.375             -0.260872           -227.401            -0.148737           
1.78405             131328              48.105              -0.423199           113.462             -0.531886           -225.673            -0.503457           
1.78753             131584              48.0979             -0.198801           114.149             -0.579685           -227.568            0.192603            
1.79101             131840              47.7367             -0.109822           112.938             -0.167408           -224.899            0.180018            
1.79449             132096              47.1352             -0.0978185          111.841             0.0693696           -222.895            0.0516272           
1.79796             132352              47.0768             -0.131949           111.707             -0.292467           -222.64             -0.0179662          
1.80144             132608              47.317              -0.148359           111.322             -0.619454           -221.186            0.162525            
1.80492             132864              46.8393             -0.066464           110.27              -0.666979           -219.164            0.435923            
1.8084              133120              46.6877             0.11034             109.79              -0.277266           -218.08             0.837963            
1.81187             133376              47.1623             0.261065            111.426             0.328682            -221.674            0.990055            
1.81535             133632              47.2323             0.293186            111.421             0.00809441          -221.56             0.95624             
1.81883             133888              47.9894             0.199001            112.387             -0.741435           -223.026            0.863874            
1.82231             134144              47.5316             0.135864            111.929             -1.04277            -222.543            0.945992            
1.82579             134400              47.7667             0.204925            111.853             -0.56136            -221.868            0.811119            
1.82926             134656              47.8983             0.241218            111.838             -0.446091           -221.67             0.673808            
1.83274             134912              47.7564             0.0865879           112.52              -0.323815           -223.747            0.475828            
1.83622             135168              47.6388             0.0578696           110.823             -1.21204            -219.175            0.613656            
1.8397              135424              47.4615             0.268786            111.047             -0.875576           -220.12             1.07147             
1.84317             135680              47.4372             0.4887              111.207             -0.861902           -220.701            1.48933             
1.84665             135936              47.9211             0.558022            112.124             -0.78694            -222.447            1.41266             
1.85013             136192              48.225              0.605953            112.437             -0.670695           -222.723            1.40081             
1.85361             136448              48.1436             0.314784            112.413             -0.448227           -222.8              0.846634            
1.85708             136704              47.876              0.296979            111.804             -0.52409            -221.554            0.975036            
1.86056             136960              47.2272             0.335637            111.502             -0.884642           -222.025            1.11674             
1.86404             137216              47.1018             0.315159            112.919             -0.365824           -226.117            1.16089             
1.86752             137472              48.2457             0.496878            115.12              -0.59709            -230.19             1.5627              
1.871               137728              48.1323             0.553892            114.258             -0.220861           -228.048            1.58746             
1.87447             137984              48.0696             0.457492            114.135             -0.674461           -227.726            1.40245             
1.87795             138240              47.8544             0.255429            112.087             -1.33898            -222.479            0.992404            
1.88143             138496              47.4413             0.033128            112.861             -0.816883           -225.283            0.60358             
1.88491             138752              47.7287             0.267733            113.586             -0.717685           -226.893            0.947923            
1.88838             139008              47.499              -0.00594859         113.826             -0.509755           -227.986            0.457719            
1.89186             139264              47.5092             0.119027            113.248             -0.244925           -226.277            0.744703            
1.89534             139520              47.1345             -0.197081           112.481             -0.578412           -224.74             0.0503903           
1.89882             139776              46.903              0.197971            113.371             -0.64996            -227.534            0.905799            
1.90229             140032              47.5399             0.260469            112.749             -0.804259           -224.826            1.01182             
1.90577             140288              47.2766             0.24106             112.585             -0.676519           -224.871            0.891775            
1.90925             140544              46.8186             0.0616919           112.06              -0.925811           -224.237            0.718116            
1.91273             140800              47.024              0.233277            111.776             -0.717114           -223.057            0.856771            
1.91621             141056              47.499              0.307297            112.333             -0.467595           -223.823            0.8397              
1.91968             141312              47.0421             0.0501701           111.313             -0.394944           -221.657            0.360246            
1.92316             141568              47.2629             0.208754            112.365             -0.453208           -224.2              0.745144            
1.92664             141824              47.1677             0.222929            111.862             -0.451252           -222.972            0.706159            
1.93012             142080              47.1949             0.236448            112.373             -0.525282           -224.426            0.759636            
1.93359             142336              47.1371             0.275648            112.479             -0.307425           -224.759            0.878879            
1.93707             142592              47.2584             0.452236            113.257             0.0330351           -226.656            1.12455             
1.94055             142848              47.4412             0.284436            113.441             0.0180241           -226.962            0.90285             
1.94403             143104              47.3684             0.192525            113.08              -0.379713           -226.051            0.799174            
1.9475              143360              47.3514             0.235428            113.053             -0.358416           -225.96             0.776786            
1.95098             143616              47.2445             0.291581            113.331             -0.165396           -226.883            0.909055            
1.95446             143872              47.3591             0.143026            112.163             -0.56061            -223.485            0.465173            
1.95794             144128              47.2041             0.135225            112.904             -0.596208           -225.726            0.539307            
1.96142             144384              47.6352             0.0519296           113.463             -0.148663           -226.556            0.305339            
1.96489             144640              47.7335             0.132107            114.364             -0.0771609          -228.902            0.39443             
1.96837             144896              47.9493             0.244179            114.952             -0.402985           -230.212            0.725607            
1.97185             145152              47.5682             0.389716            112.725             -1.45183            -224.615            1.08028             
1.97533             145408              47.6713             0.307486            112.322             -1.30692            -223.337            0.873231            
1.9788              145664              46.8963             -0.00725763         111.673             -0.705423           -222.875            0.448184            
1.98228             145920              48.062              0.190701            114.221             0.0668664           -227.906            0.650342            
1.98576             146176              48.048              0.135012            113.389             -0.499911           -225.674            0.527956            
1.98924             146432              47.7643             0.242984            113.218             -0.189688           -225.656            0.921608            
1.99271             146688              47.2603             0.453773            110.893             -0.690048           -219.99             1.39522             
1.99619             146944              47.3634             0.533204            111.194             -0.661167           -220.696            1.70091             
1.99967             147200              47.2881             0.637716            112.673             -0.780383           -224.911            2.0081              
