#Time               nTime               force-x             force-y             force-z             moment-x            moment-y            moment-z            
0                   0                   4.33262e-05         -5.67209e-05        0.000693054         0.00053044          -0.000990216        -0.000262893        
0.00347769          256                 2.39219             -1.50688            -0.384061           0.841675            2.99207             -1.14677            
0.00695537          512                 42.5823             -34.2414            1.94767             30.9136             37.9834             -16.917             
0.0104331           768                 79.5561             -35.0405            56.8516             59.4856             38.0717             -37.792             
0.0139107           1024                74.2013             114.56              -32.9041            -145.388            149.606             166.686             
0.0173884           1280                49.0225             155.706             -48.6328            -200.374            135.497             254.234             
0.0208661           1536                -18.9663            81.4674             -21.2739            -97.863             20.8015             132.339             
0.0243438           1792                -43.3665            -23.3509            -11.1431            17.7591             -47.1857            -37.4482            
0.0278215           2048                -26.9789            -20.3368            8.62459             33.3406             -51.5346            -30.6411            
0.0312992           2304                -13.4775            -31.3645            -2.75874            29.6318             -18.2843            -46.181             
0.0347769           2560                -1.1411             -26.2671            -4.99983            21.7709             5.44727             -33.5546            
0.0382545           2816                -3.49325            -9.82404            -13.4625            0.926517            14.6685             -16.8386            
0.0417322           3072                -2.84764            -1.49372            -10.896             -4.09331            12.6507             0.415843            
0.0452099           3328                -1.67644            1.76133             -8.70489            -7.46197            11.1224             8.19795             
0.0486876           3584                1.20099             2.09548             -9.5968             -8.83054            16.1283             5.87182             
0.0521653           3840                4.02396             3.26147             -7.38659            -9.59022            16.5402             7.49267             
0.055643            4096                2.45879             4.35193             -4.95944            -9.17054            11.0198             8.69714             
0.0591207           4352                0.324085            2.04106             -5.0755             -6.20056            7.95885             5.20082             
0.0625984           4608                0.14136             4.85106             -5.0054             -8.9777             7.45302             9.98855             
0.066076            4864                -0.60575            4.00462             -4.61102            -7.91271            5.75041             8.52179             
0.0695537           5120                -1.52204            2.59049             -4.05627            -5.97179            3.80236             5.87928             
0.0730314           5376                -2.14334            1.73187             -4.23386            -4.97537            3.28948             3.90103             
0.0765091           5632                -2.09949            1.43773             -4.84141            -4.87947            4.28216             3.20848             
0.0799868           5888                -2.14149            0.841155            -5.02677            -4.25842            4.66381             2.11725             
0.0834645           6144                -2.18651            0.265494            -5.38935            -4.0504             5.0708              1.28211             
0.0869422           6400                -2.18378            0.223672            -5.91584            -4.32644            5.89305             1.20833             
0.0904198           6656                -2.22971            0.127185            -6.30086            -4.54454            6.40007             1.13221             
0.0938975           6912                -2.32199            -0.837476           -6.55654            -3.64553            6.70708             -0.220227           
0.0973752           7168                -2.71182            -1.73238            -6.39187            -2.69846            5.92786             -1.64316            
0.100853            7424                -3.1152             -2.07329            -6.45532            -2.3298             5.48755             -2.39863            
0.104331            7680                -3.20956            -2.15004            -6.35051            -2.31766            5.10113             -2.34148            
0.107808            7936                -3.694              -3.05526            -6.15426            -1.10588            4.23338             -3.95346            
0.111286            8192                -3.55663            -2.27059            -6.05789            -1.95235            4.23699             -2.89431            
0.114764            8448                -3.18345            -2.16405            -6.08071            -2.09837            4.76518             -2.32574            
0.118241            8704                -2.88239            -1.96186            -5.83721            -2.27958            4.97382             -2.21697            
0.121719            8960                -2.87696            -1.98427            -6.0761             -2.22182            5.24305             -2.50754            
0.125197            9216                -2.64113            -1.53556            -6.07397            -2.72977            5.58634             -1.48219            
0.128674            9472                -2.32617            -0.580244           -6.2667             -3.91017            6.30501             -0.0455039          
0.132152            9728                -2.19379            -0.365276           -6.29199            -4.17483            6.54844             0.36911             
0.13563             9984                -2.24493            -0.508569           -6.25911            -4.09506            6.28365             0.37318             
0.139107            10240               -2.25314            -0.545054           -6.41907            -4.13131            6.55911             0.316203            
0.142585            10496               -2.21437            -0.795204           -6.7537             -3.92181            7.10812             -0.0209782          
0.146063            10752               -1.98953            -0.231574           -6.7695             -4.58182            7.52169             0.85198             
0.149541            11008               -2.04355            -0.37563            -6.66675            -4.49516            7.16973             0.785928            
0.153018            11264               -2.12703            -0.822231           -6.53779            -3.89463            6.92358             -0.107248           
0.156496            11520               -2.18426            -0.970158           -6.22422            -3.63403            6.18773             -0.0247724          
0.159974            11776               -2.4007             -1.69742            -6.14668            -2.65553            5.92903             -1.57734            
0.163451            12032               -2.93856            -1.79407            -6.01891            -2.21403            5.13103             -2.28001            
0.166929            12288               -3.33793            -2.74049            -5.71019            -1.00803            3.9201              -3.47806            
0.170407            12544               -3.38847            -1.8703             -5.50426            -1.78317            3.48244             -2.19384            
0.173884            12800               -3.67155            -3.00764            -5.08171            -0.251084           2.59345             -4.25941            
0.177362            13056               -3.82111            -3.23173            -4.53479            0.0863472           1.50962             -4.49246            
0.18084             13312               -4.02157            -2.84999            -4.82889            -0.219894           1.71542             -4.19642            
0.184317            13568               -3.77398            -3.31831            -4.68075            0.357227            1.72573             -4.50064            
0.187795            13824               -4.13258            -3.80047            -4.59361            0.896511            1.23534             -5.71259            
0.191273            14080               -4.19391            -3.99563            -4.39446            1.16773             0.74652             -5.97798            
0.19475             14336               -3.8114             -3.51973            -4.28984            0.684898            1.04847             -4.76801            
0.198228            14592               -3.92903            -3.711              -4.41543            0.867058            1.18133             -5.61585            
0.201706            14848               -3.68098            -3.14634            -4.04584            0.306585            0.813664            -4.31871            
0.205183            15104               -3.87433            -3.81189            -4.05592            1.28137             0.66437             -5.75083            
0.208661            15360               -4.04402            -4.14154            -4.15809            1.55331             0.524206            -5.96142            
0.212139            15616               -4.12913            -3.67415            -4.11317            0.999347            0.330811            -5.23749            
0.215617            15872               -3.93796            -3.80733            -4.11982            1.14979             0.672222            -5.78038            
0.219094            16128               -4.08238            -3.22765            -4.35003            0.502649            0.802885            -4.84219            
0.222572            16384               -3.92183            -3.24876            -4.20599            0.636987            0.89377             -4.7361             
0.22605             16640               -4.03028            -3.83823            -4.11095            1.20042             0.396499            -5.43134            
0.229527            16896               -4.31734            -5.23959            -4.10754            2.75908             0.0324354           -7.78705            
0.233005            17152               -4.70531            -4.53763            -4.06401            2.0278              -0.379723           -6.85926            
0.236483            17408               -4.38226            -4.4652             -4.22102            1.95965             0.178519            -6.69339            
0.23996             17664               -4.51914            -4.66376            -3.88814            2.26451             -0.467974           -7.06096            
0.243438            17920               -4.36402            -5.82966            -3.88911            3.61697             -0.385032           -8.47328            
0.246916            18176               -4.18438            -5.39041            -4.18622            2.90925             0.405074            -8.27369            
0.250393            18432               -3.94908            -4.16099            -4.56355            1.43267             1.361               -6.14925            
0.253871            18688               -3.86853            -4.26317            -4.503              1.61011             1.51791             -6.37402            
0.257349            18944               -3.57395            -4.51999            -4.59681            1.75316             1.92384             -6.90041            
0.260826            19200               -3.28657            -4.53617            -4.6797             1.77837             2.43789             -6.15312            
0.264304            19456               -3.23134            -4.10503            -4.98012            1.04428             2.96517             -6.01277            
0.267782            19712               -3.23337            -4.08455            -4.93767            1.02164             2.83701             -5.67055            
0.27126             19968               -3.24704            -4.84649            -5.07988            1.72326             3.02648             -6.68903            
0.274737            20224               -3.36801            -4.03521            -5.05552            0.787886            2.75365             -5.61526            
0.278215            20480               -3.0524             -3.31405            -5.17908            -0.0288874          3.49422             -4.12132            
0.281693            20736               -2.90572            -4.35861            -5.14722            1.15454             3.63604             -5.98308            
0.28517             20992               -2.73479            -4.09012            -5.48323            0.645352            4.30683             -5.37477            
0.288648            21248               -2.76263            -3.62933            -5.32063            0.246258            4.15664             -4.84592            
0.292126            21504               -2.12701            -2.72754            -5.64989            -0.958152           5.52943             -3.25061            
0.295603            21760               -2.25583            -2.39686            -6.00387            -1.38008            5.88407             -2.85036            
0.299081            22016               -1.85577            -2.17466            -5.82481            -1.83126            6.10034             -2.10887            
0.302559            22272               -1.56913            -1.75775            -6.19454            -2.33229            7.07928             -1.58811            
0.306036            22528               -1.49677            -2.1439             -6.23235            -2.06564            7.31875             -2.14142            
0.309514            22784               -1.32133            -1.81344            -6.51061            -2.5293             8.04453             -1.80756            
0.312992            23040               -1.18121            -1.34939            -6.97299            -3.31872            8.8571              -0.805024           
0.316469            23296               -1.23802            -1.11046            -7.05309            -3.62783            8.88822             -0.195441           
0.319947            23552               -1.36753            -1.73609            -6.98734            -2.98186            8.58593             -1.17632            
0.323425            23808               -1.15211            -1.36705            -7.08572            -3.48307            8.92346             -0.125291           
0.326903            24064               -1.64088            -2.29242            -7.0452             -2.4079             8.36219             -2.11594            
0.33038             24320               -1.78863            -1.15677            -7.16564            -3.5768             8.28363             -0.265682           
0.333858            24576               -1.69012            -1.6934             -6.97398            -3.03156            8.01347             -0.926051           
0.337336            24832               -2.0484             -2.02692            -6.57006            -2.47826            6.92689             -1.44897            
0.340813            25088               -2.26992            -2.78675            -6.40431            -1.40093            6.36148             -2.76453            
0.344291            25344               -2.36807            -2.82941            -6.30111            -1.33052            6.03379             -2.65915            
0.347769            25600               -2.54664            -3.08849            -6.02301            -0.884197           5.45702             -3.40314            
0.351246            25856               -2.76082            -3.33268            -6.01701            -0.487875           5.10278             -4.01448            
0.354724            26112               -2.59056            -2.53132            -5.76378            -1.3789             4.92577             -2.62399            
0.358202            26368               -2.3312             -2.4113             -5.86753            -1.4958             5.446               -2.44292            
0.361679            26624               -2.53187            -2.22649            -5.49591            -1.47268            4.66275             -2.29678            
0.365157            26880               -2.58871            -2.28809            -5.39061            -1.25574            4.32645             -2.42836            
0.368635            27136               -3.15603            -3.18199            -4.79339            0.0311052           2.67002             -3.87363            
0.372112            27392               -3.57297            -4.08533            -4.41416            1.21329             1.53027             -5.54436            
0.37559             27648               -3.87852            -4.63554            -4.20414            2.08313             0.862173            -6.7617             
0.379068            27904               -3.30947            -4.15224            -3.93249            1.51779             1.10422             -5.69736            
0.382546            28160               -3.09773            -3.7858             -4.43282            1.07088             2.29577             -5.3553             
0.386023            28416               -2.31461            -2.721              -4.98925            -0.428323           4.2095              -3.53234            
0.389501            28672               -2.10103            -2.21901            -5.19973            -1.10777            4.81922             -2.71681            
0.392979            28928               -1.86306            -1.11232            -5.36718            -2.48457            5.46798             -0.875518           
0.396456            29184               -1.75487            -1.42097            -5.79924            -2.49781            6.20587             -1.25409            
0.399934            29440               -1.78792            -2.1077             -6.04108            -1.74358            6.4849              -2.06256            
0.403412            29696               -1.74581            -1.75355            -6.25937            -2.43922            6.9209              -1.4228             
0.406889            29952               -1.69549            -1.94695            -6.54637            -2.41454            7.45863             -1.65966            
0.410367            30208               -2.36966            -2.68654            -6.27235            -1.40399            6.11982             -3.04163            
0.413845            30464               -2.13211            -3.02842            -6.40301            -1.1803             6.53713             -3.3032             
0.417322            30720               -1.96071            -2.82125            -6.66032            -1.56052            7.18205             -2.77572            
0.4208              30976               -2.08378            -2.37069            -6.70525            -2.08337            6.9703              -2.21613            
0.424278            31232               -2.32145            -2.43996            -6.47151            -1.87186            6.41279             -2.23883            
0.427755            31488               -2.36474            -3.01332            -6.09735            -1.12003            5.76601             -3.39729            
0.431233            31744               -2.70091            -3.29439            -5.97804            -0.667235           5.10301             -3.7989             
0.434711            32000               -2.78294            -2.897              -5.98122            -0.882997           5.02586             -3.25001            
0.438188            32256               -2.31602            -2.7592             -6.06619            -1.16096            5.77178             -2.58906            
0.441666            32512               -2.38145            -2.2164             -6.25863            -1.93798            5.99614             -2.09874            
0.445144            32768               -2.16313            -2.31553            -6.2554             -1.73227            6.34958             -2.60184            
0.448622            33024               -1.93027            -2.70104            -6.08309            -1.23996            6.35359             -2.98721            
0.452099            33280               -1.97253            -1.99395            -6.34082            -2.28544            6.71075             -1.87886            
0.455577            33536               -1.93674            -1.51102            -6.62037            -2.85165            7.16756             -0.873901           
0.459055            33792               -1.89198            -1.10224            -6.74035            -3.3057             7.42521             -0.424027           
0.462532            34048               -1.81246            -1.18697            -6.73254            -3.3006             7.53908             -0.371234           
0.46601             34304               -1.67167            -2.48665            -6.01355            -1.61529            6.68175             -2.37699            
0.469488            34560               -1.40829            -2.00654            -6.37824            -2.32264            7.64738             -2.06973            
0.472965            34816               -1.40094            -1.54724            -6.90501            -2.9356             8.33549             -1.02802            
0.476443            35072               -1.35499            -0.227695           -7.04476            -4.60751            8.57351             1.35879             
0.479921            35328               -1.41882            -0.649277           -7.11679            -4.14165            8.72254             0.320823            
0.483398            35584               -1.57322            -1.11345            -6.81187            -3.54149            8.00677             -0.326846           
0.486876            35840               -1.57747            -1.58291            -6.66069            -2.92188            7.73844             -0.946061           
0.490354            36096               -1.73475            -1.98249            -6.4653             -2.34444            7.19978             -1.441              
0.493831            36352               -2.04021            -2.11927            -6.58231            -2.2828             6.97993             -1.80981            
0.497309            36608               -2.06283            -1.87991            -6.61027            -2.56879            6.95014             -1.62551            
0.500787            36864               -1.76974            -2.1954             -6.47081            -2.2048             7.25468             -1.84789            
0.504265            37120               -2.27428            -2.56719            -6.65618            -1.74649            6.8113              -2.54611            
0.507742            37376               -2.27674            -2.27119            -6.70239            -2.21039            6.77636             -2.25663            
0.51122             37632               -2.40827            -2.10185            -6.60901            -2.2415             6.50124             -1.8376             
0.514698            37888               -2.27539            -1.68719            -6.65507            -2.72469            6.81014             -1.42576            
0.518175            38144               -2.46267            -2.59715            -6.5133             -1.60928            6.27057             -2.64493            
0.521653            38400               -2.64589            -2.84789            -6.26623            -1.26643            5.62367             -3.14786            
0.525131            38656               -3.06997            -3.49018            -6.04973            -0.368215           4.75824             -4.32604            
0.528608            38912               -3.03715            -3.14745            -6.05102            -0.780559           4.73528             -3.93095            
0.532086            39168               -2.84556            -3.24531            -5.55459            -0.375947           4.27686             -3.67418            
0.535564            39424               -2.79101            -3.41614            -5.725              -0.350753           4.57168             -4.33233            
0.539041            39680               -2.71707            -2.82142            -5.71192            -0.870132           4.62305             -3.06919            
0.542519            39936               -2.42326            -3.16864            -5.90736            -0.518439           5.47192             -3.85743            
0.545997            40192               -1.93044            -2.03814            -6.36048            -2.20643            6.85474             -2.16083            
0.549474            40448               -2.44563            -1.77416            -6.37347            -2.33984            6.19579             -1.91791            
0.552952            40704               -2.1666             -2.51275            -6.28237            -1.48662            6.46389             -2.50086            
0.55643             40960               -1.97792            -2.90082            -6.49747            -1.34696            6.87993             -3.39218            
0.559907            41216               -1.91643            -1.72875            -6.96939            -2.81957            7.74424             -1.3604             
0.563385            41472               -1.6343             -2.39698            -6.69873            -2.11722            7.79714             -2.33263            
0.566863            41728               -1.7722             -2.90262            -6.33081            -1.30466            7.00147             -3.32359            
0.570341            41984               -1.55264            -2.27223            -6.70117            -2.09243            7.80969             -2.00542            
0.573818            42240               -1.71574            -1.61048            -6.95939            -2.90523            7.98902             -0.956074           
0.577296            42496               -1.67955            -0.255949           -7.03468            -4.51843            8.2015              0.98427             
0.580774            42752               -1.38694            0.0224349           -7.57208            -5.11754            9.4685              1.50851             
0.584251            43008               -1.01203            -1.17124            -7.65403            -3.85329            10.1843             -0.056482           
0.587729            43264               -1.34402            -0.766363           -7.49899            -4.33398            9.45033             0.223683            
0.591207            43520               -1.14987            -0.735867           -7.36459            -4.33573            9.43829             0.503951            
0.594684            43776               -0.811103           -0.680112           -7.28278            -4.49624            9.76025             0.515988            
0.598162            44032               -0.817741           -0.906758           -7.62407            -4.47818            10.2904             0.30388             
0.60164             44288               -1.51333            -2.18641            -7.34817            -2.76683            8.8557              -1.4514             
0.605117            44544               -2.28951            -1.59382            -6.97028            -3.22257            7.03879             -0.728467           
0.608595            44800               -2.53949            -1.92184            -6.67728            -2.55108            6.30344             -1.20396            
0.612073            45056               -2.98706            -3.20734            -6.16661            -1.02075            5.00656             -3.26837            
0.61555             45312               -3.39385            -3.53668            -6.09309            -0.375383           4.31457             -4.35405            
0.619028            45568               -3.42059            -3.82568            -5.9042             0.103408            3.98374             -4.95407            
0.622506            45824               -3.39133            -4.63205            -5.49257            1.113               3.33989             -5.96789            
0.625984            46080               -3.53899            -4.51248            -5.29652            1.19833             2.92547             -5.86754            
0.629461            46336               -3.4633             -4.02366            -5.4786             0.694419            3.29235             -5.71622            
0.632939            46592               -3.10946            -2.91693            -5.2306             -0.537912           3.3942              -3.44098            
0.636417            46848               -3.12383            -3.20805            -5.73276            -0.423481           4.3041              -4.33908            
0.639894            47104               -2.39165            -2.36197            -6.00371            -1.48661            5.68335             -3.03681            
0.643372            47360               -1.87968            -1.61059            -6.31704            -2.44792            6.91963             -1.71867            
0.64685             47616               -1.5262             -1.18441            -6.57307            -3.12821            7.6095              -0.761329           
0.650327            47872               -1.44719            -1.86668            -6.39588            -2.46473            7.55718             -1.68645            
0.653805            48128               -1.12189            -0.501436           -7.32963            -4.42996            9.54951             0.218979            
0.657283            48384               -1.44515            -0.66595            -7.5484             -4.17386            9.27094             0.384105            
0.66076             48640               -1.41671            -0.199808           -7.71239            -4.93749            9.60275             1.2201              
0.664238            48896               -1.33549            -0.277587           -8.03237            -5.01016            10.2335             1.04482             
0.667716            49152               -1.40787            -1.07973            -7.91574            -4.11311            9.91976             -0.0843477          
0.671193            49408               -1.68734            -2.21219            -7.50048            -2.87562            8.85001             -1.83616            
0.674671            49664               -1.79955            -2.35705            -7.60479            -2.59235            8.79452             -1.80063            
0.678149            49920               -1.59761            -2.22243            -6.96887            -2.5274             8.13802             -1.4914             
0.681626            50176               -2.21148            -3.4985             -6.50469            -0.940887           6.48819             -3.91937            
0.685104            50432               -2.5079             -3.46917            -6.37475            -0.738975           5.93842             -3.89804            
0.688582            50688               -2.61326            -2.22607            -6.33837            -1.98302            5.65178             -1.87195            
0.69206             50944               -3.05294            -3.43136            -6.16905            -0.513757           4.85478             -3.81031            
0.695537            51200               -3.10693            -3.89123            -6.05317            0.142204            4.65138             -5.00655            
0.699015            51456               -2.86647            -3.34139            -5.74943            -0.178139           4.621               -4.21566            
0.702493            51712               -2.2581             -3.07675            -5.54075            -0.536943           5.06646             -3.60805            
0.70597             51968               -2.23053            -1.94138            -5.81359            -1.97527            5.43115             -1.90697            
0.709448            52224               -2.1639             -1.54504            -5.7295             -2.24433            5.50875             -1.40708            
0.712926            52480               -1.36508            -2.27546            -5.99434            -1.59474            7.04349             -2.28656            
0.716403            52736               -1.88264            -1.11325            -6.21833            -2.98998            6.67917             -0.922981           
0.719881            52992               -1.38194            -0.722298           -6.28858            -3.67245            7.39165             0.0870152           
0.723359            53248               -1.0481             -0.215584           -6.5807             -4.245              8.35961             1.05906             
0.726836            53504               -1.13295            -1.24565            -6.86962            -3.2982             8.72037             -0.769225           
0.730314            53760               -1.307              -0.676553           -6.55806            -3.91509            7.92724             0.492994            
0.733792            54016               -1.15473            -0.890347           -6.90549            -3.77906            8.73029             -0.0518373          
0.73727             54272               -1.30026            -0.750732           -6.90809            -3.82028            8.49012             0.208293            
0.740747            54528               -1.47172            -1.36845            -6.54608            -3.13589            7.61775             -0.679724           
0.744225            54784               -1.54238            -1.53785            -6.69494            -3.04034            7.82093             -1.03607            
0.747703            55040               -1.36493            -0.943625           -7.10849            -3.76621            8.6414              0.298887            
0.75118             55296               -1.63608            -0.677446           -7.16721            -3.94302            8.49579             0.639961            
0.754658            55552               -1.55916            -0.776146           -7.04499            -4.07793            8.31421             0.215212            
0.758136            55808               -1.54296            -1.35166            -6.95985            -3.39074            8.24018             -0.769721           
0.761613            56064               -1.58678            -1.1268             -6.78018            -3.5243             7.83529             -0.108872           
0.765091            56320               -1.72994            -1.29947            -6.92084            -3.52425            7.86946             -0.300373           
0.768569            56576               -2.07523            -1.92699            -6.77948            -2.51569            7.1765              -1.74944            
0.772046            56832               -2.39514            -2.34306            -6.4786             -1.92945            6.37402             -2.1703             
0.775524            57088               -2.46169            -2.47368            -6.44136            -1.89422            6.1735              -2.58642            
0.779002            57344               -2.2111             -2.25509            -6.42645            -1.98024            6.4465              -2.17289            
0.782479            57600               -2.04679            -2.49066            -6.62883            -1.78387            6.91606             -2.35827            
0.785957            57856               -2.18226            -2.2169             -6.40354            -2.05097            6.46405             -2.01181            
0.789435            58112               -2.23833            -2.29691            -6.12263            -1.82503            5.94575             -2.50242            
0.792912            58368               -2.09734            -1.70272            -5.92662            -2.3623             5.87451             -1.32771            
0.79639             58624               -2.31227            -2.13562            -5.88021            -1.82248            5.50388             -2.00791            
0.799868            58880               -2.78024            -1.96905            -6.24032            -1.93193            5.42572             -2.04296            
0.803346            59136               -2.25135            -1.61326            -6.43627            -2.63811            6.45204             -1.31191            
0.806823            59392               -2.18112            -1.62082            -6.67205            -2.66623            6.86963             -1.1277             
0.810301            59648               -2.15797            -1.53892            -6.53217            -2.81943            6.74702             -1.19907            
0.813779            59904               -1.88629            -2.08516            -6.61237            -2.27394            7.28384             -2.16706            
0.817256            60160               -2.07503            -2.04357            -6.27524            -2.32377            6.35269             -1.6389             
0.820734            60416               -2.5539             -1.87903            -6.6118             -2.45943            6.35035             -1.85707            
0.824212            60672               -2.02106            -1.69708            -6.90383            -2.86969            7.49563             -1.20359            
0.827689            60928               -2.21944            -0.882149           -6.79937            -3.59651            7.03247             0.112714            
0.831167            61184               -2.05316            -1.56125            -6.76461            -2.78266            7.31027             -1.39329            
0.834645            61440               -1.63416            -1.81811            -6.53821            -2.49521            7.61922             -1.59212            
0.838122            61696               -1.44274            -1.54846            -6.51709            -2.76268            7.7611              -1.24732            
0.8416              61952               -1.2852             -1.32944            -6.76957            -3.17014            8.20878             -0.463057           
0.845078            62208               -1.45468            -1.34516            -6.74941            -3.2462             8.00681             -0.343724           
0.848555            62464               -1.4663             -0.359038           -6.93334            -4.39279            8.34847             0.793273            
0.852033            62720               -1.53322            -0.437787           -7.33765            -4.38744            8.87993             0.846166            
0.855511            62976               -1.44553            -0.634715           -7.34111            -4.18457            9.03049             0.499316            
0.858989            63232               -1.28197            -0.00677145         -7.34204            -5.0177             9.19242             1.60376             
0.862466            63488               -1.56094            -1.31925            -7.08284            -3.56398            8.30204             -0.163943           
0.865944            63744               -2.04569            -1.98846            -6.91915            -2.64742            7.50397             -1.48226            
0.869422            64000               -1.83855            -2.17645            -6.50697            -2.16017            7.17002             -1.78573            
0.872899            64256               -2.11097            -2.57696            -6.48718            -1.72451            6.64236             -2.43563            
0.876377            64512               -2.41413            -1.59701            -6.42293            -2.71322            6.17354             -1.15723            
0.879855            64768               -2.69623            -1.61883            -6.12399            -2.46478            5.36926             -1.14319            
0.883332            65024               -2.65331            -1.61292            -6.16428            -2.49461            5.51705             -1.26111            
0.88681             65280               -2.66307            -1.72704            -6.27463            -2.15301            5.72401             -1.48143            
0.890288            65536               -2.29982            -1.70106            -5.93947            -2.26179            5.62502             -1.30357            
0.893765            65792               -2.09584            -1.4137             -6.23794            -2.66419            6.48075             -1.20982            
0.897243            66048               -1.70321            -0.532794           -6.69341            -3.9769             7.68215             0.3238              
0.900721            66304               -1.49042            0.0688494           -6.63924            -4.61226            7.83016             1.67512             
0.904198            66560               -1.76674            -1.19986            -6.51204            -3.13692            7.24986             -0.484455           
0.907676            66816               -1.29088            -0.993559           -7.04253            -3.77437            8.74238             0.140359            
0.911154            67072               -1.19827            -0.684203           -6.98957            -4.04326            8.82189             0.373696            
0.914631            67328               -1.15785            -0.377935           -6.99568            -4.46407            8.82717             1.02214             
0.918109            67584               -1.16695            -0.791978           -7.32996            -4.27035            9.31163             0.675703            
0.921587            67840               -1.48357            -0.988492           -7.07138            -3.798              8.52431             0.603775            
0.925065            68096               -1.77363            -1.19798            -7.25056            -3.68331            8.41947             -0.483647           
0.928542            68352               -1.59194            -1.27165            -7.10248            -3.54728            8.29097             -0.113874           
0.93202             68608               -1.7442             -1.10287            -6.91729            -3.64928            7.96636             -0.0459574          
0.935498            68864               -1.77059            -0.638563           -6.97922            -4.08988            7.92657             0.59014             
0.938975            69120               -2.07653            -1.07689            -6.73986            -3.5901             7.16673             0.120605            
0.942453            69376               -2.2666             -2.19049            -6.60753            -2.0883             6.74673             -1.69635            
0.945931            69632               -2.13161            -1.97174            -6.27181            -2.35701            6.30073             -1.66858            
0.949408            69888               -2.27756            -2.42693            -6.13139            -1.73412            5.89748             -2.38127            
0.952886            70144               -2.27201            -1.6974             -6.12317            -2.45581            5.97228             -1.2672             
0.956364            70400               -2.61439            -1.56455            -6.31563            -2.62275            5.80163             -1.23865            
0.959841            70656               -2.47129            -2.10112            -6.26451            -2.05141            5.86115             -1.73141            
0.963319            70912               -2.39676            -2.6307             -6.09829            -1.23425            5.72102             -2.90928            
0.966797            71168               -2.34185            -2.66572            -5.74558            -1.07083            5.27828             -2.79687            
0.970275            71424               -2.34007            -2.43767            -5.89771            -1.57903            5.58147             -2.52182            
0.973752            71680               -2.05722            -1.39883            -6.48503            -2.78939            6.91375             -1.1061             
0.97723             71936               -1.83138            -0.88879            -6.37715            -3.31731            7.1475              -0.341203           
0.980708            72192               -1.27608            -0.870903           -6.62908            -3.53067            8.18062             0.137826            
0.984185            72448               -0.995713           -1.14995            -6.71262            -3.5011             8.68361             -0.374138           
0.987663            72704               -0.855566           0.0741855           -7.29767            -5.03457            9.80009             1.6964              
0.991141            72960               -0.639141           0.229426            -6.77698            -5.13243            9.3101              2.11211             
0.994618            73216               -0.679963           -0.820918           -7.127              -4.07135            9.77597             0.356691            
0.998096            73472               -0.987122           0.154782            -7.31918            -5.32774            9.53182             2.00243             
1.00157             73728               -1.3168             -0.489662           -7.33389            -4.41588            9.16959             0.976948            
1.00505             73984               -1.46476            -0.133673           -7.09989            -4.87214            8.52335             1.92529             
1.00853             74240               -2.00623            -1.35302            -6.98444            -3.39609            7.72385             -0.571606           
1.01201             74496               -2.11112            -1.12568            -7.04413            -3.571              7.62926             -0.33144            
1.01548             74752               -1.93225            -2.07566            -6.78376            -2.42149            7.38851             -1.40004            
1.01896             75008               -1.9522             -1.7948             -6.37645            -2.75089            6.79079             -1.0297             
1.02244             75264               -2.00501            -1.9161             -6.53932            -2.49891            6.99471             -1.62542            
1.02592             75520               -1.74201            -1.82242            -6.31305            -2.51018            6.99951             -1.29285            
1.0294              75776               -1.84313            -1.55735            -6.30303            -2.79205            6.8811              -1.01575            
1.03287             76032               -1.54909            -1.33186            -6.55703            -3.04874            7.58663             -0.374686           
1.03635             76288               -1.95858            -0.87256            -6.32248            -3.56703            6.74826             0.0911726           
1.03983             76544               -1.93094            -0.589194           -6.33388            -3.76424            6.78638             0.394351            
1.04331             76800               -2.10743            -1.17823            -6.29686            -3.05114            6.60172             -0.60495            
1.04678             77056               -2.37225            -1.33478            -6.30287            -2.94247            6.1787              -0.647692           
1.05026             77312               -2.45213            -1.72265            -6.15897            -2.41672            5.80581             -1.49495            
1.05374             77568               -1.90945            -0.891489           -6.42729            -3.41586            6.99263             -0.332288           
1.05722             77824               -1.47573            -0.129165           -6.78241            -4.58333            8.05893             1.15612             
1.06069             78080               -1.66602            -0.0707016          -6.97773            -4.78057            8.21465             1.36465             
1.06417             78336               -1.99033            -1.41923            -6.9499             -3.20898            7.72712             -0.652057           
1.06765             78592               -2.42353            -2.08708            -6.6829             -2.33521            6.57954             -1.93637            
1.07113             78848               -2.01519            -2.37585            -6.72128            -2.09757            7.26466             -2.1095             
1.07461             79104               -1.97427            -2.12489            -6.54555            -2.35003            7.02011             -1.45618            
1.07808             79360               -1.96008            -2.47624            -6.69293            -2.19148            7.19793             -2.31228            
1.08156             79616               -1.96902            -1.55993            -6.9815             -3.14673            7.7081              -0.913154           
1.08504             79872               -1.96947            -1.13024            -7.03742            -3.65676            7.79781             -0.200537           
1.08852             80128               -1.88254            -1.44898            -6.97227            -3.25256            7.8807              -0.739195           
1.09199             80384               -2.02938            -1.86346            -6.4536             -2.71098            6.78274             -1.325              
1.09547             80640               -2.00648            -2.32324            -6.38074            -2.02994            6.70921             -2.08707            
1.09895             80896               -2.04975            -1.60156            -6.4482             -2.80596            6.80788             -0.921795           
1.10243             81152               -1.99875            -1.90673            -6.45677            -2.44762            6.93777             -1.58567            
1.1059              81408               -1.52588            -1.13493            -6.36118            -3.27448            7.38655             -0.460675           
1.10938             81664               -1.45309            -1.07019            -6.83818            -3.33353            8.21701             -0.160835           
1.11286             81920               -1.35609            -0.528042           -6.83309            -4.19062            8.31828             0.88357             
1.11634             82176               -1.60221            -0.917398           -6.83608            -3.72465            8.02912             0.13098             
1.11981             82432               -1.38612            -1.34758            -6.3165             -3.19791            7.45894             -0.586534           
1.12329             82688               -1.34911            -1.59714            -6.35014            -2.7694             7.67878             -0.916486           
1.12677             82944               -1.59377            -1.15797            -6.69279            -3.40923            7.8322              -0.543685           
1.13025             83200               -1.70607            -1.38928            -7.02923            -3.26428            8.18229             -0.618774           
1.13373             83456               -1.72443            -0.936262           -6.98735            -3.77326            8.06798             0.0367409           
1.1372              83712               -1.48214            -0.735604           -6.81847            -4.05447            8.08612             0.361985            
1.14068             83968               -1.78583            -1.35741            -6.82961            -3.28696            7.72079             -0.36432            
1.14416             84224               -1.66387            -0.959855           -7.01565            -3.73934            8.26584             -0.22857            
1.14764             84480               -1.5179             -0.478977           -7.13033            -4.40171            8.57211             0.785513            
1.15111             84736               -1.51231            -0.283632           -7.13079            -4.70783            8.56021             1.30002             
1.15459             84992               -1.36377            -0.57518            -7.2117             -4.39641            8.89571             0.793813            
1.15807             85248               -1.66306            -1.29241            -7.12021            -3.39325            8.34771             -0.4438             
1.16155             85504               -1.82348            -1.92753            -7.03426            -2.79037            8.0765              -1.47963            
1.16502             85760               -1.1888             -0.555993           -7.29208            -4.61474            9.34355             0.606786            
1.1685              86016               -1.10506            -0.87432            -7.30739            -4.12691            9.42182             0.397575            
1.17198             86272               -1.35895            -0.801645           -7.45753            -4.36767            9.26699             0.587518            
1.17546             86528               -1.58297            -1.03836            -7.24856            -3.95297            8.65386             0.189717            
1.17894             86784               -2.09443            -1.59476            -7.11736            -3.25479            7.71757             -0.984498           
1.18241             87040               -1.99315            -2.08665            -7.05617            -2.62599            7.83578             -1.49077            
1.18589             87296               -2.03187            -2.34673            -6.8027             -2.3327             7.26337             -2.08846            
1.18937             87552               -2.15595            -1.93289            -6.59345            -2.51316            6.81514             -1.3317             
1.19285             87808               -2.42541            -2.47201            -6.59075            -1.94471            6.46405             -2.28552            
1.19632             88064               -1.9664             -1.45272            -6.70958            -3.10234            7.21892             -0.784788           
1.1998              88320               -1.57967            -1.40056            -6.55266            -2.95479            7.58982             -0.482904           
1.20328             88576               -1.59495            -1.15764            -6.75893            -3.46826            7.92512             -0.450833           
1.20676             88832               -1.40069            -0.376889           -6.95193            -4.48427            8.43636             1.06799             
1.21023             89088               -1.46579            -1.23233            -6.93729            -3.47966            8.40251             -0.41016            
1.21371             89344               -1.99992            -1.78659            -6.28561            -2.61481            6.58436             -1.25944            
1.21719             89600               -1.83923            -1.77877            -6.53293            -2.53646            7.16148             -1.16257            
1.22067             89856               -1.84342            -1.62976            -6.20064            -2.74586            6.61947             -1.10502            
1.22415             90112               -2.27418            -1.60045            -6.28               -2.71421            6.19349             -1.014              
1.22762             90368               -2.51886            -1.59709            -6.37423            -2.59138            6.00933             -1.25342            
1.2311              90624               -2.71235            -0.967005           -6.19669            -3.1088             5.51453             -0.410573           
1.23458             90880               -2.39423            -1.91882            -6.32725            -2.27789            6.16206             -1.73916            
1.23806             91136               -2.36595            -2.37508            -6.17257            -1.55441            5.95833             -2.20287            
1.24153             91392               -2.34883            -1.96797            -6.3192             -2.21798            6.25579             -1.93033            
1.24501             91648               -1.98878            -1.13473            -6.45248            -3.06953            6.94575             -0.546976           
1.24849             91904               -1.6757             -1.33897            -6.33417            -3.03608            7.22582             -0.886863           
1.25197             92160               -1.61561            -0.955451           -6.83706            -3.69026            7.97412             -0.203773           
1.25544             92416               -1.20769            0.0353982           -7.2302             -4.96955            9.08483             1.71485             
1.25892             92672               -0.971436           -0.186139           -7.02156            -4.65644            9.25828             1.30443             
1.2624              92928               -0.766069           -1.06821            -6.79984            -3.71331            9.1235              -0.211541           
1.26588             93184               -0.433543           -0.12705            -7.37168            -4.89345            10.5551             1.41434             
1.26936             93440               -0.870105           0.337758            -7.23353            -5.57267            9.5381              2.18543             
1.27283             93696               -1.24659            0.346969            -7.50405            -5.54709            9.56437             2.09836             
1.27631             93952               -1.42358            -0.204072           -7.38958            -4.90827            9.13614             1.53634             
1.27979             94208               -1.30386            -1.16928            -7.03042            -3.82517            8.73703             0.00725846          
1.28327             94464               -1.3112             -1.68421            -6.8565             -2.93135            8.4115              -0.954294           
1.28674             94720               -1.3552             -1.11028            -6.80499            -3.60606            8.23929             -0.0634177          
1.29022             94976               -1.47122            -0.32647            -7.31488            -4.7541             8.94001             1.25512             
1.2937              95232               -1.83435            0.788512            -7.42822            -5.8012             8.57387             2.56942             
1.29718             95488               -1.78423            -0.873095           -6.53159            -3.79937            7.15718             0.328939            
1.30065             95744               -2.44398            -1.97146            -6.46932            -2.25467            6.31529             -1.39059            
1.30413             96000               -2.37101            -1.73102            -6.70613            -2.78502            6.70829             -1.38337            
1.30761             96256               -2.26408            -0.572283           -6.93457            -4.16589            7.38179             0.263088            
1.31109             96512               -2.01312            -0.859311           -6.92742            -3.78038            7.534               0.196867            
1.31457             96768               -2.43757            -2.40477            -6.54129            -1.90643            6.48025             -2.69311            
1.31804             97024               -2.74475            -2.11025            -6.56533            -2.24015            5.94611             -2.00001            
1.32152             97280               -2.28296            -1.82332            -6.89733            -2.72902            7.10435             -1.39327            
1.325               97536               -1.78097            -0.66337            -7.24219            -4.23839            8.45905             0.194039            
1.32848             97792               -1.74229            -0.268131           -7.39418            -4.6265             8.61097             1.21979             
1.33195             98048               -1.72343            -1.06214            -7.00781            -3.65035            8.18497             -0.219891           
1.33543             98304               -1.41857            -0.999501           -6.80897            -3.84014            8.15311             0.189695            
1.33891             98560               -1.58687            -1.3917             -7.09825            -3.47849            8.44791             -0.632849           
1.34239             98816               -1.5824             -0.828145           -7.40651            -4.08892            8.86084             0.0722988           
1.34586             99072               -1.52289            -0.256569           -7.39085            -4.8341             9.00094             1.40243             
1.34934             99328               -1.79152            -0.303733           -7.55044            -4.74742            8.91329             0.912478            
1.35282             99584               -1.54103            -0.192354           -7.59436            -4.90638            9.31576             1.38313             
1.3563              99840               -1.39186            -0.87776            -7.42687            -4.11185            9.18968             0.382696            
1.35978             100096              -1.1501             -1.19399            -7.03973            -3.6579             9.04654             -0.192491           
1.36325             100352              -1.24308            -1.15585            -7.21485            -3.86398            9.05347             -0.230343           
1.36673             100608              -1.1051             -0.585552           -7.33708            -4.55382            9.42366             0.836807            
1.37021             100864              -1.28365            0.23542             -7.38021            -5.41213            9.2805              2.05159             
1.37369             101120              -1.31471            -0.989685           -7.34317            -3.90822            9.14861             0.49524             
1.37716             101376              -1.76513            -0.59018            -7.49767            -4.40115            8.80526             0.807324            
1.38064             101632              -2.05556            -1.34349            -6.96348            -3.43505            7.5176              -0.50863            
1.38412             101888              -2.3777             -2.34365            -6.45005            -2.15305            6.3076              -1.7078             
1.3876              102144              -2.65023            -2.38824            -6.57377            -2.03074            6.1981              -2.40587            
1.39107             102400              -2.5014             -1.78663            -6.78639            -2.61358            6.60104             -1.25063            
1.39455             102656              -2.28631            -1.86217            -6.50309            -2.47165            6.5942              -1.26914            
1.39803             102912              -1.8541             -1.59453            -6.26127            -2.81749            6.72103             -1.08676            
1.40151             103168              -2.14028            -1.96263            -5.95655            -2.0644             5.89784             -1.73972            
1.40499             103424              -2.00536            -1.96567            -5.67838            -1.96736            5.72235             -1.72451            
1.40846             103680              -1.7034             -1.10454            -6.1464             -3.16708            6.77211             -0.376365           
1.41194             103936              -1.67018            -0.78315            -6.41141            -3.57941            7.27676             0.388747            
1.41542             104192              -1.42389            -1.11673            -6.07717            -3.08113            7.11292             -0.215612           
1.4189              104448              -1.24928            -1.05465            -6.08978            -3.17941            7.4549              -0.287388           
1.42237             104704              -1.3994             -0.923141           -6.14329            -3.35261            7.32978             -0.264852           
1.42585             104960              -1.24876            -0.811114           -6.13761            -3.51554            7.41991             0.165785            
1.42933             105216              -1.71063            -1.69604            -5.86811            -2.36711            6.34354             -1.45456            
1.43281             105472              -1.90235            -1.57475            -6.20514            -2.46456            6.66633             -0.899239           
1.43628             105728              -2.44723            -1.03311            -6.32032            -3.16882            6.02184             -0.211046           
1.43976             105984              -2.31526            -1.35645            -6.07253            -2.75347            5.96153             -0.811842           
1.44324             106240              -2.43101            -2.5489             -6.03318            -1.44624            5.60201             -2.98524            
1.44672             106496              -2.62138            -2.34467            -5.89128            -1.49678            5.24463             -2.45556            
1.4502              106752              -2.52891            -2.25971            -5.83898            -1.74668            5.18755             -2.11985            
1.45367             107008              -2.09156            -2.31949            -5.96952            -1.72329            6.00101             -2.36197            
1.45715             107264              -2.57572            -1.54485            -6.18195            -2.43912            5.71261             -1.47999            
1.46063             107520              -1.82392            -1.31976            -6.37325            -2.89824            7.03283             -0.528744           
1.46411             107776              -1.23375            -0.944631           -6.92874            -3.70234            8.7019              -0.312178           
1.46758             108032              -0.878489           -0.303395           -6.85671            -4.39213            9.16691             0.869573            
1.47106             108288              -0.671722           0.277584            -6.97484            -5.21176            9.57852             1.99855             
1.47454             108544              -0.897914           0.105024            -7.22376            -5.16309            9.59947             1.79075             
1.47802             108800              -0.992818           -0.365837           -7.38418            -4.83968            9.60078             1.3023              
1.48149             109056              -1.54398            -1.5571             -7.39366            -3.35698            8.97505             -0.473468           
1.48497             109312              -1.70624            -1.10162            -7.4297             -3.94346            8.79566             -0.159711           
1.48845             109568              -1.65959            -1.63145            -7.38032            -3.34112            8.57092             -0.594021           
1.49193             109824              -2.01123            -2.14672            -6.8889             -2.6821             7.48524             -1.61133            
1.49541             110080              -2.45442            -2.55318            -6.83484            -1.94589            6.72273             -1.97047            
1.49888             110336              -2.83456            -3.31915            -6.1508             -0.739761           5.13747             -3.63443            
1.50236             110592              -2.91943            -3.78209            -6.02055            -0.195683           4.87521             -4.64015            
1.50584             110848              -3.06302            -2.83339            -5.92689            -1.01114            4.48432             -3.21229            
1.50932             111104              -3.25888            -2.31008            -5.51985            -1.33154            3.70804             -2.27786            
1.51279             111360              -3.04634            -2.53663            -5.71847            -1.07683            4.40306             -2.97159            
1.51627             111616              -2.55815            -3.08877            -5.47894            -0.257358           4.58157             -3.69492            
1.51975             111872              -2.00171            -2.08221            -5.25896            -1.5067             5.06823             -2.23288            
1.52323             112128              -1.52065            -1.41972            -5.65558            -2.59793            6.24407             -1.28592            
1.5267              112384              -1.51754            -1.00512            -6.21692            -3.26952            7.31945             -0.471362           
1.53018             112640              -0.973088           -0.0422379          -6.90726            -4.65931            9.07495             1.07752             
1.53366             112896              -0.86273            0.564073            -7.14568            -5.47289            9.61855             2.21323             
1.53714             113152              -0.871462           0.308243            -7.34218            -5.31747            9.83017             1.98149             
1.54062             113408              -1.31693            -0.144934           -7.57984            -5.20427            9.44571             1.5458              
1.54409             113664              -0.937513           -0.485751           -7.28862            -4.65494            9.59871             0.958981            
1.54757             113920              -0.804538           -1.32199            -7.00966            -3.58042            9.42953             -0.20115            
1.55105             114176              -0.777965           -1.54544            -7.14925            -3.4763             9.62093             -0.776222           
1.55453             114432              -0.626409           -0.426494           -7.3909             -4.81836            10.1055             1.22589             
1.558               114688              -0.829953           -0.488289           -7.32693            -4.78329            9.81264             1.28876             
1.56148             114944              -1.40038            0.0467395           -7.40676            -5.10821            9.2399              1.73603             
1.56496             115200              -1.52564            -0.943026           -7.01042            -3.83969            8.26856             0.397648            
1.56844             115456              -2.11609            -1.18726            -6.66454            -3.5551             7.04021             -0.245603           
1.57191             115712              -1.84204            -1.28872            -6.54653            -3.30404            7.23754             -0.581818           
1.57539             115968              -2.07618            -1.21588            -6.77673            -3.31174            7.25713             -0.317935           
1.57887             116224              -2.10575            -0.951473           -6.76342            -3.6197             7.15046             0.0452174           
1.58235             116480              -1.8957             -1.06162            -6.52161            -3.33544            7.2067              -0.362977           
1.58582             116736              -1.68743            -1.507              -6.45018            -2.94484            7.32537             -1.07872            
1.5893              116992              -1.17597            -0.638276           -6.77662            -4.07412            8.51759             0.358344            
1.59278             117248              -1.23825            0.0197488           -6.81692            -4.78748            8.44302             1.92911             
1.59626             117504              -1.466              -0.838642           -6.85251            -3.93007            8.18378             0.371385            
1.59974             117760              -1.47371            -1.53653            -6.56164            -3.06051            7.75343             -0.749214           
1.60321             118016              -1.54212            -1.48339            -6.16031            -2.89073            7.03541             -0.879006           
1.60669             118272              -1.87972            -1.96647            -6.04518            -2.22849            6.38091             -1.47322            
1.61017             118528              -2.08198            -0.973124           -6.37791            -3.40807            6.62785             -0.068949           
1.61365             118784              -2.16371            -1.83306            -6.06406            -2.35357            6.00595             -1.34446            
1.61712             119040              -2.19481            -1.35148            -6.35951            -2.80633            6.48356             -0.999253           
1.6206              119296              -1.81569            -0.572493           -6.30772            -3.7254             6.90971             0.320468            
1.62408             119552              -1.8635             -1.35793            -6.06382            -2.8419             6.37873             -0.434448           
1.62756             119808              -1.89505            -1.3169             -6.05185            -2.80557            6.35227             -0.586632           
1.63103             120064              -1.71491            -1.09281            -6.19894            -3.22458            6.94213             -0.645171           
1.63451             120320              -1.35519            0.180543            -6.78875            -4.78971            8.34172             1.62837             
1.63799             120576              -1.15088            -0.451592           -6.64181            -4.12836            8.32855             1.09231             
1.64147             120832              -1.11248            -1.51521            -6.63757            -3.15323            8.49699             -1.03851            
1.64495             121088              -0.884629           0.643494            -7.41979            -5.78484            9.88635             2.43729             
1.64842             121344              -0.881609           0.806672            -7.74556            -6.20177            10.354              3.29549             
1.6519              121600              -0.950506           -0.625466           -7.70792            -4.73588            10.1803             0.994878            
1.65538             121856              -1.39299            -1.66317            -7.8396             -3.68029            9.65619             -0.727732           
1.65886             122112              -1.90868            -1.42616            -7.16307            -3.63706            8.145               -0.255498           
1.66233             122368              -2.41161            -2.08071            -7.27968            -2.93896            7.39495             -1.30503            
1.66581             122624              -2.15737            -2.18428            -7.25012            -2.70889            7.74536             -1.30777            
1.66929             122880              -2.572              -2.89918            -6.86294            -1.78756            6.69217             -2.82011            
1.67277             123136              -2.72084            -2.56076            -7.16756            -1.86755            6.87164             -2.35966            
1.67624             123392              -2.4385             -2.04112            -6.96494            -2.55356            6.91671             -1.41222            
1.67972             123648              -2.81801            -2.00771            -6.8688             -2.53936            6.50992             -1.79494            
1.6832              123904              -2.54084            -2.0613             -6.35141            -2.29269            6.00536             -1.85183            
1.68668             124160              -2.24917            -3.0195             -6.30991            -1.04864            6.29042             -3.48789            
1.69016             124416              -1.99921            -2.22732            -6.22613            -1.95323            6.49921             -2.31074            
1.69363             124672              -1.53614            -1.05713            -6.50229            -3.4042             7.55294             -0.210637           
1.69711             124928              -1.10262            -0.0463891          -7.05417            -4.81393            9.09528             1.2912              
1.70059             125184              -0.987075           -0.402192           -7.37279            -4.5245             9.69935             0.557473            
1.70407             125440              -1.37421            -0.414269           -6.97877            -4.36627            8.54065             0.937198            
1.70754             125696              -1.79617            -1.44103            -7.06534            -3.20616            8.09647             -0.911788           
1.71102             125952              -1.96977            -1.42603            -6.71206            -3.18677            7.35276             -0.577881           
1.7145              126208              -2.31816            -1.38821            -6.92088            -3.18521            7.03037             -0.650793           
1.71798             126464              -2.10218            -2.24232            -6.82864            -2.40715            7.29809             -1.99587            
1.72145             126720              -2.57506            -2.20404            -6.81123            -2.2534             6.65044             -2.07735            
1.72493             126976              -1.99878            -2.49836            -6.86435            -1.97261            7.52643             -2.34091            
1.72841             127232              -1.57419            -1.21602            -7.13759            -3.53059            8.48505             -0.208717           
1.73189             127488              -1.58628            -0.387307           -7.43235            -4.58983            9.00536             0.900582            
1.73537             127744              -1.14322            0.00466038          -7.60077            -5.2133             9.81227             1.63398             
1.73884             128000              -0.927028           -0.953622           -7.31024            -4.16849            9.69837             0.16589             
1.74232             128256              -1.11745            -1.61677            -7.19744            -3.3229             9.25779             -0.847842           
1.7458              128512              -0.992159           -1.12001            -7.60035            -3.89908            9.98601             0.138257            
1.74928             128768              -1.10759            -0.487683           -7.38043            -4.67349            9.47581             1.28131             
1.75275             129024              -1.22426            -0.819301           -7.59333            -4.54641            9.62042             0.579095            
1.75623             129280              -1.45094            -0.656483           -7.05297            -4.35392            8.61376             0.702858            
1.75971             129536              -1.75526            -2.24677            -6.88263            -2.36601            7.65031             -1.27357            
1.76319             129792              -1.8208             -2.40007            -6.75217            -2.30841            7.49185             -2.05749            
1.76666             130048              -1.83494            -1.1879             -6.84017            -3.48167            7.60228             -0.185357           
1.77014             130304              -2.23661            -0.715581           -6.71883            -3.85303            6.95812             0.503837            
1.77362             130560              -2.31834            -0.772323           -6.97029            -3.83192            7.25568             0.142219            
1.7771              130816              -2.67132            -1.11129            -6.42873            -3.22105            5.96609             -0.689147           
1.78058             131072              -2.88962            -2.66878            -5.87743            -1.1288             4.73671             -3.00335            
1.78405             131328              -3.03376            -2.42302            -6.45173            -1.56107            5.42241             -2.37889            
1.78753             131584              -2.4607             -1.55933            -6.48244            -2.88716            6.21409             -1.09796            
1.79101             131840              -2.1847             -1.78693            -6.61806            -2.53657            6.86766             -1.53146            
1.79449             132096              -1.93489            -2.1879             -6.66794            -2.22608            7.3207              -2.20216            
1.79796             132352              -1.74208            -2.17905            -6.89741            -2.37228            7.87486             -1.86276            
1.80144             132608              -1.76786            -1.54642            -7.02836            -3.24283            8.0021              -1.01463            
1.80492             132864              -1.54278            -1.1809             -6.96138            -3.58363            8.16963             -0.0689616          
1.8084              133120              -1.60617            -1.57893            -6.73549            -2.94771            7.79608             -0.763672           
1.81187             133376              -1.79609            -1.69481            -7.01833            -2.96606            8.04835             -1.28427            
1.81535             133632              -1.6157             -0.837316           -6.84863            -3.84777            7.9397              0.249232            
1.81883             133888              -1.59911            -1.13987            -6.71894            -3.3872             7.85886             -0.263146           
1.82231             134144              -1.65857            -1.21897            -6.91323            -3.38843            8.0069              -0.353902           
1.82579             134400              -1.58074            -1.02315            -6.76886            -3.62017            7.88546             0.0699438           
1.82926             134656              -1.82489            -1.35825            -6.60753            -3.19815            7.40149             -0.627596           
1.83274             134912              -1.76207            -1.94361            -6.76175            -2.54529            7.68247             -1.84542            
1.83622             135168              -1.17337            -0.671616           -7.16542            -4.19741            9.02159             0.668411            
1.8397              135424              -1.38397            -0.159721           -6.98298            -4.62979            8.50237             1.48959             
1.84317             135680              -1.50318            -0.812079           -6.70651            -3.83802            7.82179             0.374825            
1.84665             135936              -1.79513            -1.16552            -6.54669            -3.25685            7.26439             -0.311138           
1.85013             136192              -1.93491            -1.36082            -6.62681            -3.09146            7.23301             -0.564061           
1.85361             136448              -2.03346            -1.11674            -6.7431             -3.46836            7.21224             -0.193114           
1.85708             136704              -2.46253            -1.50225            -6.58555            -2.87489            6.45683             -1.13909            
1.86056             136960              -2.41865            -1.77224            -6.36603            -2.51253            6.03039             -1.43583            
1.86404             137216              -2.37279            -1.81391            -6.242              -2.35988            5.9325              -1.23074            
1.86752             137472              -2.65444            -2.75949            -6.32528            -1.45266            5.68948             -2.93742            
1.871               137728              -2.915              -2.81166            -6.17607            -1.3834             5.10284             -3.13913            
1.87447             137984              -2.62995            -2.20817            -6.32859            -2.01254            5.64978             -1.81265            
1.87795             138240              -2.39305            -2.4193             -6.40012            -1.68524            6.30828             -2.59024            
1.88143             138496              -1.9821             -2.43638            -6.48154            -1.8837             6.8941              -2.39019            
1.88491             138752              -1.98008            -1.50182            -6.89191            -3.09387            7.55596             -1.18041            
1.88838             139008              -1.60024            -1.26898            -6.92827            -3.24809            8.1499              -0.630486           
1.89186             139264              -1.51944            -1.58841            -6.78924            -3.02245            8.08353             -0.997195           
1.89534             139520              -1.36625            -0.85032            -6.80378            -3.88772            8.31127             0.130875            
1.89882             139776              -1.44797            -0.928409           -7.00172            -3.96673            8.48058             0.111212            
1.90229             140032              -1.44044            -1.01755            -6.92145            -3.70606            8.33018             0.149631            
1.90577             140288              -1.35055            -1.53197            -7.13705            -3.33557            8.75444             -0.883206           
1.90925             140544              -1.39167            -1.63142            -7.14945            -3.20884            8.71941             -0.609192           
1.91273             140800              -1.9743             -2.19497            -6.7866             -2.52478            7.39213             -1.82905            
1.91621             141056              -2.07561            -1.58018            -6.95644            -3.12321            7.43345             -0.687078           
1.91968             141312              -2.02477            -1.72403            -7.2137             -3.13516            7.88685             -1.00324            
1.92316             141568              -1.67919            -1.45424            -7.20154            -3.36729            8.46419             -0.545485           
1.92664             141824              -1.7167             -1.05331            -6.96381            -3.66094            8.06684             0.120709            
1.93012             142080              -1.56023            -1.30641            -7.05183            -3.42401            8.36423             -0.534363           
1.93359             142336              -1.31754            -0.277703           -7.14268            -4.66621            8.91707             1.1302              
1.93707             142592              -1.31481            -1.23261            -6.98117            -3.56741            8.60234             -0.250078           
1.94055             142848              -1.56761            -1.44839            -6.70566            -3.23762            7.75571             -0.490093           
1.94403             143104              -1.6036             -0.825872           -6.78554            -3.81441            7.83498             0.506703            
1.9475              143360              -2.02573            -1.37787            -6.56812            -3.12898            6.92956             -0.294165           
1.95098             143616              -1.9682             -1.21168            -6.44935            -3.32871            6.89327             -0.197298           
1.95446             143872              -2.17883            -0.742836           -6.54596            -3.67649            6.7158              0.240199            
1.95794             144128              -2.16149            -2.59996            -6.56777            -1.54945            6.76445             -2.54518            
1.96142             144384              -2.26601            -1.6151             -6.2237             -2.57597            6.13791             -1.17312            
1.96489             144640              -2.5953             -1.47699            -6.5253             -2.78416            6.17359             -1.0032             
1.96837             144896              -2.41207            -1.74852            -6.33691            -2.53978            6.04019             -1.20895            
1.97185             145152              -2.19485            -1.89456            -6.11549            -2.2436             6.10777             -1.41991            
1.97533             145408              -2.55314            -2.81484            -5.90196            -1.1066             5.26115             -2.95241            
1.9788              145664              -2.10932            -2.65604            -5.90543            -1.38374            5.76002             -2.84575            
1.98228             145920              -1.80052            -1.29933            -6.11952            -2.87664            6.64422             -0.772547           
1.98576             146176              -1.47964            -1.17526            -6.84449            -3.42482            8.13341             -0.525081           
1.98924             146432              -0.992993           0.231467            -6.91865            -4.99711            8.94183             2.17465             
1.99271             146688              -1.32403            -0.719957           -6.93768            -3.95008            8.52281             0.272331            
1.99619             146944              -1.22534            0.0676426           -7.07225            -4.81601            8.8747              1.57101             
1.99967             147200              -1.19831            -0.743896           -6.88951            -4.06432            8.70657             0.599879            
