#Time               nTime               force-x             force-y             force-z             moment-x            moment-y            moment-z            
0                   0                   -1.96787e-05        -0.000283274        -1.78596e-05        0.000112456         -4.89235e-05        -0.000439572        
0.00347769          256                 0.314398            -7.55682            2.62362             5.86326             -6.9017             -19.9091            
0.00695537          512                 2.18409             135.327             -61.4458            -118.532            168.41              367.278             
0.0104331           768                 19.3774             -101.438            -8.09621            40.4532             22.6456             -277.076            
0.0139107           1024                -3.13555            -55.503             50.1269             68.8239             -140.223            -127.099            
0.0173884           1280                -4.27542            41.8198             -21.4476            -38.812             54.8147             119.292             
0.0208661           1536                2.3853              20.095              -18.0926            -25.4654            48.3381             48.5939             
0.0243438           1792                4.24269             -15.077             -1.4258             5.6266              6.43942             -43.7249            
0.0278215           2048                -2.06382            23.0189             -4.17293            -14.5703            11.1239             63.0359             
0.0312992           2304                -1.13196            7.39316             3.51875             -0.00762752         -7.79961            12.8473             
0.0347769           2560                0.00357342          10.6541             2.0031              -2.74456            -1.9618             16.3597             
0.0382545           2816                -0.531005           10.8528             3.25052             -1.99144            -5.64104            21.2436             
0.0417322           3072                -0.43935            7.3458              1.12281             -2.49998            -1.99336            18.3814             
0.0452099           3328                1.53403             -2.76369            0.43659             1.72725             0.669437            -11.0205            
0.0486876           3584                1.1244              2.69006             0.707293            -0.56825            -0.202261           2.89695             
0.0521653           3840                0.847723            0.832991            1.48019             0.965964            -2.90402            -1.04509            
0.055643            4096                0.288814            1.61256             0.883522            0.0468678           -2.32535            1.90861             
0.0591207           4352                0.140463            3.89505             -0.39598            -2.19581            0.699042            8.07059             
0.0625984           4608                0.0257885           6.42553             -0.93979            -3.89193            2.04371             14.164              
0.066076            4864                0.377413            5.75933             -0.861545           -3.49453            1.87359             11.6687             
0.0695537           5120                0.363508            6.81152             -2.1782             -5.06615            4.97824             13.8367             
0.0730314           5376                0.0377803           7.15821             -3.19404            -6.00742            7.24855             14.3425             
0.0765091           5632                -0.551982           9.88022             -5.07724            -8.90659            11.9529             21.602              
0.0799868           5888                -0.719928           10.2611             -6.40802            -10.216             15.6537             22.5902             
0.0834645           6144                -0.655525           12.1657             -7.12107            -11.7284            17.9815             27.3773             
0.0869422           6400                -0.752291           14.9424             -8.06426            -13.9167            20.707              35.0916             
0.0904198           6656                -0.626022           17.1758             -8.29993            -15.2331            21.8802             41.2292             
0.0938975           6912                -0.461503           17.8544             -8.07652            -15.3759            21.8678             42.9457             
0.0973752           7168                -0.844016           19.843              -7.83352            -16.0796            21.1556             48.5097             
0.100853            7424                -1.09256            22.4502             -7.11562            -16.6915            19.2475             55.7941             
0.104331            7680                -0.676382           25.8835             -8.28014            -19.3441            22.8518             64.6696             
0.107808            7936                -0.968193           28.1158             -9.38191            -21.3235            25.5994             70.9961             
0.111286            8192                -0.457746           29.3529             -10.345             -22.8215            28.9238             74.2532             
0.114764            8448                -0.318814           28.9543             -10.4722            -22.7734            29.5879             73.1313             
0.118241            8704                -0.480468           27.7744             -9.40547            -21.2384            26.4396             70.7089             
0.121719            8960                -0.539534           26.3952             -8.18458            -19.5268            23.0612             67.5586             
0.125197            9216                -0.46448            25.1209             -7.54906            -18.3659            21.451              64.3352             
0.128674            9472                -0.593426           24.146              -6.83248            -17.3078            19.3879             61.9243             
0.132152            9728                0.0589822           22.0331             -6.66853            -16.1831            19.3738             55.5177             
0.13563             9984                0.426528            20.9344             -6.99759            -15.9423            20.5381             52.3387             
0.139107            10240               0.562888            18.5267             -6.71894            -14.5032            19.8627             45.6204             
0.142585            10496               0.294274            17.7161             -5.94629            -13.4171            17.7132             43.739              
0.146063            10752               0.286929            17.6984             -5.02583            -12.6289            15.218              43.87               
0.149541            11008               0.328637            18.4228             -4.24372            -12.2812            13.2101             45.6251             
0.153018            11264               0.663648            16.7712             -3.90203            -11.1805            12.3464             40.9781             
0.156496            11520               0.744657            16.3744             -3.31225            -10.4601            10.7117             39.8777             
0.159974            11776               0.605086            16.2868             -2.7236             -9.91754            9.08771             39.7998             
0.163451            12032               0.691114            15.5553             -2.93955            -9.76719            9.76533             38.1901             
0.166929            12288               0.553291            14.8737             -2.52635            -9.11201            8.53121             36.9985             
0.170407            12544               0.653958            13.8719             -2.42046            -8.51768            8.34137             33.824              
0.173884            12800               0.659241            13.012              -2.68706            -8.33225            8.94088             31.7014             
0.177362            13056               0.511269            12.3794             -2.34982            -7.72222            7.87355             29.9459             
0.18084             13312               0.533721            10.8267             -1.55339            -6.30202            5.85651             25.8839             
0.184317            13568               0.69702             7.37782             -0.767266           -3.9809             3.72458             16.4577             
0.187795            13824               0.886226            5.97439             -0.383362           -2.95274            2.75006             12.0564             
0.191273            14080               0.822816            4.75417             0.00162622          -2.01018            1.69767             8.79762             
0.19475             14336               0.580832            4.18867             0.780667            -1.04895            -0.411727           7.42249             
0.198228            14592               0.671504            2.92696             1.00586             -0.252165           -0.999153           4.22011             
0.201706            14848               0.464801            1.93969             1.60969             0.707881            -2.71833            2.30062             
0.205183            15104               0.683137            1.58867             1.30758             0.596533            -1.88301            1.13819             
0.208661            15360               0.95434             0.839145            1.80116             1.34682             -3.19406            -1.09073            
0.212139            15616               0.744325            -0.372893           2.63269             2.63293             -5.42746            -4.19842            
0.215617            15872               1.19493             -1.71062            2.99355             3.55749             -6.25994            -8.28736            
0.219094            16128               1.44605             -2.28131            2.63131             3.46874             -5.34999            -9.68741            
0.222572            16384               1.12623             -2.18772            2.26266             3.088               -4.58202            -9.03692            
0.22605             16640               1.05224             -2.18533            2.23223             3.08219             -4.44403            -9.30166            
0.229527            16896               1.20814             -2.1407             2.44346             3.24388             -4.86939            -9.64542            
0.233005            17152               0.77043             -1.14905            2.96686             3.23554             -6.5118             -6.72294            
0.236483            17408               0.776318            -1.41907            3.23964             3.57491             -7.45751            -7.24688            
0.23996             17664               0.909445            -1.47674            3.43059             3.78573             -7.82249            -7.83145            
0.243438            17920               0.956217            -0.386101           3.21286             3.06284             -7.24966            -4.65096            
0.246916            18176               0.970346            -0.231315           3.36407             3.09967             -7.62635            -4.17577            
0.250393            18432               1.05828             -0.991606           2.91921             3.05323             -6.42337            -6.38787            
0.253871            18688               0.941227            0.433675            3.27115             2.70723             -7.38821            -2.80946            
0.257349            18944               0.730323            -0.0363912          3.53921             3.14004             -8.40916            -3.67322            
0.260826            19200               0.923661            -0.951421           3.41503             3.46476             -7.89345            -6.25348            
0.264304            19456               0.747969            0.710177            3.01062             2.35715             -6.7827             -1.86084            
0.267782            19712               1.02626             0.516515            2.54822             2.03406             -5.48914            -2.1938             
0.27126             19968               1.0018              0.444392            2.95076             2.43474             -6.50039            -2.6844             
0.274737            20224               1.02268             -0.469465           3.04865             2.95886             -6.53468            -5.09726            
0.278215            20480               1.13725             0.470049            2.7602              2.255               -5.60203            -2.67981            
0.281693            20736               1.16503             0.027183            2.96851             2.65863             -6.36756            -3.96562            
0.28517             20992               0.882505            0.927111            2.88659             2.19726             -6.41071            -1.45595            
0.288648            21248               0.87542             0.53029             2.60106             2.11769             -5.81593            -1.95889            
0.292126            21504               1.09314             -0.587114           3.02103             2.99679             -6.79775            -5.18704            
0.295603            21760               0.983216            0.206671            2.9247              2.5488              -6.45028            -3.54339            
0.299081            22016               1.25632             0.670159            2.07466             1.57981             -4.00196            -2.46297            
0.302559            22272               1.4109              -0.798133           2.56002             2.68809             -5.21803            -6.19446            
0.306036            22528               1.37797             -1.36267            2.48406             2.87345             -5.15169            -7.4507             
0.309514            22784               1.79147             -2.84447            2.45823             3.55121             -4.8513             -11.9558            
0.312992            23040               1.77687             -3.45515            2.90522             4.21589             -5.97132            -13.4988            
0.316469            23296               1.67015             -3.77414            3.29669             4.7205              -6.91281            -14.3554            
0.319947            23552               1.53611             -3.0365             3.25474             4.29496             -6.70984            -11.9888            
0.323425            23808               1.62773             -2.79742            3.46985             4.38854             -7.20381            -11.724             
0.326903            24064               1.50972             -2.12432            3.56482             4.12595             -7.78558            -9.33114            
0.33038             24320               1.68975             -2.98198            4.34799             5.19659             -9.573              -11.945             
0.333858            24576               1.69676             -2.9187             4.82996             5.61855             -10.8031            -12.4956            
0.337336            24832               1.45722             -1.13638            4.13013             4.17172             -9.09658            -7.56451            
0.340813            25088               1.62534             0.0638185           3.66821             3.20345             -7.82893            -4.40159            
0.344291            25344               1.44356             0.24955             3.58743             3.03598             -7.79358            -3.65244            
0.347769            25600               1.53339             0.235806            3.2301              2.73758             -7.06315            -3.49643            
0.351246            25856               1.40075             0.801991            2.81593             2.12123             -6.01259            -2.01903            
0.354724            26112               1.08321             0.817854            2.76253             2.06657             -5.68389            -1.73752            
0.358202            26368               1.10015             0.621597            2.57022             1.99816             -5.10717            -2.0644             
0.361679            26624               0.963428            1.29343             2.28505             1.44036             -4.61554            -0.235844           
0.365157            26880               1.1062              2.54204             1.9979              0.591023            -3.8603             2.81283             
0.368635            27136               0.984199            2.2225              1.98722             0.731626            -3.87993            2.10681             
0.372112            27392               0.918759            1.55924             1.8083              0.856756            -3.51116            1.15643             
0.37559             27648               0.914997            1.30675             1.61828             0.807023            -3.30502            0.589845            
0.379068            27904               0.856795            1.40417             1.90719             1.05724             -3.84992            0.12175             
0.382546            28160               0.906843            1.18785             2.38988             1.5876              -5.22982            -0.208805           
0.386023            28416               1.24573             0.0166922           2.93341             2.61317             -6.78619            -3.40468            
0.389501            28672               1.6206              0.492575            2.51963             2.0144              -5.53335            -2.715              
0.392979            28928               2.04569             -1.16482            2.56817             2.82647             -5.47904            -7.47537            
0.396456            29184               2.14477             -2.35613            2.88306             3.67439             -6.15172            -10.9338            
0.399934            29440               1.90703             -1.15411            2.3665              2.63328             -4.93336            -7.23841            
0.403412            29696               1.85811             -2.20891            2.96678             3.69846             -6.31553            -10.6477            
0.406889            29952               1.73937             -3.23921            2.97802             4.16215             -6.33765            -12.9721            
0.410367            30208               1.96125             -3.52991            3.08221             4.38098             -6.41553            -14.1884            
0.413845            30464               1.69142             -1.85272            2.32736             2.9265              -4.60537            -9.5866             
0.417322            30720               1.3946              0.178903            1.96783             1.67133             -3.6691             -3.78351            
0.4208              30976               1.57334             0.472592            1.26464             0.910201            -1.55681            -3.0791             
0.424278            31232               1.0631              1.52336             1.09256             0.279581            -1.37659            0.223177            
0.427755            31488               1.15825             1.55916             0.93449             0.136306            -0.95483            0.177275            
0.431233            31744               1.14956             2.20996             0.127809            -0.883496           1.22546             1.71818             
0.434711            32000               1.11841             1.33528             0.918421            0.216682            -0.83799            -0.601945           
0.438188            32256               0.995926            -1.53919            1.63406             2.19168             -2.85614            -7.86928            
0.441666            32512               0.912303            -1.26006            1.65021             2.13983             -2.74477            -7.82676            
0.445144            32768               0.920979            -0.836502           1.82073             2.05523             -3.17475            -6.17979            
0.448622            33024               1.37142             -0.106733           1.37462             1.33196             -1.72502            -4.59048            
0.452099            33280               1.44314             0.0225706           1.27562             1.15727             -1.50068            -4.15237            
0.455577            33536               1.66649             0.782934            1.42634             0.905761            -2.12156            -2.03346            
0.459055            33792               1.41357             1.41864             1.47321             0.634563            -2.44112            -0.0771858          
0.462532            34048               1.57612             1.77132             2.00652             0.93746             -3.60439            0.43802             
0.46601             34304               2.07823             1.33989             1.99587             1.07794             -3.31071            -0.536611           
0.469488            34560               2.34664             -0.999164           3.0107              3.00498             -5.81343            -6.45335            
0.472965            34816               2.03334             -1.52874            3.37879             3.60791             -6.91166            -8.06876            
0.476443            35072               1.80099             -1.03342            3.50411             3.51706             -7.26941            -6.82817            
0.479921            35328               1.8079              -0.0523647          3.29316             2.87514             -6.6293             -4.0614             
0.483398            35584               1.56187             0.465798            3.58638             2.89325             -7.63598            -2.44227            
0.486876            35840               1.82466             0.0602218           3.46724             2.98386             -7.11977            -4.19072            
0.490354            36096               1.81                0.598527            3.34452             2.63097             -6.91045            -2.70621            
0.493831            36352               1.65289             -0.102276           3.52758             3.14512             -7.41163            -4.48401            
0.497309            36608               1.4781              -1.41639            3.53763             3.79046             -7.54262            -8.11021            
0.500787            36864               1.34815             -1.2091             3.13959             3.36513             -6.91413            -7.52848            
0.504265            37120               1.14916             -0.65725            3.03864             3.03632             -6.63485            -5.79637            
0.507742            37376               0.650133            1.35998             2.65794             1.7648              -5.96026            0.0232205           
0.51122             37632               1.14747             0.552601            3.57904             2.95646             -8.0797             -2.76383            
0.514698            37888               1.29176             -0.470868           3.20519             3.07819             -6.80644            -5.3543             
0.518175            38144               1.58118             -0.988636           3.08498             3.20087             -6.33965            -6.90495            
0.521653            38400               1.44334             0.917143            3.14691             2.32731             -6.57696            -1.46721            
0.525131            38656               1.71274             1.81639             2.85507             1.66027             -5.95865            0.509416            
0.528608            38912               1.66718             2.11059             3.0729              1.71073             -6.47037            1.39213             
0.532086            39168               1.63445             2.20065             3.08656             1.68298             -6.63496            1.73145             
0.535564            39424               1.64138             3.44092             2.45373             0.543298            -4.93635            4.81552             
0.539041            39680               1.61932             5.35926             1.84929             -0.906197           -3.32692            9.87026             
0.542519            39936               1.43684             4.581               1.55618             -0.813804           -2.5917             8.1287              
0.545997            40192               1.54592             4.22316             1.52803             -0.657784           -2.46361            7.02354             
0.549474            40448               1.32416             2.5971              1.78559             0.34804             -3.14512            2.71592             
0.552952            40704               1.28171             2.34584             1.76742             0.47081             -3.20824            2.07847             
0.55643             40960               0.96917             2.32133             1.81777             0.521726            -3.42626            2.5154              
0.559907            41216               1.30619             0.349981            2.59558             2.16486             -5.3188             -3.10376            
0.563385            41472               1.51053             0.341672            1.85069             1.51174             -3.18857            -3.43401            
0.566863            41728               0.746056            1.36195             2.70489             1.76951             -5.98313            0.128079            
0.570341            41984               1.38347             1.90071             2.01994             0.870928            -3.65767            0.995184            
0.573818            42240               1.76328             1.25596             2.55086             1.60973             -4.95411            -0.680814           
0.577296            42496               1.80058             0.955415            3.4084              2.4705              -7.11057            -1.60741            
0.580774            42752               1.98481             0.508644            3.1145              2.38122             -6.30236            -2.5937             
0.584251            43008               1.73111             0.684662            3.65138             2.77323             -7.7787             -2.0603             
0.587729            43264               1.61375             -0.761089           3.61252             3.46115             -7.49225            -5.9067             
0.591207            43520               1.5383              -0.620783           3.28282             3.13332             -6.82887            -5.44801            
0.594684            43776               1.80454             -0.615398           3.08014             2.96558             -6.37499            -5.52929            
0.598162            44032               1.5333              -1.01488            3.08871             3.19582             -6.60059            -6.88071            
0.60164             44288               1.2795              0.577188            2.4133              1.87871             -4.95392            -2.79411            
0.605117            44544               0.880651            3.15301             1.80767             0.14808             -3.42064            4.07091             
0.608595            44800               1.12204             2.42313             0.706973            -0.471211           -0.206871           2.1905              
0.612073            45056               1.01984             1.6986              0.935359            0.0620982           -0.96165            0.616799            
0.61555             45312               0.911078            0.454512            1.43156             1.07021             -2.02288            -2.71879            
0.619028            45568               1.18478             -0.0799932          1.46889             1.3722              -2.07725            -4.43205            
0.622506            45824               1.19383             -0.393112           2.15375             2.11104             -3.83909            -4.80266            
0.625984            46080               0.801415            1.06375             2.57225             1.78987             -5.29508            -0.440316           
0.629461            46336               0.919767            2.82756             3.1662              1.45536             -6.70231            3.58465             
0.632939            46592               1.11539             3.99768             3.42256             1.09778             -7.22489            6.62039             
0.636417            46848               1.37681             1.04021             4.04112             2.95887             -8.78774            -0.579547           
0.639894            47104               1.72999             -0.316959           4.96935             4.40707             -11.1534            -4.83397            
0.643372            47360               1.89108             -0.572631           4.95226             4.52588             -11.4165            -5.40937            
0.64685             47616               1.81829             0.0687896           5.40383             4.64337             -12.6828            -4.25813            
0.650327            47872               1.60431             -0.246195           4.94557             4.42958             -11.6187            -5.12122            
0.653805            48128               1.70317             -2.03413            4.89232             5.25143             -11.4219            -9.55502            
0.657283            48384               1.92582             -1.36394            2.91567             3.22527             -6.08807            -8.18818            
0.66076             48640               2.32785             -0.952571           2.52776             2.65913             -4.78183            -7.93249            
0.664238            48896               2.02405             0.431231            2.31669             1.83101             -4.35713            -3.76904            
0.667716            49152               1.79836             0.851837            2.48073             1.75824             -4.7056             -2.27079            
0.671193            49408               1.56111             1.67848             2.00978             0.978592            -3.3875             0.0465381           
0.674671            49664               1.72543             1.10817             1.87368             1.1134              -2.74129            -1.86845            
0.678149            49920               1.4664              3.22345             1.59095             -0.147707           -2.17828            3.96507             
0.681626            50176               1.20254             2.65814             1.78181             0.236603            -2.94298            3.16552             
0.685104            50432               0.868697            3.37214             1.85594             -0.00665371         -3.40546            5.07625             
0.688582            50688               1.01997             4.50669             1.54311             -0.82553            -2.66078            8.01559             
0.69206             50944               1.34595             4.53647             1.40946             -0.910542           -2.26229            7.50768             
0.695537            51200               1.52555             3.51428             1.19727             -0.633747           -1.56471            5.01129             
0.699015            51456               1.61442             3.99313             0.414532            -1.54327            0.521133            6.7378              
0.702493            51712               1.2057              4.0267              0.889173            -1.10958            -0.867908           6.96702             
0.70597             51968               1.13927             5.10255             0.795214            -1.70402            -0.440739           9.67712             
0.709448            52224               1.13189             2.4131              1.18914             -0.113992           -1.55678            3.10325             
0.712926            52480               1.16391             1.97981             1.07123             -0.0241326          -1.31304            2.01921             
0.716403            52736               1.0797              0.64911             1.91573             1.35239             -3.51779            -1.59792            
0.719881            52992               0.995189            0.259721            2.7391              2.26852             -5.57268            -3.0828             
0.723359            53248               1.36275             -1.57931            2.65622             3.03854             -5.45494            -7.34824            
0.726836            53504               1.82543             -1.17558            3.42423             3.52128             -7.23623            -7.11632            
0.730314            53760               1.89419             -1.11623            3.61835             3.655               -7.78354            -6.74353            
0.733792            54016               2.05761             -1.13719            4.50768             4.45151             -10.245             -7.16115            
0.73727             54272               2.10754             -0.454839           4.39369             4.05214             -10.0315            -5.19717            
0.740747            54528               1.99487             -0.369517           3.99599             3.68982             -9.01322            -5.09876            
0.744225            54784               1.92159             0.195696            3.21662             2.72712             -6.80212            -3.59978            
0.747703            55040               1.94473             -0.870975           2.66266             2.75527             -5.2122             -6.68921            
0.75118             55296               1.87348             -1.18504            2.45926             2.75581             -4.96904            -7.70807            
0.754658            55552               1.89091             -3.53362            2.77052             4.16159             -5.67239            -13.9817            
0.758136            55808               1.60229             -2.65075            2.15446             3.20427             -4.0954             -11.509             
0.761613            56064               1.10236             -0.222093           1.54813             1.53987             -2.6947             -5.11474            
0.765091            56320               0.824872            1.26722             1.40464             0.687326            -2.38235            -0.50962            
0.768569            56576               0.935504            2.16515             1.36853             0.210749            -2.18348            1.43721             
0.772046            56832               1.29956             2.8492              1.19432             -0.330438           -1.52904            3.49156             
0.775524            57088               1.58067             3.81145             1.09161             -0.894014           -1.06186            5.91584             
0.779002            57344               1.68659             3.83424             1.50216             -0.561385           -2.04064            6.06061             
0.782479            57600               1.64172             3.22132             2.26285             0.383097            -4.09246            4.76966             
0.785957            57856               1.81063             2.30768             2.73041             1.18702             -5.41162            2.61034             
0.789435            58112               1.57222             2.38539             3.23918             1.59891             -6.84               2.87277             
0.792912            58368               1.68762             1.06245             3.31663             2.35344             -7.08764            -1.06206            
0.79639             58624               1.47875             2.92679             2.14674             0.467025            -4.1862             4.39861             
0.799868            58880               1.50434             1.71374             2.03646             0.977076            -3.7994             0.791706            
0.803346            59136               1.67912             0.871361            2.02448             1.36922             -3.61918            -1.77205            
0.806823            59392               1.31574             1.57285             1.70633             0.773701            -3.03768            0.48813             
0.810301            59648               1.33037             0.218076            1.87251             1.56141             -3.36027            -2.98912            
0.813779            59904               0.948421            1.8675              2.17518             1.06773             -4.19018            0.672489            
0.817256            60160               0.582132            0.79291             3.04762             2.31163             -6.91191            -1.756              
0.820734            60416               0.814597            0.806847            2.92588             2.21044             -6.72264            -1.9482             
0.824212            60672               0.950135            0.511927            2.8358              2.29438             -6.262              -2.81525            
0.827689            60928               0.90506             0.191055            2.98852             2.59561             -6.48671            -3.59555            
0.831167            61184               1.20911             1.1424              2.43495             1.62914             -4.71344            -1.09353            
0.834645            61440               1.62417             0.652161            2.40358             1.79237             -4.61313            -2.07209            
0.838122            61696               2.09871             -0.715228           2.79392             2.76135             -5.30675            -6.1427             
0.8416              61952               1.91821             -0.544754           2.29891             2.23786             -4.22407            -5.25807            
0.845078            62208               1.89828             -0.565827           2.50787             2.44876             -4.86656            -5.59909            
0.848555            62464               1.89214             -0.406806           2.62604             2.46946             -5.19297            -5.10613            
0.852033            62720               1.50357             0.496319            2.1427              1.62651             -3.95989            -2.47806            
0.855511            62976               1.39689             0.851549            2.25869             1.5919              -4.44344            -1.99709            
0.858989            63232               1.28865             -0.826857           2.84227             2.89002             -5.75389            -6.11996            
0.862466            63488               0.941443            -1.39068            3.25762             3.50742             -7.07737            -7.19613            
0.865944            63744               0.904584            -1.41265            3.66637             3.88138             -8.23566            -7.61617            
0.869422            64000               0.889578            -0.566697           3.28137             3.13142             -7.19639            -5.13874            
0.872899            64256               1.05463             -0.224813           3.47914             3.14587             -7.54072            -4.1486             
0.876377            64512               1.10113             0.893585            3.58345             2.73221             -7.93391            -1.82741            
0.879855            64768               0.937824            1.68902             3.46337             2.23288             -7.71648            0.769274            
0.883332            65024               1.32115             1.9453              2.89918             1.63681             -6.26207            1.22055             
0.88681             65280               1.76434             1.06975             3.06346             2.19867             -6.51546            -1.36468            
0.890288            65536               1.75407             2.05806             2.6353              1.35391             -5.23372            1.35112             
0.893765            65792               1.78281             2.53114             1.89985             0.486697            -3.37673            2.7977              
0.897243            66048               1.92682             2.61137             2.1423              0.665776            -4.00461            2.61802             
0.900721            66304               1.8132              2.24376             2.66669             1.29096             -5.23848            1.52635             
0.904198            66560               1.62826             0.534729            2.53483             1.9486              -4.93705            -2.38352            
0.907676            66816               1.54174             0.541419            3.00558             2.34925             -6.18553            -2.40768            
0.911154            67072               1.80099             0.263526            2.82164             2.27737             -5.76861            -2.77725            
0.914631            67328               2.10167             1.15565             3.20266             2.21714             -6.43215            -1.35888            
0.918109            67584               2.33384             0.0783124           3.9617              3.36949             -8.29807            -4.37332            
0.921587            67840               2.39118             -0.857517           3.98713             3.82816             -8.62866            -6.55253            
0.925065            68096               2.27269             -0.300492           3.56095             3.21762             -7.62044            -5.2176             
0.928542            68352               2.14119             -0.032082           2.92664             2.54868             -5.96418            -4.33509            
0.93202             68608               1.91194             -0.809376           2.41868             2.48457             -4.93188            -6.00725            
0.935498            68864               1.67218             -0.539241           2.3141              2.31906             -4.45009            -6.03761            
0.938975            69120               1.58266             0.595391            1.61958             1.14497             -2.69542            -2.96009            
0.942453            69376               1.27416             0.984236            1.7948              1.11377             -3.40347            -1.63768            
0.945931            69632               1.02056             1.67645             1.80352             0.810232            -3.57588            0.492785            
0.949408            69888               1.24517             2.00479             1.69568             0.540038            -3.11076            1.2041              
0.952886            70144               0.772966            2.05722             1.9853              0.775904            -3.94277            1.89061             
0.956364            70400               0.811923            2.07009             2.27659             1.02625             -4.4983             1.92661             
0.959841            70656               0.854912            1.23331             2.12363             1.24344             -4.23137            0.159842            
0.963319            70912               0.591399            1.60645             2.27725             1.19501             -4.73698            1.32789             
0.966797            71168               1.1111              0.937711            1.92962             1.2277              -3.49758            -1.08187            
0.970275            71424               1.20356             0.963977            2.06773             1.34378             -3.80944            -1.00027            
0.973752            71680               1.55504             -0.682362           2.47143             2.51119             -4.78794            -5.91732            
0.97723             71936               1.85725             -0.787398           2.35848             2.43709             -4.63637            -6.11344            
0.980708            72192               1.95646             -0.517413           2.4062              2.30127             -4.75432            -5.01729            
0.984185            72448               1.91147             -0.710457           2.70094             2.66824             -5.42536            -5.88068            
0.987663            72704               1.88631             0.952146            2.52966             1.70748             -4.84443            -1.63875            
0.991141            72960               1.78153             -0.356081           2.88915             2.61699             -6.19409            -4.63919            
0.994618            73216               1.43574             0.00768808          2.98811             2.54634             -6.41647            -3.82212            
0.998096            73472               1.50209             0.532574            2.49423             1.89401             -4.78458            -2.61428            
1.00157             73728               1.33656             1.65119             1.88499             0.859159            -3.18444            0.451711            
1.00505             73984               1.89254             0.612274            2.1486              1.57565             -3.6454             -2.46449            
1.00853             74240               1.95136             0.686736            2.69316             2.03592             -5.0677             -2.67235            
1.01201             74496               1.65238             0.401398            2.76446             2.20478             -5.51027            -2.52523            
1.01548             74752               1.76925             -0.0438334          3.19315             2.81384             -6.63825            -4.2651             
1.01896             75008               1.87944             -0.641994           3.32123             3.19463             -7.07547            -5.70307            
1.02244             75264               2.0199              -1.61179            3.1914              3.54502             -6.71987            -8.39662            
1.02592             75520               1.7271              -0.753386           3.16825             3.12606             -6.74234            -5.81385            
1.0294              75776               1.3051              -0.690031           2.95734             2.93446             -6.45758            -5.51231            
1.03287             76032               1.20259             -0.0828279          2.52783             2.27015             -5.23432            -4.00633            
1.03635             76288               1.21018             0.097431            2.56465             2.24058             -5.35168            -3.7812             
1.03983             76544               1.25394             0.949932            2.43556             1.72781             -5.07825            -1.51332            
1.04331             76800               1.23768             1.59147             2.43437             1.41143             -5.03189            0.200774            
1.04678             77056               1.06873             -0.652153           3.33736             3.2511              -7.41661            -5.61546            
1.05026             77312               1.00779             -0.121369           2.25013             2.05639             -4.80148            -4.05234            
1.05374             77568               0.95711             -0.0453635          2.14661             1.95052             -4.50348            -3.71443            
1.05722             77824               1.08498             -0.444474           2.85996             2.78243             -6.05845            -5.22104            
1.06069             78080               1.35321             0.120696            2.54763             2.20808             -5.21614            -3.7034             
1.06417             78336               1.49062             -0.412192           3.00918             2.79835             -6.22952            -4.78714            
1.06765             78592               1.63025             -0.726244           3.37703             3.26345             -7.17021            -5.94209            
1.07113             78848               1.73252             -1.42642            4.14791             4.30069             -9.05039            -8.74782            
1.07461             79104               1.39535             0.0343208           4.12002             3.56668             -9.18174            -4.14439            
1.07808             79360               1.29224             0.561897            3.54865             2.81982             -7.7739             -2.39662            
1.08156             79616               1.25516             0.683877            3.64493             2.86903             -7.98698            -2.26594            
1.08504             79872               1.5337              -0.414402           4.07996             3.72715             -8.95397            -5.0055             
1.08852             80128               1.3463              0.0919967           4.12238             3.53941             -9.27643            -3.90136            
1.09199             80384               1.2699              1.7671              3.15004             1.91024             -6.79075            0.652097            
1.09547             80640               1.36553             1.03557             3.35476             2.42676             -7.4372             -1.02484            
1.09895             80896               1.53825             0.894948            3.16551             2.33925             -6.88509            -1.89882            
1.10243             81152               1.59512             1.56219             2.83171             1.76385             -6.10772            -0.435727           
1.1059              81408               1.23302             2.39866             2.31306             0.889929            -4.75822            2.81678             
1.10938             81664               1.2317              1.57189             2.72489             1.6738              -5.64808            0.226218            
1.11286             81920               1.56593             1.88254             2.78265             1.53795             -5.51554            0.753775            
1.11634             82176               1.80855             1.30873             2.96538             1.95982             -6.05231            -0.711512           
1.11981             82432               1.41257             1.74657             3.06375             1.88206             -6.59363            0.475646            
1.12329             82688               1.3625              1.59967             2.47051             1.43478             -5.23078            0.277001            
1.12677             82944               1.546               1.66316             2.39549             1.33342             -5.08129            0.577069            
1.13025             83200               2.04916             0.65976             1.86331             1.36191             -3.38576            -2.82349            
1.13373             83456               1.76733             0.0166771           1.77254             1.59478             -3.28674            -4.033              
1.1372              83712               1.72297             0.21886             2.13087             1.81128             -4.18674            -3.73894            
1.14068             83968               1.56072             1.03387             2.47769             1.73351             -5.05745            -1.65391            
1.14416             84224               1.61284             1.08107             1.93242             1.2269              -3.62641            -1.45036            
1.14764             84480               1.54554             2.45215             1.2237              -0.0667059          -1.76594            2.162               
1.15111             84736               1.56647             3.12492             1.34284             -0.277425           -2.074              3.63891             
1.15459             84992               1.58813             2.69845             1.5972              0.134953            -2.57462            2.69949             
1.15807             85248               1.46376             1.203               2.12302             1.26404             -4.09529            -0.185779           
1.16155             85504               1.94489             -1.029              2.57203             2.71044             -5.0326             -6.72477            
1.16502             85760               1.92529             -1.63057            3.31035             3.64049             -6.81716            -8.65261            
1.1685              86016               1.56936             -0.947161           2.87571             2.93627             -5.75645            -6.66537            
1.17198             86272               1.42489             -0.383797           2.92893             2.73887             -5.9275             -5.7122             
1.17546             86528               1.0044              1.86251             2.65861             1.44228             -5.24307            0.96961             
1.17894             86784               0.879517            1.63259             2.80016             1.68114             -5.73466            0.584042            
1.18241             87040               1.09128             0.711119            3.1612              2.43826             -6.74005            -1.91252            
1.18589             87296               1.10731             2.70567             2.97241             1.36851             -6.19298            2.84218             
1.18937             87552               1.01947             2.77021             3.37435             1.71107             -7.45595            3.08952             
1.19285             87808               1.07167             2.41483             2.74464             1.31684             -5.84537            2.48398             
1.19632             88064               1.33814             1.0806              2.67157             1.87374             -5.4503             -1.0999             
1.1998              88320               1.5017              0.534262            2.5631              2.02682             -5.24039            -2.72073            
1.20328             88576               1.19036             -0.225914           2.78709             2.56154             -5.85226            -4.27444            
1.20676             88832               1.23994             -2.62192            3.12606             3.97728             -6.57235            -11.0426            
1.21023             89088               1.06522             -1.99039            3.41643             3.92589             -7.41023            -9.48093            
1.21371             89344               0.84062             -1.04088            3.40831             3.47977             -7.67808            -6.36453            
1.21719             89600               0.860724            0.524027            3.33531             2.69303             -7.5226             -2.12576            
1.22067             89856               1.15833             0.262136            3.0172              2.59405             -6.43368            -3.24717            
1.22415             90112               1.54717             -0.0112554          2.47708             2.23616             -4.90213            -3.9599             
1.22762             90368               1.3868              0.477955            2.37779             1.93368             -4.82961            -2.80532            
1.2311              90624               1.884               -2.37676            2.30455             3.17606             -4.44199            -10.2746            
1.23458             90880               1.98166             -1.9106             2.35297             2.9785              -4.59731            -9.22313            
1.23806             91136               1.5275              -1.85217            2.29978             2.89651             -4.78116            -8.71181            
1.24153             91392               1.50999             -0.360332           1.35789             1.38121             -2.18655            -5.21441            
1.24501             91648               1.37598             0.2571              1.29859             1.04049             -2.05355            -3.79618            
1.24849             91904               1.20295             1.07699             1.3327              0.659686            -2.26949            -0.84058            
1.25197             92160               1.35153             2.8391              1.58614             0.0364427           -2.63128            3.63956             
1.25544             92416               1.69079             1.23656             2.16223             1.26862             -3.97962            -0.586622           
1.25892             92672               1.835               -0.511443           2.9074              2.76632             -6.06445            -5.52271            
1.2624              92928               1.84364             0.153137            2.71694             2.28132             -5.3324             -4.08926            
1.26588             93184               1.6209              0.658308            2.97996             2.25459             -5.95507            -2.16308            
1.26936             93440               1.89379             0.399107            3.44033             2.76045             -6.9701             -3.10615            
1.27283             93696               1.68351             0.855242            3.81066             2.85479             -8.23044            -1.51495            
1.27631             93952               2.03545             0.107564            3.70354             3.14749             -7.77261            -4.41611            
1.27979             94208               1.73465             0.424706            4.00927             3.25531             -8.72223            -3.06796            
1.28327             94464               1.71731             -0.677827           3.56224             3.3854              -7.64627            -5.36904            
1.28674             94720               1.47533             0.930488            2.97612             2.16986             -6.09926            -1.42704            
1.29022             94976               1.39368             1.04079             2.63167             1.83076             -5.27237            -1.13895            
1.2937              95232               1.0312              1.65671             2.35753             1.26956             -4.68828            1.11015             
1.29718             95488               0.696333            1.5747              2.63493             1.56029             -5.50646            0.794656            
1.30065             95744               1.19307             -0.645118           2.47179             2.46411             -4.88582            -5.42362            
1.30413             96000               1.3093              -1.18526            2.52098             2.77984             -4.88055            -7.28002            
1.30761             96256               1.37049             -2.107              3.19616             3.82509             -6.72826            -9.94311            
1.31109             96512               0.913224            -1.56245            3.28249             3.68877             -7.24745            -8.30911            
1.31457             96768               0.693141            -0.0681819          2.86363             2.64789             -6.3978             -4.27504            
1.31804             97024               0.987764            1.00619             2.84484             2.09569             -6.12019            -1.71072            
1.32152             97280               1.47965             0.199642            2.8664              2.46077             -5.94809            -3.95291            
1.325               97536               2.14457             0.339266            3.08646             2.57015             -6.43661            -3.89041            
1.32848             97792               2.34879             -0.46938            4.03227             3.75783             -8.77302            -6.15047            
1.33195             98048               1.85369             -0.517611           4.14831             3.88127             -8.84564            -5.76583            
1.33543             98304               1.6479              0.400093            3.94665             3.2615              -8.47414            -3.05486            
1.33891             98560               2.044               -0.568096           3.37845             3.22697             -6.77198            -5.87904            
1.34239             98816               2.00031             -1.41027            3.99062             4.15326             -8.39005            -8.07604            
1.34586             99072               1.69878             -1.17378            4.52534             4.52089             -10.0504            -7.34953            
1.34934             99328               2.04781             -2.28319            4.34216             4.87148             -9.73448            -10.1653            
1.35282             99584               1.63995             -1.70341            4.68528             4.90229             -10.9362            -8.5163             
1.3563              99840               1.77962             -1.48536            4.24306             4.44796             -9.69479            -8.53099            
1.35978             100096              1.33341             -1.08421            4.25487             4.27966             -9.84787            -6.74087            
1.36325             100352              1.78107             -2.13642            3.76793             4.34569             -8.22201            -9.74163            
1.36673             100608              1.61586             -1.77414            3.45947             3.8969              -7.40275            -8.74287            
1.37021             100864              1.69045             -0.976222           3.26909             3.34598             -6.82864            -6.71863            
1.37369             101120              1.72591             -2.888              4.11539             4.9715              -9.18628            -11.6163            
1.37716             101376              1.41663             -1.11824            4.24534             4.27452             -9.62901            -7.18063            
1.38064             101632              1.20683             -0.89204            4.57717             4.46297             -10.7097            -6.66061            
1.38412             101888              0.9846              0.188979            4.32293             3.73599             -10.3495            -3.84723            
1.3876              102144              1.35065             -1.39664            3.80014             4.02704             -8.89881            -8.24553            
1.39107             102400              0.967653            -0.185438           3.27641             2.98619             -7.58738            -4.53824            
1.39455             102656              0.952217            -0.520812           3.08521             2.99382             -6.76055            -5.52312            
1.39803             102912              1.08274             1.38808             2.12705             1.20708             -4.0764             0.057639            
1.40151             103168              1.17109             1.77628             2.53393             1.3858              -5.24337            1.11465             
1.40499             103424              1.11986             2.23631             1.69693             0.433606            -3.26587            2.55483             
1.40846             103680              1.10332             1.77172             1.38859             0.342727            -2.47714            1.69402             
1.41194             103936              1.11135             0.447297            2.00918             1.52339             -3.98471            -1.91706            
1.41542             104192              1.34303             -0.66502            2.65037             2.62227             -5.69138            -5.40544            
1.4189              104448              1.19274             -0.157359           2.571               2.29914             -5.76057            -3.80984            
1.42237             104704              1.47088             -0.209228           2.3542              2.13929             -4.82666            -4.12632            
1.42585             104960              1.23175             0.567861            3.14776             2.4962              -6.88723            -2.05694            
1.42933             105216              1.2582              -0.640559           3.10093             3.01297             -6.72828            -5.13468            
1.43281             105472              1.07075             1.09418             2.58116             1.76429             -5.5547             -0.761965           
1.43628             105728              1.28604             0.977182            2.07157             1.37361             -4.19772            -1.16769            
1.43976             105984              1.01464             0.818281            2.92958             2.20695             -6.33209            -1.55098            
1.44324             106240              1.31401             0.206936            2.78414             2.34025             -5.74762            -3.12603            
1.44672             106496              1.69719             -0.482107           2.54238             2.44729             -5.27155            -5.03484            
1.4502              106752              1.38219             0.454946            2.64638             2.10057             -5.59199            -2.50778            
1.45367             107008              1.24156             0.542261            1.81913             1.34665             -3.50253            -2.0279             
1.45715             107264              1.07604             -0.0180556          1.76918             1.57205             -3.38245            -3.52574            
1.46063             107520              1.51095             -0.987277           2.04768             2.27268             -3.96064            -6.78029            
1.46411             107776              1.38601             -1.47467            2.64096             3.01108             -5.6218             -7.68144            
1.46758             108032              1.52882             -1.22901            3.31216             3.51504             -7.17745            -7.54417            
1.47106             108288              1.75735             -1.02367            3.32178             3.41026             -7.23233            -6.6827             
1.47454             108544              1.72821             -0.34026            3.49126             3.24109             -7.46974            -5.2096             
1.47802             108800              1.8338              -1.20637            3.4194              3.53643             -7.10884            -7.40088            
1.48149             109056              1.94894             -1.81804            3.31573             3.712               -6.85558            -8.96866            
1.48497             109312              1.70364             -1.21872            3.19437             3.3416              -6.91182            -7.20821            
1.48845             109568              1.20597             1.44297             3.23519             2.16873             -6.95065            -0.525435           
1.49193             109824              1.05927             2.009               3.3223              1.98315             -7.25125            1.0897              
1.49541             110080              0.933967            2.19018             2.53044             1.21118             -5.08208            1.92207             
1.49888             110336              0.816409            2.17626             2.01062             0.762216            -3.84874            2.27561             
1.50236             110592              0.798883            2.20849             1.68057             0.448559            -3.22253            2.65956             
1.50584             110848              0.912931            2.32421             1.17003             -0.0109412          -1.90372            2.46414             
1.50932             111104              0.633591            2.50017             0.752213            -0.454876           -0.97876            3.24615             
1.51279             111360              0.640739            2.46999             0.419725            -0.720095           0.0627826           3.348               
1.51627             111616              0.80982             2.0276              0.963411            -0.0519424          -1.22354            2.17089             
1.51975             111872              1.15344             1.59956             1.59735             0.692489            -2.78531            0.820047            
1.52323             112128              1.16454             0.678128            2.30115             1.73446             -4.54192            -1.53438            
1.5267              112384              1.01724             -0.93276            3.49152             3.51496             -7.6637             -5.95951            
1.53018             112640              1.29439             -2.69423            3.61576             4.46301             -8.08445            -10.9641            
1.53366             112896              1.53098             -3.87658            3.72032             5.09811             -8.24303            -13.846             
1.53714             113152              1.32112             -3.44181            3.38042             4.60425             -7.47224            -12.6586            
1.54062             113408              1.53133             -2.6607             2.90226             3.83779             -6.10876            -11.2822            
1.54409             113664              1.2888              -1.80292            3.47616             3.92492             -7.7075             -8.86226            
1.54757             113920              1.56803             -2.80186            3.60332             4.48523             -7.99206            -11.4959            
1.55105             114176              2.01327             -1.76933            3.57517             3.98122             -7.59774            -9.92478            
1.55453             114432              1.83091             -1.70503            3.71047             4.03396             -7.98807            -9.40133            
1.558               114688              1.90382             -0.848937           3.35551             3.2989              -7.08708            -6.87681            
1.56148             114944              1.61563             -0.165797           3.30763             2.94007             -7.23013            -4.45813            
1.56496             115200              1.73526             0.279794            2.78198             2.31065             -5.77784            -3.41275            
1.56844             115456              1.62793             2.01535             2.1618              0.948326            -4.016              1.20032             
1.57191             115712              2.0472              0.812347            1.68375             1.03745             -2.68565            -1.68709            
1.57539             115968              1.89453             0.653375            2.16776             1.51341             -3.99979            -1.57309            
1.57887             116224              1.78234             -0.343242           2.34375             2.15887             -4.40529            -4.49948            
1.58235             116480              1.55279             -0.0513308          2.23329             1.93606             -4.27652            -3.71783            
1.58582             116736              1.43061             -0.0654611          2.28101             1.96673             -4.64674            -3.54227            
1.5893              116992              1.23437             -0.0443812          2.65376             2.30619             -5.6257             -3.89726            
1.59278             117248              1.36644             -0.171248           2.62254             2.38615             -5.59213            -4.68956            
1.59626             117504              0.930505            1.46318             2.48371             1.51624             -5.45856            0.0598007           
1.59974             117760              1.1053              0.621151            2.40366             1.85764             -4.98899            -2.38865            
1.60321             118016              1.02135             0.94352             2.59745             1.8779              -5.67174            -1.44762            
1.60669             118272              1.13581             2.69566             2.43302             0.925954            -5.11536            2.76473             
1.61017             118528              1.31943             1.70048             2.18567             1.13941             -4.39046            0.721771            
1.61365             118784              1.21227             1.67862             2.72077             1.62052             -5.59627            0.532878            
1.61712             119040              1.37128             0.51598             2.87049             2.28329             -5.90929            -2.13619            
1.6206              119296              1.34703             1.49865             2.83895             1.78064             -5.94067            0.356036            
1.62408             119552              1.38044             2.09683             3.06411             1.69593             -6.65274            1.65251             
1.62756             119808              1.56413             0.90242             2.75524             1.98845             -5.98741            -1.33396            
1.63103             120064              1.32993             0.652533            3.2065              2.51172             -7.23417            -1.68341            
1.63451             120320              1.34637             -0.234912           3.42499             3.13698             -7.52663            -4.24795            
1.63799             120576              1.66941             -2.00613            3.54667             4.05714             -7.70732            -9.07269            
1.64147             120832              2.20351             -2.80578            2.72722             3.70483             -5.1905             -11.6101            
1.64495             121088              2.17365             -1.97121            2.85842             3.44414             -5.54097            -9.71421            
1.64842             121344              1.47547             0.162253            2.97074             2.53507             -5.98148            -3.5127             
1.6519              121600              1.51921             -0.579188           3.45444             3.31768             -7.07997            -5.7843             
1.65538             121856              1.14362             0.400947            3.21802             2.64293             -6.70605            -2.56228            
1.65886             122112              0.836381            0.033661            3.19386             2.80135             -7.16466            -3.43771            
1.66233             122368              1.30064             -0.720673           3.40667             3.35734             -7.43439            -6.47217            
1.66581             122624              1.45725             -1.28818            4.17654             4.28712             -9.34385            -8.07343            
1.66929             122880              1.22832             -0.521336           3.49114             3.35503             -7.57903            -5.65795            
1.67277             123136              1.23395             -0.742997           4.03177             3.93699             -9.04218            -6.04822            
1.67624             123392              1.37476             -0.387305           3.8809              3.62862             -8.5914             -5.02459            
1.67972             123648              1.72058             -1.27133            3.67197             3.83853             -7.92643            -7.79812            
1.6832              123904              1.85749             -0.230627           3.13729             2.85528             -6.56955            -5.04722            
1.68668             124160              2.01529             -0.376533           3.05806             2.79516             -6.39215            -4.92932            
1.69016             124416              1.88315             0.225817            2.55299             2.08179             -5.07657            -3.72452            
1.69363             124672              1.59353             0.54729             2.52152             1.91241             -5.1491             -2.77108            
1.69711             124928              1.72901             0.503243            2.33197             1.73983             -4.54532            -2.96096            
1.70059             125184              1.34218             0.627747            2.7762              2.11754             -6.1124             -2.18213            
1.70407             125440              1.0924              0.0187659           2.90849             2.51738             -6.304              -3.65066            
1.70754             125696              0.973752            0.175257            2.34776             2.00483             -5.14404            -3.18749            
1.71102             125952              0.82121             0.404201            2.20004             1.76425             -4.59618            -2.4182             
1.7145              126208              1.04288             0.600535            2.58116             2.02085             -5.43011            -2.25146            
1.71798             126464              1.19516             1.17408             3.0618              2.17963             -6.64767            -1.00974            
1.72145             126720              1.42222             0.778414            3.19                2.43701             -6.79023            -1.89996            
1.72493             126976              1.9493              0.0807627           2.89285             2.51278             -5.57856            -4.27262            
1.72841             127232              1.99392             -1.38449            3.08185             3.36353             -6.0671             -8.20588            
1.73189             127488              1.90391             0.02482             3.40334             2.96398             -7.23926            -4.45291            
1.73537             127744              1.73761             -0.689533           4.05401             3.86975             -9.1666             -6.05512            
1.73884             128000              1.84526             -1.09923            3.46408             3.55244             -7.5565             -6.8843             
1.74232             128256              2.04358             -0.151713           3.00367             2.71406             -6.06369            -5.05825            
1.7458              128512              2.0786              0.5904              2.61892             2.02755             -5.00521            -3.28961            
1.74928             128768              2.32157             -0.36538            3.01455             2.80559             -5.93364            -5.82732            
1.75275             129024              1.9146              0.204907            2.86465             2.3602              -5.51074            -3.96972            
1.75623             129280              1.50389             0.330476            2.91692             2.34634             -5.87407            -3.03531            
1.75971             129536              1.31611             1.50535             2.77744             1.66697             -5.77059            0.54115             
1.76319             129792              1.5105              1.38772             2.52782             1.53914             -4.9437             -0.305075           
1.76666             130048              1.29212             1.4255              2.45368             1.47012             -4.90756            -0.102431           
1.77014             130304              1.3646              1.07139             1.79378             1.05091             -3.2101             -0.840165           
1.77362             130560              1.29697             0.303237            1.98481             1.58289             -3.74645            -3.02922            
1.7771              130816              0.87685             1.14478             1.41095             0.685577            -2.45163            -0.31083            
1.78058             131072              0.837047            2.21767             1.40581             0.211604            -2.4615             2.16618             
1.78405             131328              1.11546             1.60707             1.694               0.765067            -2.99693            0.347896            
1.78753             131584              1.01692             0.964817            1.75801             1.11069             -3.22491            -0.742241           
1.79101             131840              1.19389             0.0286742           2.2453              1.96911             -4.51867            -3.23071            
1.79449             132096              1.33972             -0.0669978          2.64271             2.37141             -5.5614             -3.77492            
1.79796             132352              1.53442             -0.349269           2.91797             2.75428             -6.23678            -4.94623            
1.80144             132608              1.80213             -0.299745           2.7703              2.59844             -5.56394            -5.25968            
1.80492             132864              1.61848             -0.872567           2.97225             3.05021             -6.14719            -6.74792            
1.8084              133120              1.95757             -1.34941            2.26338             2.633               -4.25272            -8.03903            
1.81187             133376              1.7197              -1.67563            2.47017             2.97402             -4.6775             -9.12568            
1.81535             133632              1.44673             -0.4624             2.60429             2.51641             -5.25856            -5.69548            
1.81883             133888              1.51426             -1.25057            3.09783             3.27235             -6.64823            -7.51808            
1.82231             134144              1.17644             0.275994            2.77902             2.27215             -5.93356            -2.9005             
1.82579             134400              1.17326             0.433019            3.01036             2.4484              -6.28783            -2.90301            
1.82926             134656              1.19609             1.18686             2.31952             1.49915             -4.53453            -0.687622           
1.83274             134912              1.51542             0.587779            2.32489             1.75176             -4.45929            -1.97653            
1.83622             135168              1.58564             -0.251415           2.61545             2.39481             -5.06892            -4.24499            
1.8397              135424              1.48692             1.04986             2.35137             1.58098             -4.25444            -1.26691            
1.84317             135680              1.60124             1.3941              2.61532             1.59385             -5.02409            -0.0809647          
1.84665             135936              1.72089             1.11564             2.73379             1.84241             -5.17759            -1.47112            
1.85013             136192              1.61203             0.0905269           3.26134             2.78181             -6.91207            -3.93142            
1.85361             136448              1.24681             -0.192678           3.35312             3.03285             -7.49444            -4.64753            
1.85708             136704              0.843168            0.472906            3.40791             2.75544             -7.89914            -2.15312            
1.86056             136960              0.671564            0.815045            3.5768              2.77321             -8.48471            -1.15443            
1.86404             137216              0.947912            1.21901             2.99782             2.09815             -6.64953            -0.491512           
1.86752             137472              1.1239              2.7341              2.68532             1.10583             -5.66831            3.28191             
1.871               137728              1.17535             1.04879             2.63316             1.85692             -5.24765            -1.07039            
1.87447             137984              0.934863            1.95624             3.08825             1.83965             -6.59451            1.37803             
1.87795             138240              1.44863             0.0876562           2.86627             2.50868             -5.87342            -3.25036            
1.88143             138496              1.81084             -0.233695           2.85624             2.62323             -5.7196             -4.55487            
1.88491             138752              1.54514             -1.00251            2.91324             3.03401             -5.7883             -6.50718            
1.88838             139008              1.34893             -0.95345            2.94669             3.03545             -6.1548             -6.35081            
1.89186             139264              1.40551             -1.78079            3.92345             4.29952             -8.83802            -8.66934            
1.89534             139520              1.48795             -1.96563            4.18605             4.61499             -9.48698            -9.37773            
1.89882             139776              1.40334             -0.911419           3.92882             3.87259             -8.66188            -6.50069            
1.90229             140032              1.71584             -2.0937             3.80722             4.29875             -8.32349            -9.75978            
1.90577             140288              1.29387             -0.874191           4.27742             4.12153             -9.62766            -6.0169             
1.90925             140544              1.44023             1.19479             3.94384             2.86219             -8.78716            -1.1338             
1.91273             140800              1.52098             -0.516091           3.94392             3.68969             -8.69748            -5.74537            
1.91621             141056              1.66826             0.651116            2.98745             2.30305             -6.124              -2.37902            
1.91968             141312              1.87656             0.269986            3.11688             2.62758             -6.54073            -3.98076            
1.92316             141568              1.89548             -0.718093           3.66664             3.57636             -7.9529             -6.50403            
1.92664             141824              1.91853             0.690189            3.07636             2.39283             -6.39658            -2.69841            
1.93012             142080              2.02698             -0.736866           3.64713             3.51577             -7.83016            -6.0138             
1.93359             142336              2.02134             -0.950318           3.56214             3.51008             -7.4892             -6.64242            
1.93707             142592              1.89112             -1.86658            3.99463             4.34727             -8.67802            -9.28219            
1.94055             142848              1.84482             -0.466418           3.50714             3.22979             -7.19691            -5.16329            
1.94403             143104              1.88425             0.0527935           3.42762             2.94935             -6.91908            -4.17082            
1.9475              143360              2.02966             -0.750478           3.20992             3.15411             -6.58105            -6.48792            
1.95098             143616              2.18536             0.0882887           2.48277             2.10695             -4.50131            -4.39883            
1.95446             143872              1.76641             0.274314            2.63884             2.15983             -5.08428            -3.21883            
1.95794             144128              1.65961             0.774466            2.00466             1.41663             -3.66133            -1.91551            
1.96142             144384              1.24421             2.65274             1.40607             0.0378415           -2.36808            3.25629             
1.96489             144640              1.69579             2.92427             1.48463             -0.0517287          -2.19205            3.32549             
1.96837             144896              1.40506             3.21904             1.83534             0.114933            -3.11634            3.98319             
1.97185             145152              1.17988             3.44251             2.21349             0.331572            -4.30106            5.12943             
1.97533             145408              1.11055             1.80321             2.20358             1.0832              -4.40272            1.12585             
1.9788              145664              1.08264             0.0803643           2.30464             1.95634             -4.81797            -3.08507            
1.98228             145920              0.922094            -0.130831           2.31243             2.07162             -4.93321            -3.39408            
1.98576             146176              0.96038             1.39439             2.36433             1.44854             -5.01408            0.142553            
1.98924             146432              1.51746             0.310888            2.3032              1.87747             -4.64684            -2.67958            
1.99271             146688              1.73643             0.307291            2.66864             2.20678             -5.38913            -3.22868            
1.99619             146944              2.12608             -1.38728            3.75125             3.89679             -8.00401            -7.84881            
1.99967             147200              2.28762             -1.21438            4.35478             4.3474              -9.61298            -7.81156            
