#Time               nTime               force-x             force-y             force-z             moment-x            moment-y            moment-z            
0                   0                   -2.7947e-05         3.47271e-06         3.14198e-05         -1.66809e-05        -8.84159e-05        -5.31291e-06        
0.00347769          256                 0.0755162           0.015676            -0.199944           0.0478137           0.380442            0.0461714           
0.00695537          512                 0.0279252           0.134242            0.968965            -0.651067           -1.16657            0.147681            
0.0104331           768                 0.515973            0.547518            -0.614813           -0.70487            1.63363             0.891971            
0.0139107           1024                -1.31097            0.263782            1.04251             -0.822498           -3.63743            -0.134157           
0.0173884           1280                -1.21035            -0.145293           1.34921             -0.154733           -3.79646            -0.576791           
0.0208661           1536                -1.36473            -0.279185           2.00911             -0.236487           -4.87325            -0.837313           
0.0243438           1792                1.1074              0.00782451          -1.43585            0.468917            3.73731             0.388937            
0.0278215           2048                1.35523             0.0672689           -1.661              0.447855            4.44202             0.553128            
0.0312992           2304                1.22831             -0.0586403          -1.78015            0.712915            4.37496             0.349192            
0.0347769           2560                0.0601162           -0.27126            0.367735            0.333407            -0.324323           -0.322424           
0.0382545           2816                0.636475            -0.0546558          -0.818452           0.371888            2.1398              0.149085            
0.0417322           3072                0.675727            -0.0464794          -0.819044           0.364618            2.21027             0.177108            
0.0452099           3328                0.415645            -0.0607919          -0.470015           0.264758            1.32012             0.066663            
0.0486876           3584                0.338957            -0.0513227          -0.414766           0.229103            1.11561             0.0514386           
0.0521653           3840                0.19936             -0.0576764          -0.205046           0.168456            0.610491            -0.00443799         
0.055643            4096                0.227827            -0.0358779          -0.270859           0.154605            0.740312            0.0334348           
0.0591207           4352                0.208608            -0.0288162          -0.249254           0.134232            0.679359            0.0353363           
0.0625984           4608                0.16984             -0.0303652          -0.203975           0.12208             0.554945            0.0203649           
0.066076            4864                0.166335            -0.0289075          -0.21324            0.123258            0.560311            0.0210253           
0.0695537           5120                0.159084            -0.0342609          -0.187026           0.122824            0.515636            0.0115547           
0.0730314           5376                0.177258            -0.0318555          -0.213546           0.127035            0.580319            0.0204593           
0.0765091           5632                0.206001            -0.0324382          -0.256352           0.143127            0.683989            0.0297259           
0.0799868           5888                0.218885            -0.0386412          -0.270679           0.160021            0.724997            0.0269053           
0.0834645           6144                0.242065            -0.041293           -0.296396           0.173067            0.797942            0.031375            
0.0869422           6400                0.26324             -0.0442499          -0.322927           0.187158            0.868456            0.0348609           
0.0904198           6656                0.283879            -0.0475693          -0.346403           0.201063            0.934237            0.0378273           
0.0938975           6912                0.310886            -0.0489391          -0.378396           0.214076            1.02164             0.0453791           
0.0973752           7168                0.320746            -0.0518027          -0.383178           0.220436            1.04524             0.0451862           
0.100853            7424                0.325068            -0.0530951          -0.391849           0.225631            1.06376             0.0450283           
0.104331            7680                0.331804            -0.053998           -0.40497            0.232005            1.09219             0.0462904           
0.107808            7936                0.337693            -0.05043            -0.402126           0.223423            1.09864             0.0524244           
0.111286            8192                0.339558            -0.0459041          -0.416055           0.221059            1.11886             0.059111            
0.114764            8448                0.32413             -0.0485313          -0.398567           0.219828            1.07033             0.0506226           
0.118241            8704                0.313906            -0.0479753          -0.385734           0.215455            1.03655             0.0482722           
0.121719            8960                0.318599            -0.045067           -0.395497           0.213607            1.05663             0.0534733           
0.125197            9216                0.328804            -0.0375215          -0.420093           0.208872            1.10459             0.0663177           
0.128674            9472                0.314911            -0.039687           -0.394349           0.203561            1.04848             0.0588455           
0.132152            9728                0.316729            -0.0402232          -0.400808           0.207352            1.05969             0.0590762           
0.13563             9984                0.322478            -0.042139           -0.400928           0.210978            1.07022             0.0589171           
0.139107            10240               0.32858             -0.0421913          -0.411487           0.214789            1.09414             0.0609478           
0.142585            10496               0.338034            -0.0398738          -0.42667            0.215374            1.12943             0.0667909           
0.146063            10752               0.335175            -0.0420634          -0.418264           0.216208            1.11413             0.0630205           
0.149541            11008               0.330531            -0.0432956          -0.408814           0.214829            1.0944              0.0598352           
0.153018            11264               0.329327            -0.0430411          -0.407176           0.214351            1.09034             0.0600508           
0.156496            11520               0.341677            -0.0391942          -0.431529           0.216074            1.14199             0.0691195           
0.159974            11776               0.333293            -0.0388145          -0.418721           0.210648            1.11125             0.0665667           
0.163451            12032               0.321687            -0.0411099          -0.407074           0.21173             1.0766              0.0601158           
0.166929            12288               0.299152            -0.0395361          -0.37227            0.195417            0.993687            0.0534111           
0.170407            12544               0.311396            -0.0330498          -0.399924           0.194775            1.04917             0.066295            
0.173884            12800               0.294089            -0.0354813          -0.377303           0.191986            0.990694            0.0577726           
0.177362            13056               0.299441            -0.0330903          -0.387555           0.191859            1.01272             0.0628158           
0.18084             13312               0.287283            -0.034723           -0.371502           0.188874            0.971543            0.0563564           
0.184317            13568               0.291277            -0.0344559          -0.377651           0.191639            0.986314            0.0586195           
0.187795            13824               0.283827            -0.0309843          -0.360236           0.177072            0.951505            0.059235            
0.191273            14080               0.288405            -0.0301802          -0.376943           0.18243             0.980169            0.0621813           
0.19475             14336               0.288209            -0.0310854          -0.37201            0.182574            0.973808            0.0612096           
0.198228            14592               0.269554            -0.0316375          -0.345059           0.174451            0.907609            0.0542727           
0.201706            14848               0.285609            -0.0277135          -0.374036           0.177413            0.971519            0.0646104           
0.205183            15104               0.272341            -0.0311737          -0.348327           0.175112            0.916488            0.0559456           
0.208661            15360               0.281865            -0.0274961          -0.377775           0.179294            0.969543            0.0639651           
0.212139            15616               0.252723            -0.0326643          -0.315209           0.165419            0.841165            0.046937            
0.215617            15872               0.275589            -0.0287377          -0.366611           0.17716             0.944649            0.0600199           
0.219094            16128               0.276927            -0.0277208          -0.367749           0.175351            0.948374            0.0614936           
0.222572            16384               0.260565            -0.0328876          -0.32324            0.169622            0.864788            0.0499606           
0.22605             16640               0.276783            -0.0299339          -0.361418           0.17665             0.940409            0.0584923           
0.229527            16896               0.267932            -0.0342171          -0.336032           0.175279            0.893627            0.0502438           
0.233005            17152               0.284133            -0.0306329          -0.376185           0.182953            0.971622            0.0601534           
0.236483            17408               0.278782            -0.0315436          -0.352916           0.17714             0.93348             0.057649            
0.23996             17664               0.285016            -0.0321821          -0.365572           0.18362             0.960325            0.0594081           
0.243438            17920               0.285761            -0.0313806          -0.365577           0.181557            0.961387            0.0605541           
0.246916            18176               0.268245            -0.0339704          -0.331879           0.172698            0.889048            0.0503303           
0.250393            18432               0.269345            -0.0328517          -0.346013           0.17723             0.908477            0.0527362           
0.253871            18688               0.277941            -0.0340215          -0.349871           0.180907            0.928474            0.0544763           
0.257349            18944               0.289604            -0.0345164          -0.37144            0.189799            0.975829            0.0580223           
0.260826            19200               0.305307            -0.027869           -0.401506           0.187572            1.04027             0.0713311           
0.264304            19456               0.296682            -0.0330752          -0.382931           0.190283            1.00236             0.061752            
0.267782            19712               0.303556            -0.0348936          -0.398128           0.199821            1.03346             0.0623277           
0.27126             19968               0.296094            -0.0365931          -0.367518           0.190718            0.982547            0.0569844           
0.274737            20224               0.293035            -0.0333168          -0.372079           0.185874            0.982474            0.0594953           
0.278215            20480               0.307099            -0.0354309          -0.392854           0.197794            1.03323             0.0621737           
0.281693            20736               0.28587             -0.0398383          -0.356737           0.193647            0.951371            0.0495853           
0.28517             20992               0.292269            -0.0333175          -0.361777           0.182752            0.968264            0.0594378           
0.288648            21248               0.285159            -0.0341142          -0.361477           0.183598            0.955451            0.0557414           
0.292126            21504               0.282356            -0.0375168          -0.351613           0.187443            0.938612            0.0511107           
0.295603            21760               0.295953            -0.0335376          -0.373546           0.188142            0.989312            0.0609781           
0.299081            22016               0.287287            -0.0341202          -0.366354           0.185822            0.965255            0.0568503           
0.302559            22272               0.300702            -0.0354648          -0.384145           0.19526             1.01106             0.0603522           
0.306036            22528               0.320305            -0.0334875          -0.412108           0.200262            1.08                0.0690252           
0.309514            22784               0.300355            -0.0378719          -0.382309           0.198601            1.00825             0.0571944           
0.312992            23040               0.325165            -0.0376814          -0.41961            0.210993            1.09812             0.0660043           
0.316469            23296               0.330788            -0.0396099          -0.421091           0.214107            1.11006             0.0653181           
0.319947            23552               0.344172            -0.0390164          -0.435116           0.217692            1.15086             0.0706021           
0.323425            23808               0.349366            -0.0400536          -0.449073           0.225582            1.17743             0.0718344           
0.326903            24064               0.358042            -0.0408106          -0.463175           0.230719            1.21021             0.0732856           
0.33038             24320               0.362336            -0.0409937          -0.467704           0.233581            1.22337             0.0750976           
0.333858            24576               0.354118            -0.0387105          -0.458699           0.225495            1.19755             0.074516            
0.337336            24832               0.366686            -0.0360156          -0.479554           0.226661            1.24513             0.0816693           
0.340813            25088               0.369467            -0.0379102          -0.489108           0.235901            1.26203             0.0815552           
0.344291            25344               0.358705            -0.0391796          -0.47386            0.233261            1.22439             0.076418            
0.347769            25600               0.353635            -0.0396064          -0.463787           0.229569            1.20294             0.0736476           
0.351246            25856               0.344132            -0.0382269          -0.446583           0.220576            1.16469             0.0718019           
0.354724            26112               0.320244            -0.0391297          -0.415513           0.212349            1.08419             0.0627621           
0.358202            26368               0.320516            -0.0365647          -0.415379           0.207591            1.08428             0.0660162           
0.361679            26624               0.305433            -0.0337149          -0.395195           0.194278            1.03239             0.0636365           
0.365157            26880               0.303369            -0.0345473          -0.397415           0.19849             1.03147             0.0629687           
0.368635            27136               0.301399            -0.0336147          -0.393149           0.195982            1.02268             0.063644            
0.372112            27392               0.292016            -0.0344943          -0.37744            0.191462            0.986684            0.0590101           
0.37559             27648               0.297478            -0.0295696          -0.393732           0.188287            1.01603             0.0668717           
0.379068            27904               0.296765            -0.0278718          -0.39543            0.186721            1.01671             0.0690491           
0.382546            28160               0.268276            -0.0281815          -0.354384           0.171469            0.915637            0.0579741           
0.386023            28416               0.281887            -0.0272009          -0.381723           0.181143            0.97339             0.0649143           
0.389501            28672               0.274781            -0.0293108          -0.366466           0.180372            0.942218            0.0601338           
0.392979            28928               0.29832             -0.0249519          -0.404509           0.185086            1.03044             0.0732752           
0.396456            29184               0.32139             -0.0255787          -0.43862            0.198068            1.11339             0.0804682           
0.399934            29440               0.314578            -0.0327263          -0.410488           0.200685            1.06706             0.0692215           
0.403412            29696               0.338353            -0.0308396          -0.457754           0.213886            1.1673              0.0795175           
0.406889            29952               0.347139            -0.0346062          -0.456661           0.220486            1.18188             0.0782077           
0.410367            30208               0.36204             -0.0352134          -0.476369           0.227487            1.23255             0.0821087           
0.413845            30464               0.361695            -0.0358279          -0.464969           0.224604            1.21782             0.0811354           
0.417322            30720               0.353135            -0.0397197          -0.448983           0.227172            1.18318             0.0740121           
0.4208              30976               0.358565            -0.0375542          -0.468916           0.229936            1.21727             0.0781795           
0.424278            31232               0.372241            -0.0353833          -0.490106           0.234043            1.26743             0.0858565           
0.427755            31488               0.37641             -0.0336818          -0.492932           0.231531            1.27821             0.0891648           
0.431233            31744               0.365706            -0.0329788          -0.478492           0.226022            1.24129             0.0865784           
0.434711            32000               0.353029            -0.0370391          -0.468439           0.230516            1.20687             0.0770917           
0.438188            32256               0.336198            -0.0384363          -0.423388           0.215505            1.12145             0.0688816           
0.441666            32512               0.347653            -0.0301577          -0.458438           0.212538            1.18441             0.0825732           
0.445144            32768               0.359509            -0.0329218          -0.472466           0.223923            1.22287             0.0843098           
0.448622            33024               0.33288             -0.0354914          -0.425417           0.211006            1.1179              0.0711029           
0.452099            33280               0.330742            -0.036663           -0.427984           0.215453            1.11757             0.0695582           
0.455577            33536               0.327914            -0.0384416          -0.410112           0.211725            1.0905              0.0661537           
0.459055            33792               0.337013            -0.0339672          -0.434423           0.211986            1.13632             0.0746768           
0.462532            34048               0.356473            -0.0319132          -0.466327           0.219757            1.20989             0.0839828           
0.46601             34304               0.334869            -0.0398059          -0.421204           0.217579            1.11657             0.0664668           
0.469488            34560               0.332952            -0.0391598          -0.419              0.217287            1.11035             0.0674804           
0.472965            34816               0.345262            -0.0319446          -0.445304           0.21223             1.16406             0.0800697           
0.476443            35072               0.340975            -0.034956           -0.440017           0.215251            1.1502              0.0745714           
0.479921            35328               0.347516            -0.0372             -0.454655           0.2252              1.18001             0.0743897           
0.483398            35584               0.358822            -0.0374813          -0.467436           0.231291            1.21586             0.0784792           
0.486876            35840               0.352446            -0.0353404          -0.454696           0.220885            1.18869             0.0778418           
0.490354            36096               0.355589            -0.037645           -0.447797           0.225394            1.18598             0.0777831           
0.493831            36352               0.357022            -0.0365898          -0.466213           0.22757             1.21124             0.0781233           
0.497309            36608               0.356997            -0.0375152          -0.465198           0.22985             1.21001             0.0777099           
0.500787            36864               0.357479            -0.0382129          -0.466708           0.231136            1.21273             0.0766682           
0.504265            37120               0.346748            -0.0408032          -0.434849           0.224588            1.15465             0.069816            
0.507742            37376               0.360591            -0.0372569          -0.469251           0.230501            1.22147             0.0792342           
0.51122             37632               0.355925            -0.0374932          -0.469456           0.229895            1.21353             0.0766594           
0.514698            37888               0.363273            -0.0367396          -0.471877           0.231384            1.22951             0.0812065           
0.518175            38144               0.350427            -0.0361193          -0.464615           0.226533            1.19784             0.0767621           
0.521653            38400               0.349173            -0.0372103          -0.452038           0.224707            1.18029             0.0754348           
0.525131            38656               0.331243            -0.0385272          -0.419219           0.215545            1.10817             0.0676313           
0.528608            38912               0.336834            -0.0365412          -0.433394           0.216784            1.1354              0.0718901           
0.532086            39168               0.332601            -0.0335895          -0.424327           0.208119            1.11661             0.0739021           
0.535564            39424               0.335084            -0.0327782          -0.431453           0.210375            1.12973             0.0762788           
0.539041            39680               0.329346            -0.0346085          -0.428855           0.213807            1.11661             0.0725107           
0.542519            39936               0.316211            -0.0368466          -0.407313           0.210448            1.067               0.0651846           
0.545997            40192               0.323805            -0.034161           -0.416725           0.207994            1.09186             0.070582            
0.549474            40448               0.344407            -0.0325175          -0.445478           0.215882            1.16369             0.0803067           
0.552952            40704               0.347155            -0.0339995          -0.444095           0.217272            1.16691             0.0790532           
0.55643             40960               0.355305            -0.0339199          -0.456411           0.221903            1.19653             0.0822242           
0.559907            41216               0.359864            -0.0352406          -0.468222           0.228973            1.21935             0.0823122           
0.563385            41472               0.340039            -0.0380262          -0.421161           0.216305            1.12635             0.0714049           
0.566863            41728               0.36294             -0.0343522          -0.470271           0.22843             1.2272              0.0845663           
0.570341            41984               0.349115            -0.036739           -0.439234           0.222535            1.16451             0.0773855           
0.573818            42240               0.352051            -0.0332859          -0.454598           0.221308            1.1885              0.0823138           
0.577296            42496               0.345691            -0.0308287          -0.447686           0.212421            1.16838             0.0819516           
0.580774            42752               0.356505            -0.0389112          -0.466149           0.235643            1.21098             0.0771523           
0.584251            43008               0.329531            -0.0450268          -0.40248            0.22376             1.08513             0.0599704           
0.587729            43264               0.361377            -0.0336067          -0.456485           0.220124            1.20727             0.0841504           
0.591207            43520               0.369615            -0.03194            -0.461367           0.218613            1.22774             0.0892623           
0.594684            43776               0.360555            -0.0403612          -0.457122           0.233797            1.20714             0.0762451           
0.598162            44032               0.367599            -0.0415988          -0.470634           0.240974            1.23646             0.077339            
0.60164             44288               0.352419            -0.0425665          -0.425659           0.226206            1.15403             0.0708459           
0.605117            44544               0.376916            -0.037725           -0.470903           0.232389            1.25291             0.084825            
0.608595            44800               0.380139            -0.0386883          -0.483254           0.240338            1.27386             0.0858525           
0.612073            45056               0.346751            -0.0419184          -0.432242           0.225994            1.15214             0.0688589           
0.61555             45312               0.34324             -0.0419675          -0.428339           0.226672            1.1411              0.0686665           
0.619028            45568               0.353289            -0.0343067          -0.448352           0.218307            1.18285             0.0808208           
0.622506            45824               0.342377            -0.0366192          -0.433601           0.218484            1.14561             0.0749352           
0.625984            46080               0.355097            -0.0301428          -0.449349           0.211583            1.18682             0.0871924           
0.629461            46336               0.318675            -0.0343975          -0.408065           0.205011            1.07179             0.0692744           
0.632939            46592               0.337355            -0.030204           -0.450572           0.212567            1.15701             0.0809805           
0.636417            46848               0.304459            -0.0332494          -0.389661           0.195467            1.02379             0.065272            
0.639894            47104               0.314601            -0.0336343          -0.401767           0.202702            1.05675             0.0695716           
0.643372            47360               0.315944            -0.0347362          -0.403773           0.205392            1.06164             0.0689008           
0.64685             47616               0.316723            -0.0353514          -0.405253           0.205847            1.06489             0.0677273           
0.650327            47872               0.324145            -0.0365316          -0.412294           0.209315            1.08668             0.0683165           
0.653805            48128               0.327152            -0.0420539          -0.413003           0.221181            1.09343             0.0635467           
0.657283            48384               0.343659            -0.0405918          -0.44201            0.228372            1.15829             0.070677            
0.66076             48640               0.361323            -0.0413125          -0.464992           0.237234            1.21806             0.0758343           
0.664238            48896               0.360391            -0.0454217          -0.455246           0.241835            1.20478             0.0706601           
0.667716            49152               0.386744            -0.0436278          -0.496254           0.252961            1.30194             0.082147            
0.671193            49408               0.392482            -0.0421289          -0.498522           0.249685            1.31468             0.0852071           
0.674671            49664               0.35189             -0.0515914          -0.418565           0.238016            1.1448              0.0592736           
0.678149            49920               0.364557            -0.0481281          -0.447664           0.242955            1.20278             0.0682583           
0.681626            50176               0.354861            -0.0458259          -0.430254           0.231597            1.16397             0.0669798           
0.685104            50432               0.34983             -0.0447156          -0.433512           0.231516            1.15901             0.0668949           
0.688582            50688               0.329413            -0.0447187          -0.398159           0.219288            1.0791              0.059806            
0.69206             50944               0.328315            -0.0430806          -0.395775           0.214069            1.07412             0.0606371           
0.695537            51200               0.34                -0.0344949          -0.425405           0.210348            1.13062             0.075873            
0.699015            51456               0.326868            -0.0367603          -0.410463           0.210323            1.08915             0.0690121           
0.702493            51712               0.328239            -0.0342634          -0.419257           0.20983             1.10217             0.0728566           
0.70597             51968               0.299345            -0.0324149          -0.371818           0.188305            0.992343            0.0644457           
0.709448            52224               0.330447            -0.0262921          -0.437272           0.200729            1.1276              0.082944            
0.712926            52480               0.307979            -0.0327321          -0.3911             0.1961              1.03138             0.0673887           
0.716403            52736               0.30716             -0.0274471          -0.39589            0.186986            1.0355              0.0730521           
0.719881            52992               0.326171            -0.0227143          -0.437584           0.192863            1.12017             0.0854258           
0.723359            53248               0.333451            -0.0280648          -0.450835           0.208503            1.1499              0.0821064           
0.726836            53504               0.338262            -0.031576           -0.448905           0.213867            1.15635             0.0794768           
0.730314            53760               0.345035            -0.0271093          -0.459355           0.207584            1.18069             0.0860443           
0.733792            54016               0.34821             -0.0331004          -0.465502           0.22116             1.19431             0.0800953           
0.73727             54272               0.361965            -0.0297434          -0.482091           0.218505            1.23874             0.0877975           
0.740747            54528               0.370277            -0.0309088          -0.4949             0.225206            1.26917             0.0892968           
0.744225            54784               0.352458            -0.0334204          -0.468945           0.220164            1.20581             0.0793826           
0.747703            55040               0.367324            -0.0326289          -0.491151           0.226966            1.25941             0.0858944           
0.75118             55296               0.352317            -0.035433           -0.460047           0.219633            1.19457             0.0764544           
0.754658            55552               0.329121            -0.0410851          -0.411566           0.211369            1.09393             0.0608464           
0.758136            55808               0.345239            -0.0368916          -0.438448           0.212389            1.15523             0.0710503           
0.761613            56064               0.365045            -0.0349459          -0.481726           0.226043            1.24344             0.0812974           
0.765091            56320               0.351508            -0.0405651          -0.450585           0.22598             1.18146             0.0700307           
0.768569            56576               0.362344            -0.0378729          -0.467975           0.226639            1.22181             0.0766009           
0.772046            56832               0.360822            -0.0387287          -0.462559           0.227743            1.21269             0.0755503           
0.775524            57088               0.335261            -0.0433369          -0.410747           0.217532            1.10382             0.0608074           
0.779002            57344               0.351809            -0.0354572          -0.444021           0.214056            1.17362             0.0754933           
0.782479            57600               0.33679             -0.0378236          -0.418881           0.210898            1.11644             0.0680609           
0.785957            57856               0.313105            -0.0379908          -0.381495           0.197087            1.02866             0.0589713           
0.789435            58112               0.32063             -0.0370766          -0.394484           0.201499            1.05811             0.0635725           
0.792912            58368               0.31573             -0.0339332          -0.392318           0.19467             1.04665             0.0653369           
0.79639             58624               0.305962            -0.0362141          -0.381999           0.196056            1.01698             0.0593978           
0.799868            58880               0.304169            -0.0346934          -0.384742           0.192132            1.01708             0.0595102           
0.803346            59136               0.304836            -0.0390888          -0.384508           0.201969            1.01849             0.0553902           
0.806823            59392               0.314468            -0.038595           -0.392112           0.20214             1.04497             0.0585878           
0.810301            59648               0.305064            -0.0359444          -0.367262           0.187233            0.99757             0.0581854           
0.813779            59904               0.311622            -0.0424521          -0.376714           0.204768            1.02145             0.0536767           
0.817256            60160               0.304063            -0.0416722          -0.367717           0.199331            0.996846            0.0513662           
0.820734            60416               0.312122            -0.0421349          -0.379799           0.204928            1.02614             0.0540003           
0.824212            60672               0.292509            -0.0456894          -0.344284           0.198448            0.948044            0.0425767           
0.827689            60928               0.305697            -0.0403051          -0.369096           0.197197            1.00148             0.0536942           
0.831167            61184               0.289418            -0.0424974          -0.343383           0.192117            0.941181            0.045289            
0.834645            61440               0.292876            -0.0412738          -0.349459           0.191208            0.954672            0.0476608           
0.838122            61696               0.281955            -0.0423637          -0.329056           0.185786            0.910197            0.0423427           
0.8416              61952               0.304154            -0.0421261          -0.371215           0.201072            1.0015              0.0510673           
0.845078            62208               0.27112             -0.0478427          -0.303301           0.186614            0.85963             0.0322987           
0.848555            62464               0.304652            -0.0426675          -0.373611           0.203217            1.00531             0.0510854           
0.852033            62720               0.29717             -0.0466757          -0.350584           0.20201             0.964168            0.0435895           
0.855511            62976               0.322505            -0.0400435          -0.396937           0.204252            1.06563             0.0595              
0.858989            63232               0.32319             -0.0453739          -0.398039           0.216456            1.06864             0.0545899           
0.862466            63488               0.327939            -0.0457697          -0.401098           0.218138            1.08107             0.0558011           
0.865944            63744               0.318996            -0.0473092          -0.382043           0.212881            1.04161             0.0503587           
0.869422            64000               0.342766            -0.0444075          -0.425034           0.223772            1.13647             0.0626537           
0.872899            64256               0.323637            -0.0436781          -0.396416           0.212318            1.06708             0.0567599           
0.876377            64512               0.321202            -0.0404781          -0.401759           0.208811            1.0691              0.0601045           
0.879855            64768               0.306033            -0.0413499          -0.381876           0.203841            1.0178              0.0539571           
0.883332            65024               0.29861             -0.0409547          -0.365548           0.196838            0.984327            0.0515839           
0.88681             65280               0.308927            -0.0364018          -0.38289            0.193948            1.02352             0.0603082           
0.890288            65536               0.323852            -0.032189           -0.416813           0.199609            1.09151             0.0713519           
0.893765            65792               0.30237             -0.0390248          -0.383367           0.201507            1.01277             0.0561246           
0.897243            66048               0.320329            -0.0341685          -0.412362           0.201832            1.07985             0.0677439           
0.900721            66304               0.318662            -0.0343329          -0.402854           0.198794            1.06514             0.0671716           
0.904198            66560               0.344192            -0.0301031          -0.452949           0.20783             1.17186             0.0806799           
0.907676            66816               0.338097            -0.0361008          -0.431943           0.211097            1.13555             0.0713142           
0.911154            67072               0.337639            -0.0384737          -0.428701           0.215807            1.13103             0.0691079           
0.914631            67328               0.35006             -0.0370955          -0.451614           0.220579            1.18111             0.0747058           
0.918109            67584               0.372765            -0.0338103          -0.48829            0.228145            1.26627             0.0870838           
0.921587            67840               0.347451            -0.0419055          -0.438592           0.224396            1.1607              0.0678662           
0.925065            68096               0.360803            -0.0371107          -0.464216           0.224586            1.21565             0.0781712           
0.928542            68352               0.361454            -0.0361216          -0.469121           0.22449             1.2227              0.079559            
0.93202             68608               0.341579            -0.0379929          -0.433182           0.214898            1.14341             0.0704194           
0.935498            68864               0.366296            -0.034235           -0.480464           0.224332            1.24494             0.0832153           
0.938975            69120               0.356034            -0.0357147          -0.461617           0.220146            1.20374             0.0776478           
0.942453            69376               0.336436            -0.0398973          -0.422136           0.214471            1.1207              0.0660315           
0.945931            69632               0.355374            -0.0349335          -0.454066           0.21665             1.19309             0.0786588           
0.949408            69888               0.341058            -0.0363765          -0.434442           0.212916            1.14364             0.0719865           
0.952886            70144               0.358198            -0.0307019          -0.471233           0.215035            1.21883             0.0845899           
0.956364            70400               0.321515            -0.0357178          -0.403427           0.198691            1.07061             0.0647611           
0.959841            70656               0.354429            -0.031855           -0.469329           0.217824            1.20993             0.082344            
0.963319            70912               0.345403            -0.0363872          -0.445871           0.218073            1.16527             0.0739236           
0.966797            71168               0.365773            -0.0274739          -0.491624           0.217886            1.25702             0.0915041           
0.970275            71424               0.331305            -0.0316518          -0.432962           0.204231            1.1239              0.074209            
0.973752            71680               0.330898            -0.0299392          -0.447756           0.206335            1.14139             0.0758302           
0.97723             71936               0.344497            -0.0304958          -0.46265            0.212925            1.18401             0.0803281           
0.980708            72192               0.333162            -0.0362953          -0.436771           0.216286            1.13242             0.0704657           
0.984185            72448               0.345187            -0.0312823          -0.45762            0.212535            1.17896             0.079685            
0.987663            72704               0.363758            -0.0291471          -0.494135           0.220411            1.25678             0.0882114           
0.991141            72960               0.361942            -0.0334055          -0.490861           0.22799             1.24977             0.0829607           
0.994618            73216               0.354957            -0.0359373          -0.470541           0.225179            1.21249             0.0775507           
0.998096            73472               0.384642            -0.0311823          -0.523759           0.235749            1.33033             0.0937934           
1.00157             73728               0.394887            -0.0307166          -0.536875           0.238508            1.36464             0.0975251           
1.00505             73984               0.386953            -0.034444           -0.525861           0.241833            1.3373              0.0903636           
1.00853             74240               0.388043            -0.0357486          -0.525524           0.245322            1.33907             0.0898697           
1.01201             74496               0.389496            -0.0350314          -0.528296           0.244292            1.34491             0.0908295           
1.01548             74752               0.383263            -0.0360112          -0.515046           0.240932            1.31753             0.0873931           
1.01896             75008               0.389936            -0.0321884          -0.535404           0.241733            1.3543              0.0945039           
1.02244             75264               0.391567            -0.0334306          -0.53658            0.245957            1.35879             0.0943756           
1.02592             75520               0.386309            -0.0330435          -0.52816            0.243866            1.33906             0.0939471           
1.0294              75776               0.359434            -0.0321487          -0.497136           0.229813            1.25324             0.0845691           
1.03287             76032               0.365288            -0.0312971          -0.501738           0.230844            1.26923             0.0883376           
1.03635             76288               0.349773            -0.0293495          -0.482939           0.218504            1.21856             0.0840614           
1.03983             76544               0.35329             -0.0282354          -0.494295           0.221914            1.23875             0.0873207           
1.04331             76800               0.358023            -0.0314631          -0.498476           0.229261            1.25256             0.0850816           
1.04678             77056               0.353998            -0.0318691          -0.486254           0.224094            1.23045             0.082324            
1.05026             77312               0.368668            -0.0267738          -0.509322           0.222756            1.28443             0.0936138           
1.05374             77568               0.375809            -0.0254525          -0.523589           0.225957            1.31464             0.0980935           
1.05722             77824               0.373322            -0.0269107          -0.521823           0.228489            1.30814             0.0955652           
1.06069             78080               0.368097            -0.0338497          -0.505965           0.234621            1.2799              0.0846189           
1.06417             78336               0.377104            -0.0356809          -0.504543           0.237081            1.29428             0.0856868           
1.06765             78592               0.392               -0.0329544          -0.528153           0.239596            1.3495              0.0937747           
1.07113             78848               0.397269            -0.035424           -0.529269           0.245533            1.36027             0.093241            
1.07461             79104               0.381673            -0.0375828          -0.503916           0.23946             1.30171             0.0843858           
1.07808             79360               0.37323             -0.0375622          -0.487706           0.232751            1.26669             0.0811047           
1.08156             79616               0.389948            -0.0355356          -0.524217           0.244871            1.34124             0.0908931           
1.08504             79872               0.372509            -0.0399355          -0.491525           0.240346            1.27027             0.0790251           
1.08852             80128               0.358232            -0.0407648          -0.472421           0.235962            1.22155             0.0733069           
1.09199             80384               0.360854            -0.0404134          -0.466807           0.234054            1.2192              0.0750436           
1.09547             80640               0.36471             -0.0366321          -0.479517           0.230311            1.24147             0.0803303           
1.09895             80896               0.354185            -0.0394859          -0.462299           0.231074            1.20171             0.0740938           
1.10243             81152               0.345608            -0.0361071          -0.446751           0.218401            1.16714             0.0744531           
1.1059              81408               0.331988            -0.0375521          -0.422696           0.213252            1.11349             0.0682742           
1.10938             81664               0.346837            -0.0347714          -0.45004            0.217672            1.17318             0.0766636           
1.11286             81920               0.32195             -0.0398874          -0.403499           0.210414            1.07213             0.061532            
1.11634             82176               0.333372            -0.0359462          -0.424259           0.209687            1.11777             0.0698884           
1.11981             82432               0.33899             -0.0357259          -0.42602            0.209068            1.12981             0.0716887           
1.12329             82688               0.35505             -0.0351858          -0.451912           0.220059            1.1899              0.0796005           
1.12677             82944               0.345919            -0.0376713          -0.452028           0.22517             1.17409             0.073449            
1.13025             83200               0.344351            -0.0365203          -0.449416           0.219588            1.16787             0.072925            
1.13373             83456               0.359076            -0.0330929          -0.474023           0.22279             1.22396             0.082581            
1.1372              83712               0.37693             -0.0312782          -0.4973             0.226674            1.28412             0.0905412           
1.14068             83968               0.374924            -0.0303622          -0.501989           0.227768            1.28622             0.0913693           
1.14416             84224               0.351321            -0.036176           -0.457784           0.222551            1.19029             0.0759403           
1.14764             84480               0.352917            -0.0339595          -0.461695           0.219972            1.19787             0.0791304           
1.15111             84736               0.373373            -0.0335803          -0.493804           0.231325            1.27367             0.0872445           
1.15459             84992               0.367489            -0.0349821          -0.484978           0.231222            1.25253             0.0836612           
1.15807             85248               0.38153             -0.034674           -0.502929           0.236774            1.29959             0.0890121           
1.16155             85504               0.39288             -0.0321019          -0.524493           0.239403            1.34614             0.0959569           
1.16502             85760               0.386551            -0.0338444          -0.513043           0.238813            1.32091             0.091801            
1.1685              86016               0.376495            -0.036648           -0.493946           0.23734             1.27972             0.084943            
1.17198             86272               0.384189            -0.0346682          -0.512793           0.240596            1.31647             0.090141            
1.17546             86528               0.384433            -0.0352004          -0.505551           0.237981            1.30803             0.0890915           
1.17894             86784               0.374803            -0.0398386          -0.486991           0.239656            1.2685              0.0800483           
1.18241             87040               0.381161            -0.0372924          -0.501849           0.240559            1.29773             0.0854059           
1.18589             87296               0.366769            -0.0388171          -0.471268           0.232024            1.23462             0.0784371           
1.18937             87552               0.357707            -0.0421531          -0.455665           0.234129            1.19971             0.072074            
1.19285             87808               0.337073            -0.0415573          -0.418465           0.217951            1.11713             0.0644748           
1.19632             88064               0.350856            -0.0352012          -0.448583           0.217373            1.17812             0.0772291           
1.1998              88320               0.335858            -0.0363755          -0.431639           0.21518             1.13086             0.0713691           
1.20328             88576               0.33287             -0.0375153          -0.437982           0.220063            1.13345             0.0691272           
1.20676             88832               0.302958            -0.0449484          -0.381983           0.21348             1.01196             0.0493732           
1.21023             89088               0.331076            -0.0407107          -0.423877           0.220422            1.11312             0.064499            
1.21371             89344               0.344064            -0.0367953          -0.439668           0.217743            1.15509             0.0732743           
1.21719             89600               0.342104            -0.0368114          -0.440132           0.218394            1.15242             0.0731014           
1.22067             89856               0.32682             -0.0407307          -0.42535            0.220557            1.1073              0.0628994           
1.22415             90112               0.316171            -0.0396583          -0.410445           0.213271            1.07004             0.0604919           
1.22762             90368               0.346302            -0.0308282          -0.462841           0.21329             1.18729             0.0806473           
1.2311              90624               0.338887            -0.0352885          -0.456499           0.222058            1.16672             0.0742602           
1.23458             90880               0.331277            -0.0390639          -0.452622           0.229052            1.14896             0.0676833           
1.23806             91136               0.324595            -0.0396881          -0.432035           0.222017            1.11179             0.0642465           
1.24153             91392               0.33274             -0.0339029          -0.451524           0.216573            1.14991             0.07303             
1.24501             91648               0.350062            -0.0318553          -0.48444            0.225743            1.22119             0.0823541           
1.24849             91904               0.323172            -0.039043           -0.425441           0.217138            1.10107             0.0640193           
1.25197             92160               0.33076             -0.0396102          -0.451662           0.22984             1.14711             0.0667719           
1.25544             92416               0.354382            -0.0338726          -0.479689           0.226237            1.22306             0.080601            
1.25892             92672               0.323102            -0.0358425          -0.421967           0.209021            1.09685             0.0668961           
1.2624              92928               0.344619            -0.0369033          -0.465032           0.227101            1.18822             0.0736162           
1.26588             93184               0.317983            -0.0379852          -0.411947           0.2103              1.07555             0.0629762           
1.26936             93440               0.337986            -0.0385481          -0.452837           0.226642            1.16165             0.0696627           
1.27283             93696               0.32249             -0.0435995          -0.415022           0.22236             1.08797             0.0579658           
1.27631             93952               0.341854            -0.0412479          -0.447826           0.228031            1.1626              0.0669236           
1.27979             94208               0.357078            -0.0373554          -0.465925           0.227373            1.21149             0.0768367           
1.28327             94464               0.34303             -0.0421084          -0.439704           0.226819            1.15447             0.0661115           
1.28674             94720               0.334026            -0.0436303          -0.428201           0.226845            1.12457             0.0617485           
1.29022             94976               0.316124            -0.0454434          -0.396437           0.218262            1.05366             0.0528513           
1.2937              95232               0.321637            -0.042438           -0.408998           0.21564             1.07861             0.0573432           
1.29718             95488               0.334145            -0.0426525          -0.421322           0.222038            1.11586             0.0622836           
1.30065             95744               0.32913             -0.0421119          -0.415272           0.218612            1.09943             0.0609034           
1.30413             96000               0.323141            -0.0436224          -0.39916            0.214471            1.06877             0.0561926           
1.30761             96256               0.328911            -0.0423426          -0.415594           0.218421            1.09932             0.0599535           
1.31109             96512               0.312172            -0.0471888          -0.377659           0.213796            1.02319             0.0479792           
1.31457             96768               0.355053            -0.04051            -0.453511           0.226822            1.19209             0.0702574           
1.31804             97024               0.343894            -0.0421483          -0.428718           0.221317            1.14185             0.0644887           
1.32152             97280               0.316988            -0.049814           -0.384714           0.219917            1.04056             0.0457668           
1.325               97536               0.332183            -0.043651           -0.413072           0.217133            1.10176             0.0577976           
1.32848             97792               0.320922            -0.0477777          -0.384096           0.214897            1.04647             0.0492386           
1.33195             98048               0.349059            -0.043178           -0.440751           0.22807             1.16593             0.065319            
1.33543             98304               0.337202            -0.0470876          -0.419407           0.226664            1.11881             0.0561308           
1.33891             98560               0.343237            -0.0446096          -0.428272           0.223389            1.14015             0.0605582           
1.34239             98816               0.326825            -0.0485142          -0.393088           0.21905             1.06808             0.0507996           
1.34586             99072               0.321559            -0.0497153          -0.39043            0.219083            1.0556              0.0468272           
1.34934             99328               0.319066            -0.0504204          -0.388178           0.220632            1.0485              0.0457262           
1.35282             99584               0.34321             -0.0438607          -0.431404           0.223639            1.1441              0.0623095           
1.3563              99840               0.350693            -0.043228           -0.440112           0.224577            1.16813             0.0653745           
1.35978             100096              0.337556            -0.0461745          -0.423366           0.22464             1.12444             0.0574905           
1.36325             100352              0.343607            -0.0447404          -0.435572           0.226915            1.15019             0.0617774           
1.36673             100608              0.342598            -0.0430274          -0.430374           0.221051            1.14179             0.0632017           
1.37021             100864              0.350452            -0.0415238          -0.45697            0.229137            1.18853             0.0685752           
1.37369             101120              0.329293            -0.0466403          -0.414993           0.223088            1.09962             0.0547206           
1.37716             101376              0.344605            -0.0417418          -0.447637           0.225349            1.16672             0.065813            
1.38064             101632              0.347751            -0.0455646          -0.447142           0.232431            1.17214             0.0626502           
1.38412             101888              0.336058            -0.0444385          -0.424407           0.220837            1.12324             0.0590537           
1.3876              102144              0.336827            -0.0434671          -0.424871           0.218767            1.12505             0.0603329           
1.39107             102400              0.350744            -0.0415788          -0.459172           0.230177            1.19191             0.0691009           
1.39455             102656              0.316998            -0.0429807          -0.403263           0.212503            1.06334             0.0552148           
1.39803             102912              0.319143            -0.0403732          -0.412243           0.210829            1.07797             0.0591156           
1.40151             103168              0.307511            -0.0360262          -0.39514            0.19674             1.03599             0.0602898           
1.40499             103424              0.304841            -0.0369725          -0.391155           0.197687            1.02634             0.0585297           
1.40846             103680              0.289026            -0.0374867          -0.378094           0.19541             0.982353            0.0529671           
1.41194             103936              0.279214            -0.0370073          -0.361658           0.188327            0.944648            0.049866            
1.41542             104192              0.295289            -0.0338123          -0.383995           0.190586            1.00048             0.0595189           
1.4189              104448              0.299343            -0.0351742          -0.397932           0.200038            1.02523             0.0603866           
1.42237             104704              0.29895             -0.0348738          -0.3902             0.196398            1.01473             0.0603243           
1.42585             104960              0.303266            -0.0311175          -0.396804           0.189596            1.03016             0.0651161           
1.42933             105216              0.30225             -0.0319916          -0.39844            0.192319            1.03054             0.0639382           
1.43281             105472              0.297902            -0.0355675          -0.385641           0.196518            1.00738             0.0592108           
1.43628             105728              0.275125            -0.0385876          -0.346315           0.185167            0.918656            0.0460262           
1.43976             105984              0.309635            -0.0361436          -0.412748           0.206111            1.06165             0.0619557           
1.44324             106240              0.320702            -0.0356118          -0.417574           0.206537            1.08715             0.0663634           
1.44672             106496              0.323289            -0.0345837          -0.422777           0.206873            1.09804             0.0687068           
1.4502              106752              0.324945            -0.0356093          -0.432114           0.213078            1.11249             0.0684001           
1.45367             107008              0.310387            -0.0362518          -0.401994           0.202685            1.04963             0.0621027           
1.45715             107264              0.310055            -0.0327283          -0.408217           0.198855            1.0565              0.0662243           
1.46063             107520              0.317141            -0.033082           -0.417422           0.202611            1.08043             0.0682501           
1.46411             107776              0.301699            -0.0363821          -0.388722           0.198318            1.01792             0.0586155           
1.46758             108032              0.333253            -0.0273636          -0.45042            0.204249            1.14932             0.0807855           
1.47106             108288              0.320657            -0.0321408          -0.413227           0.198724            1.08127             0.0701514           
1.47454             108544              0.327815            -0.0380874          -0.433963           0.217554            1.1201              0.0656386           
1.47802             108800              0.332404            -0.0382453          -0.429699           0.213728            1.12296             0.0657427           
1.48149             109056              0.358807            -0.0391234          -0.467205           0.230343            1.21613             0.0750192           
1.48497             109312              0.360113            -0.0425301          -0.455817           0.232371            1.20469             0.0713301           
1.48845             109568              0.358537            -0.0429257          -0.454432           0.23151             1.2003              0.0696905           
1.49193             109824              0.373968            -0.0363958          -0.484422           0.228196            1.26393             0.0819838           
1.49541             110080              0.362578            -0.0391897          -0.466085           0.229184            1.22142             0.0759113           
1.49888             110336              0.336406            -0.0423411          -0.421274           0.218971            1.12008             0.0627518           
1.50236             110592              0.334885            -0.039464           -0.430905           0.219036            1.12914             0.0666926           
1.50584             110848              0.30469             -0.0379972          -0.381909           0.198115            1.01495             0.0573199           
1.50932             111104              0.304132            -0.035863           -0.392576           0.19941             1.02705             0.0604294           
1.51279             111360              0.294455            -0.0352202          -0.372917           0.189515            0.985554            0.0567895           
1.51627             111616              0.292209            -0.0323523          -0.374834           0.186773            0.983552            0.0604714           
1.51975             111872              0.282495            -0.0313602          -0.358697           0.178592            0.946485            0.0579164           
1.52323             112128              0.291803            -0.0291779          -0.382509           0.184094            0.99221             0.0643385           
1.5267              112384              0.291066            -0.0288228          -0.380294           0.181552            0.988053            0.0640291           
1.53018             112640              0.29525             -0.0324401          -0.384167           0.1907              1.00052             0.0616431           
1.53366             112896              0.325206            -0.0309587          -0.433652           0.203871            1.11438             0.07319             
1.53714             113152              0.339235            -0.0369328          -0.448578           0.220519            1.15805             0.0711287           
1.54062             113408              0.339552            -0.0372142          -0.43913            0.215899            1.14683             0.0700417           
1.54409             113664              0.374951            -0.0347248          -0.494892           0.231416            1.27824             0.0859506           
1.54757             113920              0.379115            -0.0358002          -0.496094           0.233341            1.28711             0.0861051           
1.55105             114176              0.374851            -0.0358526          -0.490811           0.232231            1.27285             0.0847348           
1.55453             114432              0.358784            -0.0409396          -0.461683           0.230651            1.20887             0.0727302           
1.558               114688              0.345388            -0.0414567          -0.442513           0.22659             1.16161             0.0682142           
1.56148             114944              0.340073            -0.0434603          -0.438869           0.229384            1.14794             0.0641915           
1.56496             115200              0.334173            -0.0417578          -0.427794           0.220167            1.12362             0.0630357           
1.56844             115456              0.355381            -0.0343348          -0.466791           0.219927            1.20868             0.0792251           
1.57191             115712              0.329093            -0.0431415          -0.425879           0.224807            1.11268             0.0610821           
1.57539             115968              0.329414            -0.0425591          -0.419573           0.220556            1.10533             0.0615358           
1.57887             116224              0.32546             -0.0382402          -0.419801           0.211495            1.09833             0.0646168           
1.58235             116480              0.333605            -0.036966           -0.435276           0.214822            1.13175             0.0692362           
1.58582             116736              0.341063            -0.0334321          -0.456138           0.216541            1.17039             0.0765841           
1.5893              116992              0.31695             -0.0387746          -0.409882           0.208251            1.07102             0.0608415           
1.59278             117248              0.330841            -0.0353234          -0.441511           0.2135              1.1343              0.0700686           
1.59626             117504              0.320473            -0.041609           -0.415557           0.215775            1.08449             0.0588099           
1.59974             117760              0.344502            -0.0344463          -0.457626           0.216068            1.17829             0.0752629           
1.60321             118016              0.340999            -0.0361744          -0.440732           0.212973            1.15126             0.0718854           
1.60669             118272              0.324733            -0.0369002          -0.422725           0.208674            1.10034             0.0654326           
1.61017             118528              0.320658            -0.0393367          -0.418363           0.211873            1.08782             0.0609879           
1.61365             118784              0.312178            -0.0389927          -0.404339           0.206917            1.05559             0.0587984           
1.61712             119040              0.306447            -0.0329593          -0.397378           0.192528            1.03636             0.0635679           
1.6206              119296              0.325242            -0.0332408          -0.435099           0.208126            1.11624             0.0707457           
1.62408             119552              0.314533            -0.0329034          -0.417949           0.199467            1.07613             0.0662651           
1.62756             119808              0.291717            -0.0361658          -0.370769           0.189713            0.977902            0.0547996           
1.63103             120064              0.305095            -0.0338634          -0.399863           0.196821            1.03735             0.0627162           
1.63451             120320              0.311836            -0.0325472          -0.409457           0.198643            1.06096             0.0671502           
1.63799             120576              0.306365            -0.0356121          -0.396583           0.199035            1.03581             0.0612282           
1.64147             120832              0.29836             -0.0399193          -0.377177           0.20068             0.99813             0.053451            
1.64495             121088              0.319103            -0.0379542          -0.417761           0.211781            1.08488             0.0631302           
1.64842             121344              0.323623            -0.042465           -0.410993           0.216844            1.08493             0.0589861           
1.6519              121600              0.348604            -0.0428577          -0.449952           0.230971            1.17736             0.0670859           
1.65538             121856              0.358729            -0.0480534          -0.452017           0.241165            1.19821             0.0644404           
1.65886             122112              0.364124            -0.0476135          -0.459971           0.244269            1.21781             0.0673442           
1.66233             122368              0.382442            -0.0444581          -0.489853           0.247976            1.28677             0.0769978           
1.66581             122624              0.367232            -0.047301           -0.467095           0.245587            1.23198             0.0683713           
1.66929             122880              0.355227            -0.0442648          -0.445322           0.230558            1.18364             0.066932            
1.67277             123136              0.361786            -0.0414744          -0.466312           0.235223            1.22093             0.0737539           
1.67624             123392              0.349698            -0.0423017          -0.445011           0.229304            1.17337             0.0685725           
1.67972             123648              0.329154            -0.0416689          -0.424348           0.219523            1.11136             0.0612978           
1.6832              123904              0.311211            -0.0440447          -0.389334           0.211321            1.03656             0.0519253           
1.68668             124160              0.326332            -0.0377627          -0.413297           0.2102              1.0925              0.0659597           
1.69016             124416              0.327285            -0.0332151          -0.424664           0.205154            1.10783             0.071384            
1.69363             124672              0.321083            -0.0331492          -0.4129             0.200458            1.08222             0.0690385           
1.69711             124928              0.309487            -0.0359263          -0.397217           0.200148            1.04257             0.061657            
1.70059             125184              0.318645            -0.0365701          -0.412491           0.207148            1.07768             0.0642858           
1.70407             125440              0.347974            -0.0317533          -0.460841           0.214817            1.18896             0.0801842           
1.70754             125696              0.330577            -0.0402042          -0.41987            0.216163            1.10829             0.0640496           
1.71102             125952              0.33882             -0.0373523          -0.440774           0.216538            1.1483              0.0693751           
1.7145              126208              0.33033             -0.0412887          -0.417233           0.215567            1.10461             0.0618629           
1.71798             126464              0.334387            -0.0408432          -0.421548           0.216886            1.11708             0.0640989           
1.72145             126720              0.345666            -0.0386552          -0.446296           0.220701            1.16727             0.0702917           
1.72493             126976              0.337217            -0.0408275          -0.432874           0.220439            1.13591             0.0649032           
1.72841             127232              0.33073             -0.0390399          -0.415755           0.210488            1.1031              0.0646683           
1.73189             127488              0.33787             -0.039273           -0.429617           0.217195            1.13278             0.0677368           
1.73537             127744              0.334692            -0.0428552          -0.425205           0.221983            1.12205             0.0620321           
1.73884             128000              0.342017            -0.0419586          -0.427201           0.220119            1.13729             0.065319            
1.74232             128256              0.356939            -0.0376677          -0.462895           0.224926            1.20748             0.0755604           
1.7458              128512              0.354567            -0.0413099          -0.453062           0.229171            1.19139             0.0708087           
1.74928             128768              0.353368            -0.0407714          -0.450388           0.225469            1.1858              0.0701925           
1.75275             129024              0.355796            -0.0412679          -0.455574           0.229545            1.19656             0.0712113           
1.75623             129280              0.365636            -0.0421911          -0.47175            0.237042            1.23392             0.0735343           
1.75971             129536              0.352288            -0.0426452          -0.446902           0.228105            1.1797              0.0678567           
1.76319             129792              0.342632            -0.0413866          -0.435179           0.222152            1.14814             0.0662002           
1.76666             130048              0.367776            -0.037599           -0.484993           0.234017            1.25357             0.0802942           
1.77014             130304              0.319414            -0.0426396          -0.406387           0.214645            1.07138             0.0567081           
1.77362             130560              0.306263            -0.0427119          -0.37614            0.203249            1.01091             0.0517337           
1.7771              130816              0.330632            -0.0391824          -0.429446           0.216953            1.11949             0.0650778           
1.78058             131072              0.324027            -0.043017           -0.409342           0.217464            1.08329             0.0586511           
1.78405             131328              0.312789            -0.0413416          -0.399538           0.209721            1.05115             0.0559617           
1.78753             131584              0.336023            -0.0424468          -0.434936           0.224355            1.13593             0.063008            
1.79101             131840              0.341845            -0.0402899          -0.444298           0.224248            1.15769             0.0677498           
1.79449             132096              0.351785            -0.0431765          -0.454225           0.234101            1.18785             0.0684424           
1.79796             132352              0.33764             -0.0449339          -0.432586           0.228208            1.13618             0.0604363           
1.80144             132608              0.352633            -0.0392997          -0.456188           0.225593            1.19135             0.072352            
1.80492             132864              0.355368            -0.0399758          -0.466197           0.23129             1.20863             0.0729596           
1.8084              133120              0.335299            -0.0426538          -0.424937           0.221847            1.12223             0.0626882           
1.81187             133376              0.318533            -0.0438762          -0.405573           0.217796            1.06893             0.0556541           
1.81535             133632              0.329448            -0.0429458          -0.420396           0.220502            1.10634             0.0603656           
1.81883             133888              0.323326            -0.0442908          -0.414092           0.222456            1.08782             0.0573909           
1.82231             134144              0.323481            -0.0421415          -0.41431            0.216928            1.08824             0.0592606           
1.82579             134400              0.335038            -0.0414638          -0.439232           0.225278            1.13942             0.0646901           
1.82926             134656              0.323364            -0.0427595          -0.417412           0.220389            1.092               0.0594109           
1.83274             134912              0.331755            -0.0433024          -0.424736           0.223009            1.11584             0.0614164           
1.83622             135168              0.326733            -0.0402783          -0.422672           0.216597            1.10423             0.0631516           
1.8397              135424              0.312999            -0.0412141          -0.405045           0.211183            1.05809             0.0566883           
1.84317             135680              0.32727             -0.0397318          -0.428784           0.218538            1.11273             0.0643645           
1.84665             135936              0.313057            -0.0425648          -0.400791           0.214582            1.05342             0.0564036           
1.85013             136192              0.326541            -0.0393288          -0.435051           0.220229            1.1192              0.0644682           
1.85361             136448              0.320505            -0.043477           -0.41326            0.220461            1.08203             0.0575872           
1.85708             136704              0.325054            -0.0416003          -0.419451           0.218892            1.0976              0.0612015           
1.86056             136960              0.328578            -0.0400823          -0.421432           0.216178            1.10621             0.0639609           
1.86404             137216              0.340731            -0.0417537          -0.44721            0.229504            1.1596              0.0667028           
1.86752             137472              0.324329            -0.0456036          -0.420955           0.22737             1.0986              0.0561968           
1.871               137728              0.325827            -0.0439453          -0.416787           0.222918            1.09597             0.0588998           
1.87447             137984              0.319305            -0.0416747          -0.402596           0.212038            1.06661             0.0583489           
1.87795             138240              0.339699            -0.0426139          -0.438347           0.22869             1.14708             0.0656225           
1.88143             138496              0.311751            -0.0455135          -0.384835           0.214075            1.03176             0.0517397           
1.88491             138752              0.328395            -0.0380774          -0.42545            0.213772            1.11096             0.065866            
1.88838             139008              0.337209            -0.0380989          -0.43647            0.218544            1.14002             0.0694913           
1.89186             139264              0.328136            -0.0419202          -0.425004           0.222488            1.11008             0.061976            
1.89534             139520              0.313145            -0.0451641          -0.39542            0.216728            1.04741             0.0520843           
1.89882             139776              0.337657            -0.0403793          -0.435886           0.223015            1.14026             0.0670051           
1.90229             140032              0.338107            -0.0431641          -0.434521           0.228167            1.13966             0.0641861           
1.90577             140288              0.337975            -0.0449159          -0.433312           0.230172            1.13807             0.0615044           
1.90925             140544              0.361983            -0.0423927          -0.466541           0.236619            1.22123             0.0727702           
1.91273             140800              0.342686            -0.0464809          -0.429759           0.229218            1.14203             0.0601707           
1.91621             141056              0.344688            -0.0468798          -0.434604           0.231101            1.1516              0.0601812           
1.91968             141312              0.350092            -0.0456107          -0.444075           0.23369             1.17276             0.0645055           
1.92316             141568              0.345229            -0.044899           -0.436461           0.228616            1.15453             0.0631846           
1.92664             141824              0.345105            -0.0451533          -0.440033           0.231474            1.15874             0.0633684           
1.93012             142080              0.328309            -0.0465886          -0.412486           0.224373            1.09519             0.0557117           
1.93359             142336              0.338204            -0.0440072          -0.433971           0.227694            1.139               0.0626471           
1.93707             142592              0.333486            -0.0457124          -0.423425           0.226487            1.11783             0.0587439           
1.94055             142848              0.329493            -0.0439245          -0.417513           0.22036             1.10323             0.0591038           
1.94403             143104              0.338336            -0.0445529          -0.439896           0.231057            1.14657             0.0623825           
1.9475              143360              0.32457             -0.0446673          -0.417704           0.222823            1.09497             0.0571411           
1.95098             143616              0.323796            -0.0440381          -0.420829           0.223434            1.09758             0.058044            
1.95446             143872              0.324842            -0.040724           -0.425157           0.218353            1.10462             0.0623277           
1.95794             144128              0.319769            -0.0435923          -0.418087           0.221436            1.08714             0.0573238           
1.96142             144384              0.291645            -0.050757           -0.375921           0.221106            0.986025            0.0394975           
1.96489             144640              0.295694            -0.0441593          -0.378015           0.20794             0.995248            0.0481879           
1.96837             144896              0.311209            -0.0419551          -0.41012            0.214279            1.06218             0.0559336           
1.97185             145152              0.306649            -0.0460291          -0.402551           0.21906             1.04521             0.0494893           
1.97533             145408              0.31511             -0.0445441          -0.412058           0.219222            1.07163             0.0541088           
1.9788              145664              0.292521            -0.0463494          -0.377631           0.21058             0.989535            0.0440631           
1.98228             145920              0.294879            -0.043498           -0.385205           0.208729            1.00257             0.0487238           
1.98576             146176              0.297602            -0.0454516          -0.391937           0.215007            1.01587             0.0474122           
1.98924             146432              0.279866            -0.0483115          -0.350841           0.205307            0.934006            0.0375057           
1.99271             146688              0.304092            -0.0423633          -0.392704           0.209054            1.02802             0.053099            
1.99619             146944              0.305283            -0.0454189          -0.387825           0.212272            1.02425             0.0494252           
1.99967             147200              0.3096              -0.0466572          -0.393657           0.21646             1.03913             0.0492636           
