#Time               nTime               force-x             force-y             force-z             moment-x            moment-y            moment-z            
0                   0                   1.3064e-05          -1.9348e-05         5.29175e-06         1.42189e-05         9.34655e-06         -5.28249e-06        
0.00347769          256                 0.0199668           0.0222445           -0.00492            -0.0253175          0.0184985           0.0134468           
0.00695537          512                 2.31531             -1.89649            0.506293            1.38529             1.73826             -0.249963           
0.0104331           768                 -0.580821           -1.95124            -0.0288318          1.62899             -0.523201           -1.00761            
0.0139107           1024                0.206706            -0.278963           0.023605            0.225336            0.210376            -0.076431           
0.0173884           1280                -1.18985            0.698696            -0.170721           -0.45558            -0.953601           0.00949087          
0.0208661           1536                -0.708277           1.21996             -0.16934            -0.916386           -0.505943           0.358267            
0.0243438           1792                0.336278            -0.123918           0.181713            0.0477346           0.224319            0.0269827           
0.0278215           2048                0.107009            -0.0315443          0.0691507           0.0251146           0.0763849           0.0136253           
0.0312992           2304                -0.0205173          0.351345            -0.0337347          -0.257626           -0.00472014         0.15039             
0.0347769           2560                -0.126802           0.308219            -0.0869775          -0.209575           -0.0861205          0.105083            
0.0382545           2816                -0.129092           0.27532             -0.107736           -0.180949           -0.0746198          0.0891383           
0.0417322           3072                -0.0433161          0.0607006           -0.0501114          -0.0178422          -0.0208452          0.0156597           
0.0452099           3328                -0.0460776          0.129262            -0.0725432          -0.0670594          -0.013852           0.0453293           
0.0486876           3584                -0.0585312          0.164404            -0.0669102          -0.102618           -0.0248409          0.0569941           
0.0521653           3840                -0.074956           0.134022            -0.0618124          -0.0825273          -0.0413117          0.0397161           
0.055643            4096                -0.103645           0.0956738           -0.0562056          -0.0507582          -0.0693099          0.0158114           
0.0591207           4352                -0.0995072          0.00770115          -0.0518259          0.0266142           -0.0684503          -0.0213899          
0.0625984           4608                -0.109062           0.00389853          -0.057671           0.0322108           -0.0736056          -0.0251463          
0.066076            4864                -0.115627           0.046992            -0.0539264          -0.00867362         -0.0782885          -0.00800937         
0.0695537           5120                -0.106152           0.0805349           -0.0442742          -0.0427634          -0.0726974          0.00898143          
0.0730314           5376                -0.0974738          0.0993536           -0.0407175          -0.0614891          -0.0661498          0.0193269           
0.0765091           5632                -0.099509           0.101168            -0.0439344          -0.0619887          -0.0668466          0.0196275           
0.0799868           5888                -0.0987948          0.11211             -0.048106           -0.0691144          -0.0651082          0.0245958           
0.0834645           6144                -0.102668           0.129884            -0.0505474          -0.0829308          -0.0678221          0.0313986           
0.0869422           6400                -0.108345           0.144394            -0.0544005          -0.0934505          -0.0714338          0.036421            
0.0904198           6656                -0.110816           0.154386            -0.0580313          -0.100447           -0.0721886          0.0403268           
0.0938975           6912                -0.111708           0.161367            -0.0602135          -0.105482           -0.0722058          0.0433019           
0.0973752           7168                -0.116387           0.170511            -0.0619331          -0.11269            -0.0759032          0.0462303           
0.100853            7424                -0.127518           0.182686            -0.063285           -0.122656           -0.0852458          0.0487704           
0.104331            7680                -0.126473           0.186332            -0.0654722          -0.125108           -0.0837444          0.0507229           
0.107808            7936                -0.124104           0.184703            -0.0626571          -0.12524            -0.082914           0.0505484           
0.111286            8192                -0.123424           0.187844            -0.0629091          -0.128308           -0.0821047          0.0520889           
0.114764            8448                -0.119305           0.18513             -0.0627084          -0.126558           -0.0787619          0.0519504           
0.118241            8704                -0.119711           0.186972            -0.0638198          -0.12787            -0.0787022          0.0527256           
0.121719            8960                -0.12257            0.187159            -0.0613419          -0.129194           -0.0821714          0.0520692           
0.125197            9216                -0.121228           0.190561            -0.0589686          -0.132974           -0.0817406          0.0539105           
0.128674            9472                -0.122051           0.188476            -0.0573139          -0.13185            -0.0831939          0.0527937           
0.132152            9728                -0.121811           0.190849            -0.0581039          -0.133612           -0.0828407          0.0539278           
0.13563             9984                -0.123813           0.193384            -0.058261           -0.13582            -0.0846609          0.0545402           
0.139107            10240               -0.120127           0.197185            -0.0573149          -0.139395           -0.0819794          0.057129            
0.142585            10496               -0.122887           0.198252            -0.0571896          -0.140399           -0.0845921          0.056893            
0.146063            10752               -0.12346            0.204091            -0.0577034          -0.145124           -0.0849771          0.059312            
0.149541            11008               -0.126934           0.208486            -0.058194           -0.148663           -0.0878494          0.0603507           
0.153018            11264               -0.127559           0.209225            -0.0569662          -0.149846           -0.0889089          0.0604857           
0.156496            11520               -0.125082           0.201281            -0.055952           -0.143678           -0.0872023          0.0576152           
0.159974            11776               -0.125582           0.198169            -0.0563705          -0.141151           -0.0875435          0.056116            
0.163451            12032               -0.127535           0.200059            -0.0557071          -0.143205           -0.0893125          0.0563913           
0.166929            12288               -0.128832           0.197791            -0.0542565          -0.142207           -0.0908194          0.0550303           
0.170407            12544               -0.124959           0.188288            -0.0523291          -0.135019           -0.0880251          0.0518286           
0.173884            12800               -0.122521           0.181699            -0.0510834          -0.13002            -0.0863013          0.0495276           
0.177362            13056               -0.122665           0.183671            -0.0498479          -0.132261           -0.0867366          0.0502897           
0.18084             13312               -0.120722           0.182127            -0.0483563          -0.131538           -0.0855331          0.050043            
0.184317            13568               -0.112816           0.180107            -0.0463198          -0.130779           -0.0795924          0.0510994           
0.187795            13824               -0.111988           0.184979            -0.043227           -0.136302           -0.0798733          0.0533347           
0.191273            14080               -0.106495           0.184895            -0.0424797          -0.136545           -0.0753147          0.0546687           
0.19475             14336               -0.101819           0.176049            -0.0419738          -0.129282           -0.071586           0.0519592           
0.198228            14592               -0.0961532          0.18303             -0.0401515          -0.136207           -0.0672524          0.0563777           
0.201706            14848               -0.0959306          0.171596            -0.0393164          -0.127018           -0.0674366          0.0514033           
0.205183            15104               -0.0959511          0.171305            -0.041254           -0.12624            -0.0667484          0.0512935           
0.208661            15360               -0.100807           0.178111            -0.041843           -0.131768           -0.0706217          0.0530396           
0.212139            15616               -0.099177           0.177001            -0.0425438          -0.130554           -0.0689128          0.0529918           
0.215617            15872               -0.0972551          0.169413            -0.0411503          -0.124685           -0.0675854          0.0501008           
0.219094            16128               -0.0915395          0.167256            -0.0410345          -0.122807           -0.0628355          0.0506306           
0.222572            16384               -0.0951473          0.16981             -0.0426856          -0.124267           -0.0652446          0.0508643           
0.22605             16640               -0.0991913          0.173372            -0.042672           -0.126967           -0.0685976          0.0514318           
0.229527            16896               -0.0992492          0.178718            -0.0435567          -0.131168           -0.0686571          0.0537883           
0.233005            17152               -0.102613           0.182337            -0.0428524          -0.134294           -0.071789           0.0544839           
0.236483            17408               -0.0991351          0.177215            -0.0435554          -0.129673           -0.0686379          0.0531579           
0.23996             17664               -0.0967695          0.17588             -0.039238           -0.130274           -0.0683965          0.0530322           
0.243438            17920               -0.0972976          0.175484            -0.0418273          -0.128834           -0.0680807          0.0527817           
0.246916            18176               -0.0978479          0.173524            -0.0409312          -0.12757            -0.068769           0.0517658           
0.250393            18432               -0.0983561          0.174126            -0.0410942          -0.127853           -0.0691103          0.0519162           
0.253871            18688               -0.099805           0.174114            -0.0425642          -0.127534           -0.0699214          0.0515659           
0.257349            18944               -0.097898           0.17744             -0.0430685          -0.130339           -0.0683592          0.0535564           
0.260826            19200               -0.102655           0.180439            -0.0434545          -0.13282            -0.0722811          0.0536803           
0.264304            19456               -0.106564           0.185189            -0.0435856          -0.136935           -0.0759578          0.0547805           
0.267782            19712               -0.107028           0.184949            -0.0462469          -0.135231           -0.0753421          0.0546876           
0.27126             19968               -0.111724           0.185301            -0.0461088          -0.135586           -0.0798658          0.0537317           
0.274737            20224               -0.106904           0.185961            -0.0459324          -0.136287           -0.0757693          0.0552372           
0.278215            20480               -0.104914           0.181251            -0.043817           -0.132992           -0.0751564          0.0536392           
0.281693            20736               -0.104554           0.181531            -0.0482039          -0.131543           -0.0731391          0.0539784           
0.28517             20992               -0.111275           0.185864            -0.0463729          -0.136041           -0.0794618          0.0541135           
0.288648            21248               -0.111782           0.182641            -0.0474868          -0.132597           -0.0791825          0.052614            
0.292126            21504               -0.105441           0.173898            -0.0473744          -0.125154           -0.0738592          0.0504191           
0.295603            21760               -0.103385           0.175802            -0.0461485          -0.12742            -0.0724864          0.051726            
0.299081            22016               -0.104782           0.1825              -0.0467567          -0.132796           -0.0732568          0.0542792           
0.302559            22272               -0.100503           0.182233            -0.0475302          -0.132233           -0.0694105          0.0552753           
0.306036            22528               -0.0985767          0.181211            -0.0490692          -0.130883           -0.067255           0.0553541           
0.309514            22784               -0.107402           0.188464            -0.0513538          -0.135917           -0.0739755          0.056299            
0.312992            23040               -0.107773           0.197621            -0.0524007          -0.14347            -0.0741519          0.0602257           
0.316469            23296               -0.112398           0.20213             -0.0549912          -0.145982           -0.0769223          0.0611552           
0.319947            23552               -0.113997           0.20115             -0.0562101          -0.144692           -0.0780872          0.0604118           
0.323425            23808               -0.112517           0.200533            -0.0556894          -0.144079           -0.0772687          0.0605339           
0.326903            24064               -0.113315           0.207124            -0.0571067          -0.149113           -0.0776531          0.0632763           
0.33038             24320               -0.116135           0.211001            -0.0572632          -0.152296           -0.0799804          0.0642503           
0.333858            24576               -0.109189           0.205065            -0.0553428          -0.148192           -0.0747587          0.0633075           
0.337336            24832               -0.106626           0.200803            -0.053736           -0.145258           -0.0727919          0.0620136           
0.340813            25088               -0.107464           0.204439            -0.055119           -0.14799            -0.0729244          0.0633682           
0.344291            25344               -0.109019           0.202584            -0.0560451          -0.146014           -0.0739044          0.0621492           
0.347769            25600               -0.111592           0.203294            -0.0557623          -0.146662           -0.0760738          0.0617993           
0.351246            25856               -0.109715           0.198424            -0.0540299          -0.14356            -0.0750701          0.0600606           
0.354724            26112               -0.111586           0.194618            -0.0547321          -0.139846           -0.0761736          0.0579705           
0.358202            26368               -0.110181           0.19388             -0.0525062          -0.140198           -0.0755473          0.0579172           
0.361679            26624               -0.10968            0.188526            -0.0504102          -0.136558           -0.0756715          0.0556271           
0.365157            26880               -0.104954           0.182738            -0.0483229          -0.132302           -0.0722989          0.0542628           
0.368635            27136               -0.1072             0.180613            -0.0500133          -0.129584           -0.0734544          0.052859            
0.372112            27392               -0.106054           0.17868             -0.0493401          -0.128082           -0.0726405          0.0523011           
0.37559             27648               -0.0985644          0.170759            -0.0453263          -0.122911           -0.0675018          0.0506492           
0.379068            27904               -0.0960765          0.164978            -0.0449565          -0.118142           -0.0654019          0.0487823           
0.382546            28160               -0.0899592          0.164349            -0.042349           -0.118815           -0.0611065          0.0499474           
0.386023            28416               -0.0932217          0.165995            -0.0425028          -0.120155           -0.0636757          0.049813            
0.389501            28672               -0.0940643          0.165788            -0.0441462          -0.119301           -0.0638749          0.0495881           
0.392979            28928               -0.0971267          0.168523            -0.0412497          -0.12271            -0.067356           0.0499198           
0.396456            29184               -0.0930681          0.171577            -0.044534           -0.123788           -0.0627297          0.0523971           
0.399934            29440               -0.102021           0.184156            -0.0476082          -0.133083           -0.0693852          0.0557117           
0.403412            29696               -0.103226           0.190765            -0.0512142          -0.137005           -0.0689742          0.0583877           
0.406889            29952               -0.100226           0.189354            -0.051851           -0.135643           -0.0665133          0.0585586           
0.410367            30208               -0.103124           0.191076            -0.0524321          -0.136729           -0.0687778          0.0586032           
0.413845            30464               -0.108404           0.195867            -0.0551527          -0.139558           -0.0724896          0.0594725           
0.417322            30720               -0.112785           0.198344            -0.0567184          -0.140707           -0.075773           0.0595207           
0.4208              30976               -0.113773           0.196304            -0.0556664          -0.139128           -0.0770382          0.0583343           
0.424278            31232               -0.107254           0.193969            -0.0535834          -0.137966           -0.0723524          0.0589099           
0.427755            31488               -0.105167           0.18873             -0.0550223          -0.133114           -0.0696909          0.0571724           
0.431233            31744               -0.108413           0.186748            -0.0530678          -0.131903           -0.0731518          0.0554867           
0.434711            32000               -0.105811           0.183842            -0.0552748          -0.128239           -0.0700016          0.0549736           
0.438188            32256               -0.103189           0.178817            -0.0515047          -0.125335           -0.0692073          0.053358            
0.441666            32512               -0.0999009          0.176427            -0.0492807          -0.124276           -0.0674059          0.0530928           
0.445144            32768               -0.10102            0.176468            -0.0477534          -0.124842           -0.0689119          0.0527785           
0.448622            33024               -0.107354           0.181031            -0.0499816          -0.12757            -0.0734193          0.0532168           
0.452099            33280               -0.102412           0.181661            -0.0480246          -0.12889            -0.0697749          0.0547121           
0.455577            33536               -0.10098            0.176888            -0.0478969          -0.125171           -0.0688236          0.0529715           
0.459055            33792               -0.101642           0.177667            -0.0470554          -0.12618            -0.0696519          0.0531335           
0.462532            34048               -0.0991545          0.175588            -0.046253           -0.124662           -0.0679692          0.0528642           
0.46601             34304               -0.09941            0.175223            -0.0484833          -0.123418           -0.0676835          0.05271             
0.469488            34560               -0.101378           0.17888             -0.0462532          -0.127732           -0.0703507          0.053689            
0.472965            34816               -0.104766           0.181355            -0.0456195          -0.130094           -0.0733472          0.0538886           
0.476443            35072               -0.112074           0.182118            -0.0450743          -0.130626           -0.0797521          0.052381            
0.479921            35328               -0.112328           0.186815            -0.0481691          -0.133261           -0.07899            0.0544445           
0.483398            35584               -0.109404           0.186192            -0.0469514          -0.133338           -0.0769447          0.0548568           
0.486876            35840               -0.103466           0.17816             -0.0456501          -0.127222           -0.0724751          0.0528251           
0.490354            36096               -0.10342            0.184844            -0.0464878          -0.132671           -0.0721614          0.0558141           
0.493831            36352               -0.105972           0.186561            -0.0456825          -0.134536           -0.0747978          0.055872            
0.497309            36608               -0.109797           0.189409            -0.0471528          -0.136295           -0.0774145          0.0561494           
0.500787            36864               -0.111586           0.187523            -0.0475933          -0.134201           -0.0788033          0.0549105           
0.504265            37120               -0.113153           0.189314            -0.0476656          -0.135858           -0.080046           0.0552998           
0.507742            37376               -0.120575           0.190377            -0.0468887          -0.136796           -0.0867524          0.053855            
0.51122             37632               -0.11938            0.191357            -0.0479933          -0.137165           -0.0854277          0.0546021           
0.514698            37888               -0.11822            0.18906             -0.0464784          -0.136275           -0.0850645          0.0538068           
0.518175            38144               -0.113834           0.189429            -0.0467478          -0.136403           -0.0808584          0.0550824           
0.521653            38400               -0.119629           0.192635            -0.04872            -0.138505           -0.0851996          0.055046            
0.525131            38656               -0.112947           0.188044            -0.0464849          -0.135732           -0.080263           0.0546608           
0.528608            38912               -0.105863           0.175365            -0.0440612          -0.126161           -0.0754417          0.0508164           
0.532086            39168               -0.107907           0.181309            -0.0456167          -0.130752           -0.0764118          0.0529545           
0.535564            39424               -0.105496           0.18125             -0.0439041          -0.131874           -0.0751705          0.0534242           
0.539041            39680               -0.108052           0.173532            -0.0453073          -0.124792           -0.0770276          0.0494403           
0.542519            39936               -0.115321           0.179663            -0.048507           -0.128632           -0.0818658          0.0503992           
0.545997            40192               -0.112756           0.180262            -0.045825           -0.130311           -0.0807839          0.05121             
0.549474            40448               -0.108549           0.175888            -0.0456066          -0.127024           -0.077427           0.0503341           
0.552952            40704               -0.107537           0.177973            -0.0462001          -0.128426           -0.0764243          0.0515032           
0.55643             40960               -0.110691           0.185891            -0.0493265          -0.134254           -0.0781805          0.0542028           
0.559907            41216               -0.105842           0.186191            -0.0485447          -0.134749           -0.0743823          0.055489            
0.563385            41472               -0.10791            0.182891            -0.0498598          -0.131464           -0.0757023          0.0535928           
0.566863            41728               -0.105055           0.175275            -0.0508276          -0.124661           -0.0729919          0.050984            
0.570341            41984               -0.103805           0.173995            -0.0505107          -0.124067           -0.072228           0.0507262           
0.573818            42240               -0.112454           0.179041            -0.0517927          -0.127927           -0.0791761          0.0507755           
0.577296            42496               -0.129379           0.1946              -0.053293           -0.140363           -0.0930488          0.0533331           
0.580774            42752               -0.126869           0.192371            -0.0526712          -0.138428           -0.0913981          0.053019            
0.584251            43008               -0.11683            0.192056            -0.0543423          -0.137464           -0.0823451          0.055512            
0.587729            43264               -0.120749           0.193155            -0.0507847          -0.139805           -0.0869455          0.0549509           
0.591207            43520               -0.126484           0.197303            -0.0506963          -0.143421           -0.0920016          0.0552977           
0.594684            43776               -0.128736           0.201925            -0.0536087          -0.145847           -0.0929379          0.0568432           
0.598162            44032               -0.126761           0.206836            -0.0554076          -0.149153           -0.090587           0.0595644           
0.60164             44288               -0.12747            0.208989            -0.0549996          -0.151346           -0.0913785          0.0603354           
0.605117            44544               -0.124889           0.198937            -0.052072           -0.143905           -0.0902914          0.0565692           
0.608595            44800               -0.128221           0.202262            -0.054993           -0.145751           -0.0921253          0.0572725           
0.612073            45056               -0.13053            0.206664            -0.0546816          -0.149189           -0.0942967          0.0586552           
0.61555             45312               -0.124088           0.198491            -0.0530928          -0.143268           -0.0895341          0.0566667           
0.619028            45568               -0.125777           0.19726             -0.0502242          -0.143567           -0.0920631          0.055639            
0.622506            45824               -0.11665            0.189338            -0.0490896          -0.137056           -0.0849078          0.0544975           
0.625984            46080               -0.123388           0.189931            -0.0463486          -0.138784           -0.0916073          0.0529684           
0.629461            46336               -0.12275            0.185662            -0.0465006          -0.134892           -0.0906874          0.0512799           
0.632939            46592               -0.124101           0.181355            -0.0454955          -0.131531           -0.0925191          0.0490794           
0.636417            46848               -0.123626           0.185917            -0.0447778          -0.135321           -0.09176            0.0512073           
0.639894            47104               -0.120851           0.170742            -0.0421438          -0.123424           -0.0906877          0.0452395           
0.643372            47360               -0.120966           0.176978            -0.0428524          -0.12827            -0.0904356          0.0479931           
0.64685             47616               -0.117929           0.17736             -0.0430054          -0.128592           -0.0880712          0.0489238           
0.650327            47872               -0.127703           0.185028            -0.0441448          -0.134125           -0.0956752          0.0498531           
0.653805            48128               -0.125259           0.187671            -0.0464579          -0.135144           -0.0928907          0.0517166           
0.657283            48384               -0.128519           0.192805            -0.046782           -0.139139           -0.0955107          0.053172            
0.66076             48640               -0.131262           0.195585            -0.0483877          -0.140329           -0.0972674          0.0537833           
0.664238            48896               -0.130706           0.197471            -0.0508565          -0.140785           -0.095895           0.0548655           
0.667716            49152               -0.134941           0.19911             -0.0510232          -0.141653           -0.099585           0.0545647           
0.671193            49408               -0.124201           0.201964            -0.0513516          -0.143993           -0.0901985          0.0585041           
0.674671            49664               -0.117217           0.194334            -0.0506488          -0.137696           -0.0845103          0.0569783           
0.678149            49920               -0.120064           0.193244            -0.0542799          -0.135276           -0.0855416          0.0559231           
0.681626            50176               -0.123346           0.18961             -0.0532922          -0.132563           -0.0886447          0.05349             
0.685104            50432               -0.134926           0.187522            -0.0528953          -0.130611           -0.0986856          0.0496933           
0.688582            50688               -0.136467           0.1901              -0.0545105          -0.131979           -0.0990765          0.0505177           
0.69206             50944               -0.130741           0.183873            -0.0500026          -0.128361           -0.0957613          0.0491895           
0.695537            51200               -0.123076           0.166814            -0.0481415          -0.114785           -0.089851           0.0436844           
0.699015            51456               -0.116431           0.158846            -0.046578           -0.108532           -0.084501           0.0418742           
0.702493            51712               -0.110911           0.15938             -0.0466939          -0.109263           -0.0799937          0.0434875           
0.70597             51968               -0.116406           0.164129            -0.0442433          -0.114387           -0.0853692          0.0440977           
0.709448            52224               -0.112376           0.16352             -0.0438534          -0.113943           -0.081794           0.0448126           
0.712926            52480               -0.115454           0.156493            -0.0460976          -0.107047           -0.0836562          0.0410547           
0.716403            52736               -0.11667            0.161052            -0.0455704          -0.111478           -0.0847215          0.0426674           
0.719881            52992               -0.119682           0.165321            -0.0442359          -0.115551           -0.0874968          0.0437373           
0.723359            53248               -0.117634           0.161312            -0.047914           -0.110829           -0.0844653          0.0425542           
0.726836            53504               -0.117517           0.164956            -0.0485103          -0.113448           -0.0840758          0.0442094           
0.730314            53760               -0.117297           0.167849            -0.048821           -0.116071           -0.0838004          0.0454932           
0.733792            54016               -0.122127           0.177246            -0.0505731          -0.122879           -0.086871           0.0484476           
0.73727             54272               -0.112567           0.171879            -0.0511295          -0.11875            -0.0787159          0.0484578           
0.740747            54528               -0.117286           0.174306            -0.0509652          -0.120704           -0.0826068          0.0483143           
0.744225            54784               -0.114605           0.173497            -0.0516126          -0.119895           -0.0800989          0.0486214           
0.747703            55040               -0.117411           0.172481            -0.0509485          -0.119618           -0.0829             0.0474121           
0.75118             55296               -0.12538            0.182444            -0.055331           -0.125982           -0.0879076          0.0498993           
0.754658            55552               -0.125386           0.184217            -0.055143           -0.127658           -0.0877859          0.0506582           
0.758136            55808               -0.134483           0.183674            -0.0544382          -0.127539           -0.0959969          0.0480901           
0.761613            56064               -0.130084           0.18578             -0.0570082          -0.128476           -0.0908948          0.0501412           
0.765091            56320               -0.123846           0.181137            -0.0545657          -0.125556           -0.08669            0.0496312           
0.768569            56576               -0.130344           0.185279            -0.0573834          -0.128007           -0.0910351          0.0498592           
0.772046            56832               -0.12984            0.187015            -0.0574355          -0.129512           -0.0906488          0.0507661           
0.775524            57088               -0.122768           0.182768            -0.0575464          -0.126114           -0.0845471          0.050676            
0.779002            57344               -0.125621           0.174993            -0.0565438          -0.119868           -0.0875559          0.0465582           
0.782479            57600               -0.136147           0.180017            -0.0573726          -0.123808           -0.0964416          0.0461213           
0.785957            57856               -0.138606           0.182665            -0.0575552          -0.125641           -0.0980038          0.0466801           
0.789435            58112               -0.127711           0.165351            -0.0543507          -0.112389           -0.0901541          0.0417947           
0.792912            58368               -0.124645           0.162311            -0.0538384          -0.110285           -0.087684           0.0412108           
0.79639             58624               -0.128792           0.165314            -0.055433           -0.111989           -0.0907936          0.0415498           
0.799868            58880               -0.13492            0.173246            -0.0545336          -0.119057           -0.0963034          0.0434218           
0.803346            59136               -0.133489           0.175289            -0.0556814          -0.120313           -0.0947891          0.0446977           
0.806823            59392               -0.128959           0.177524            -0.0547577          -0.122543           -0.0912682          0.046823            
0.810301            59648               -0.125591           0.174128            -0.0525914          -0.120727           -0.0893661          0.0460927           
0.813779            59904               -0.118857           0.171308            -0.0530953          -0.118013           -0.0836293          0.0465883           
0.817256            60160               -0.125755           0.177675            -0.0551392          -0.122463           -0.0889105          0.0476813           
0.820734            60416               -0.127129           0.180633            -0.0551966          -0.125024           -0.0900152          0.0486039           
0.824212            60672               -0.118768           0.169288            -0.0566864          -0.114826           -0.0823509          0.0458224           
0.827689            60928               -0.122563           0.166639            -0.0547082          -0.113592           -0.0865486          0.0436586           
0.831167            61184               -0.125362           0.168589            -0.0559855          -0.114643           -0.0885671          0.0438448           
0.834645            61440               -0.128656           0.166129            -0.0555519          -0.112767           -0.0918653          0.0419555           
0.838122            61696               -0.128017           0.158627            -0.0553476          -0.106488           -0.0916955          0.0388259           
0.8416              61952               -0.136889           0.166259            -0.0551885          -0.112843           -0.0993169          0.039947            
0.845078            62208               -0.134128           0.168051            -0.0556191          -0.114039           -0.0971453          0.0414613           
0.848555            62464               -0.13962            0.172763            -0.0543109          -0.118419           -0.10234            0.0420626           
0.852033            62720               -0.136799           0.175769            -0.0539995          -0.12132            -0.100157           0.0440403           
0.855511            62976               -0.138114           0.178283            -0.0543859          -0.123547           -0.101028           0.0447274           
0.858989            63232               -0.132308           0.178073            -0.0564008          -0.122819           -0.0950644          0.0460753           
0.862466            63488               -0.129991           0.182021            -0.0568081          -0.126659           -0.0932871          0.0482615           
0.865944            63744               -0.12501            0.18761             -0.0599057          -0.130471           -0.0876458          0.0519391           
0.869422            64000               -0.125983           0.180838            -0.0597789          -0.125213           -0.088583           0.0486939           
0.872899            64256               -0.126657           0.18451             -0.06028            -0.128395           -0.0892134          0.0501302           
0.876377            64512               -0.130468           0.186351            -0.0569982          -0.131495           -0.0939295          0.0498665           
0.879855            64768               -0.135055           0.185503            -0.0585884          -0.129891           -0.0971549          0.0484524           
0.883332            65024               -0.129852           0.181396            -0.0550598          -0.127784           -0.094181           0.0479173           
0.88681             65280               -0.126279           0.173901            -0.053271           -0.122283           -0.0916962          0.0455312           
0.890288            65536               -0.129042           0.170261            -0.0515322          -0.119808           -0.0947366          0.0432066           
0.893765            65792               -0.129519           0.176822            -0.0513916          -0.125338           -0.0951967          0.0459403           
0.897243            66048               -0.127554           0.180808            -0.0509258          -0.12882            -0.0934564          0.0481929           
0.900721            66304               -0.13011            0.17723             -0.0495361          -0.126494           -0.0964618          0.0459638           
0.904198            66560               -0.13587            0.182421            -0.0507072          -0.130177           -0.101141           0.0468345           
0.907676            66816               -0.136509           0.189005            -0.0504661          -0.13577            -0.101783           0.0495507           
0.911154            67072               -0.131626           0.18483             -0.0514737          -0.131984           -0.0974315          0.0490009           
0.914631            67328               -0.13429            0.185366            -0.0498253          -0.132909           -0.100555           0.0485368           
0.918109            67584               -0.140364           0.186299            -0.0528024          -0.13209            -0.104898           0.0475296           
0.921587            67840               -0.137149           0.19025             -0.0539006          -0.135198           -0.101836           0.0500794           
0.925065            68096               -0.13997            0.189438            -0.0512383          -0.135292           -0.105306           0.0489459           
0.928542            68352               -0.136786           0.183535            -0.0515772          -0.130196           -0.102643           0.0471877           
0.93202             68608               -0.138729           0.185038            -0.049779           -0.132248           -0.105055           0.0472724           
0.935498            68864               -0.147678           0.194403            -0.0513182          -0.139459           -0.111898           0.0491316           
0.938975            69120               -0.138013           0.193398            -0.051496           -0.138545           -0.103364           0.0511478           
0.942453            69376               -0.130618           0.188476            -0.0506028          -0.135146           -0.0972579          0.0508076           
0.945931            69632               -0.132059           0.181931            -0.0503502          -0.129733           -0.0984713          0.0475792           
0.949408            69888               -0.125596           0.181807            -0.0509825          -0.12965            -0.0923696          0.0491672           
0.952886            70144               -0.135986           0.183587            -0.0512684          -0.13071            -0.100929           0.04732             
0.956364            70400               -0.137538           0.185635            -0.0528631          -0.131846           -0.101382           0.0478727           
0.959841            70656               -0.12736            0.175065            -0.0520419          -0.123032           -0.0929136          0.0458275           
0.963319            70912               -0.118722           0.170771            -0.0515649          -0.119962           -0.0856254          0.046091            
0.966797            71168               -0.121085           0.165595            -0.0519638          -0.115658           -0.0876674          0.0432375           
0.970275            71424               -0.121512           0.174894            -0.0532891          -0.122966           -0.0869433          0.0472133           
0.973752            71680               -0.124664           0.174912            -0.0503105          -0.12384            -0.0906595          0.0463621           
0.97723             71936               -0.116677           0.165288            -0.051893           -0.115265           -0.0831068          0.0442126           
0.980708            72192               -0.111994           0.158249            -0.0537567          -0.108592           -0.0783491          0.0423554           
0.984185            72448               -0.116426           0.169892            -0.0528565          -0.118839           -0.0827111          0.0463007           
0.987663            72704               -0.118383           0.17304             -0.0522861          -0.121542           -0.0844749          0.0471632           
0.991141            72960               -0.122337           0.171445            -0.0559434          -0.118634           -0.0865652          0.0455572           
0.994618            73216               -0.124204           0.176177            -0.0559333          -0.122606           -0.0880584          0.0471461           
0.998096            73472               -0.11988            0.175835            -0.0563379          -0.122253           -0.0841268          0.0480711           
1.00157             73728               -0.121382           0.182968            -0.0576918          -0.127814           -0.0847245          0.0508186           
1.00505             73984               -0.123446           0.184866            -0.0592843          -0.128645           -0.0859034          0.0511646           
1.00853             74240               -0.125775           0.187683            -0.0601399          -0.130602           -0.0876075          0.0518113           
1.01201             74496               -0.122687           0.186854            -0.0594402          -0.130304           -0.085372           0.0522012           
1.01548             74752               -0.119569           0.183242            -0.0584384          -0.127721           -0.0833865          0.0513902           
1.01896             75008               -0.120342           0.18773             -0.0586914          -0.131333           -0.0835899          0.0531592           
1.02244             75264               -0.111515           0.172408            -0.056456           -0.119398           -0.0771385          0.0486361           
1.02592             75520               -0.113082           0.170698            -0.0562887          -0.118079           -0.0785546          0.0475166           
1.0294              75776               -0.115619           0.168343            -0.0556866          -0.116044           -0.0806664          0.0458598           
1.03287             76032               -0.11836            0.169154            -0.0552363          -0.116734           -0.0833472          0.0455519           
1.03635             76288               -0.119751           0.171469            -0.0521882          -0.120024           -0.0855867          0.0461311           
1.03983             76544               -0.124877           0.174257            -0.0534045          -0.121612           -0.0894616          0.0460927           
1.04331             76800               -0.123295           0.180863            -0.0528373          -0.127477           -0.0883178          0.0493359           
1.04678             77056               -0.115166           0.179121            -0.0535406          -0.125839           -0.0809136          0.0506537           
1.05026             77312               -0.115921           0.175446            -0.0504138          -0.124122           -0.0826448          0.0487742           
1.05374             77568               -0.118056           0.172419            -0.0517186          -0.120849           -0.0836006          0.046945            
1.05722             77824               -0.122222           0.178855            -0.0539151          -0.125373           -0.0863494          0.0487475           
1.06069             78080               -0.123656           0.184682            -0.0572289          -0.128837           -0.0863587          0.051002            
1.06417             78336               -0.123182           0.187027            -0.0581902          -0.130665           -0.0859295          0.0521668           
1.06765             78592               -0.114185           0.175967            -0.0566083          -0.121897           -0.0787778          0.0495501           
1.07113             78848               -0.112544           0.1779              -0.0575855          -0.123441           -0.0773432          0.0508076           
1.07461             79104               -0.119599           0.185562            -0.0610592          -0.128451           -0.0820832          0.0524506           
1.07808             79360               -0.126495           0.19124             -0.0599543          -0.133881           -0.0886033          0.0531279           
1.08156             79616               -0.1297             0.192747            -0.0590519          -0.135577           -0.091727           0.0529025           
1.08504             79872               -0.12456            0.188156            -0.0608007          -0.131048           -0.0867263          0.052249            
1.08852             80128               -0.130466           0.192113            -0.059305           -0.135014           -0.0921715          0.0524091           
1.09199             80384               -0.12732            0.183656            -0.0587703          -0.128181           -0.0899308          0.049504            
1.09547             80640               -0.125346           0.181116            -0.0562556          -0.127011           -0.0890959          0.0488216           
1.09895             80896               -0.122372           0.17894             -0.0569791          -0.125045           -0.0863933          0.0486108           
1.10243             81152               -0.121267           0.176054            -0.0538253          -0.123942           -0.086551           0.0475534           
1.1059              81408               -0.121446           0.171244            -0.0536734          -0.119947           -0.086775           0.0453936           
1.10938             81664               -0.122024           0.173288            -0.0520584          -0.122421           -0.087791           0.0460743           
1.11286             81920               -0.114861           0.180059            -0.0532452          -0.127495           -0.0809522          0.0508577           
1.11634             82176               -0.108356           0.183504            -0.0514748          -0.131465           -0.0759776          0.0539356           
1.11981             82432               -0.103886           0.17218             -0.0522506          -0.121824           -0.0720268          0.050109            
1.12329             82688               -0.114594           0.17696             -0.0541022          -0.12504            -0.0804407          0.0495322           
1.12677             82944               -0.120034           0.18245             -0.056287           -0.128531           -0.0842571          0.0506448           
1.13025             83200               -0.120639           0.183302            -0.0556019          -0.129329           -0.0849911          0.0508757           
1.13373             83456               -0.118745           0.182168            -0.0545351          -0.128498           -0.0836067          0.0508586           
1.1372              83712               -0.109873           0.174452            -0.0524387          -0.123066           -0.0771732          0.0496844           
1.14068             83968               -0.114077           0.182419            -0.0531124          -0.12935            -0.0803302          0.0520852           
1.14416             84224               -0.119964           0.190812            -0.0549748          -0.135454           -0.0847465          0.0543329           
1.14764             84480               -0.118321           0.182442            -0.0535131          -0.128762           -0.0838901          0.0510587           
1.15111             84736               -0.113529           0.184242            -0.0526091          -0.130727           -0.0799279          0.0530402           
1.15459             84992               -0.114647           0.191508            -0.0553894          -0.13539            -0.0796896          0.0560455           
1.15807             85248               -0.113324           0.189349            -0.0547385          -0.134067           -0.0788603          0.0554014           
1.16155             85504               -0.116849           0.189625            -0.0567249          -0.133319           -0.0807685          0.0547055           
1.16502             85760               -0.11566            0.186317            -0.0564878          -0.130544           -0.0799534          0.0536044           
1.1685              86016               -0.117557           0.184948            -0.0565471          -0.129368           -0.0817946          0.052522            
1.17198             86272               -0.116624           0.18786             -0.056923           -0.13136            -0.0806694          0.0540876           
1.17546             86528               -0.122373           0.194227            -0.0561812          -0.137106           -0.0859662          0.0553912           
1.17894             86784               -0.121592           0.190377            -0.0585085          -0.13285            -0.08457            0.0539671           
1.18241             87040               -0.123056           0.19634             -0.0571216          -0.138557           -0.0862084          0.0561857           
1.18589             87296               -0.121638           0.194128            -0.0578438          -0.136379           -0.0846715          0.055619            
1.18937             87552               -0.126407           0.193514            -0.0575754          -0.135746           -0.0887801          0.0541859           
1.19285             87808               -0.112585           0.184052            -0.0556245          -0.128825           -0.0776336          0.0534733           
1.19632             88064               -0.110254           0.173278            -0.0530134          -0.120914           -0.0765588          0.0493021           
1.1998              88320               -0.117272           0.175217            -0.0531751          -0.12247            -0.0824738          0.0483634           
1.20328             88576               -0.132717           0.18662             -0.0553955          -0.130887           -0.0946798          0.0494959           
1.20676             88832               -0.122198           0.182695            -0.0546547          -0.127847           -0.086191           0.050425            
1.21023             89088               -0.113631           0.176708            -0.053234           -0.123635           -0.0795668          0.0499539           
1.21371             89344               -0.113132           0.177314            -0.0516498          -0.124726           -0.0796861          0.0503101           
1.21719             89600               -0.112334           0.175958            -0.0513455          -0.124054           -0.0792292          0.0498582           
1.22067             89856               -0.122287           0.18131             -0.0541867          -0.127034           -0.0866893          0.0497551           
1.22415             90112               -0.121281           0.183955            -0.0539667          -0.129387           -0.0855421          0.0511698           
1.22762             90368               -0.11618            0.175106            -0.0487731          -0.124082           -0.0831267          0.0484571           
1.2311              90624               -0.113718           0.176546            -0.0505529          -0.124736           -0.0798761          0.0497445           
1.23458             90880               -0.106798           0.17433             -0.0516362          -0.122268           -0.0736121          0.0505275           
1.23806             91136               -0.111122           0.176211            -0.0537511          -0.123333           -0.0765872          0.050282            
1.24153             91392               -0.111134           0.175007            -0.0504975          -0.123585           -0.0775365          0.0496429           
1.24501             91648               -0.109073           0.166145            -0.0474913          -0.117292           -0.0769297          0.0461583           
1.24849             91904               -0.106461           0.174992            -0.0520005          -0.123098           -0.0729387          0.0507651           
1.25197             92160               -0.114038           0.181265            -0.0543443          -0.12735            -0.0784346          0.0517026           
1.25544             92416               -0.106606           0.171198            -0.0525292          -0.119747           -0.0728573          0.0491227           
1.25892             92672               -0.108035           0.169475            -0.0524072          -0.118435           -0.0743473          0.0480109           
1.2624              92928               -0.110394           0.172524            -0.0522188          -0.121292           -0.0766271          0.0487167           
1.26588             93184               -0.120457           0.18471             -0.0543454          -0.130763           -0.0844671          0.0515319           
1.26936             93440               -0.119756           0.185534            -0.0523332          -0.132021           -0.0844436          0.0520338           
1.27283             93696               -0.119715           0.187353            -0.0550018          -0.13244            -0.0836469          0.0529004           
1.27631             93952               -0.117516           0.188339            -0.0531493          -0.134039           -0.082409           0.0538528           
1.27979             94208               -0.116306           0.185333            -0.05395            -0.131081           -0.0811256          0.0529262           
1.28327             94464               -0.11648            0.185817            -0.0545348          -0.13117            -0.0810184          0.0531075           
1.28674             94720               -0.118511           0.184832            -0.0541875          -0.13037            -0.0829165          0.0521384           
1.29022             94976               -0.118097           0.190083            -0.0534091          -0.134951           -0.0826556          0.0545213           
1.2937              95232               -0.113661           0.191066            -0.0534435          -0.136028           -0.0785684          0.0560578           
1.29718             95488               -0.114143           0.181667            -0.0516504          -0.128699           -0.0799479          0.0517976           
1.30065             95744               -0.115607           0.183381            -0.0516404          -0.130146           -0.081322           0.0521559           
1.30413             96000               -0.117941           0.18945             -0.0524786          -0.134992           -0.0829136          0.0542457           
1.30761             96256               -0.122847           0.191761            -0.0521472          -0.136922           -0.087302           0.0540258           
1.31109             96512               -0.122703           0.192584            -0.0537104          -0.136919           -0.0867186          0.0545063           
1.31457             96768               -0.122682           0.195226            -0.0524688          -0.139789           -0.0873446          0.0556576           
1.31804             97024               -0.125825           0.194959            -0.052807           -0.139569           -0.0899414          0.0546975           
1.32152             97280               -0.12785            0.193478            -0.0535287          -0.13779            -0.0914112          0.0535759           
1.325               97536               -0.123644           0.19209             -0.0533898          -0.136661           -0.087837           0.0540379           
1.32848             97792               -0.120503           0.183182            -0.0517569          -0.129811           -0.0859182          0.0509368           
1.33195             98048               -0.115817           0.174912            -0.0516623          -0.12313            -0.0821498          0.0484827           
1.33543             98304               -0.120941           0.181896            -0.0548018          -0.127629           -0.0856689          0.050332            
1.33891             98560               -0.12096            0.186545            -0.0526297          -0.132393           -0.0864887          0.0523006           
1.34239             98816               -0.123213           0.185213            -0.0540378          -0.130783           -0.087956           0.051202            
1.34586             99072               -0.123525           0.187829            -0.0551918          -0.13255            -0.0876094          0.0523165           
1.34934             99328               -0.133268           0.193377            -0.0561488          -0.136893           -0.095935           0.0523191           
1.35282             99584               -0.125644           0.189613            -0.0540192          -0.134521           -0.0898932          0.0525837           
1.3563              99840               -0.12705            0.181735            -0.0512691          -0.128948           -0.0924857          0.0487528           
1.35978             100096              -0.131313           0.189537            -0.0548433          -0.133988           -0.0949113          0.0511993           
1.36325             100352              -0.124787           0.186029            -0.0532113          -0.131489           -0.0896976          0.0513213           
1.36673             100608              -0.125129           0.183261            -0.0509377          -0.130228           -0.0911199          0.0499745           
1.37021             100864              -0.125197           0.181583            -0.0530496          -0.127694           -0.0901051          0.0493102           
1.37369             101120              -0.131415           0.186849            -0.0539027          -0.131726           -0.0953774          0.0500508           
1.37716             101376              -0.130284           0.188544            -0.0515425          -0.133865           -0.0950978          0.051023            
1.38064             101632              -0.128579           0.185974            -0.0513455          -0.131587           -0.0937003          0.0503457           
1.38412             101888              -0.129605           0.186145            -0.053378           -0.13072            -0.0937165          0.0502415           
1.3876              102144              -0.12168            0.183125            -0.0517399          -0.129015           -0.0873009          0.0508575           
1.39107             102400              -0.115842           0.174032            -0.0502375          -0.122004           -0.0827152          0.0483001           
1.39455             102656              -0.116977           0.175165            -0.0505524          -0.122944           -0.0835523          0.0484779           
1.39803             102912              -0.109676           0.17507             -0.0495537          -0.123358           -0.0776645          0.0502954           
1.40151             103168              -0.111035           0.165766            -0.0470888          -0.116568           -0.0795871          0.045814            
1.40499             103424              -0.111845           0.15841             -0.0466798          -0.110395           -0.0805243          0.0423907           
1.40846             103680              -0.115235           0.161471            -0.0465581          -0.112575           -0.083194           0.0429282           
1.41194             103936              -0.114267           0.157269            -0.0457735          -0.109165           -0.0827125          0.0413515           
1.41542             104192              -0.11808            0.157359            -0.0440925          -0.109632           -0.0866996          0.0404244           
1.4189              104448              -0.113424           0.154977            -0.0435316          -0.107941           -0.0831719          0.0405305           
1.42237             104704              -0.116393           0.158144            -0.0431084          -0.110557           -0.0855805          0.0411737           
1.42585             104960              -0.11765            0.161388            -0.0425577          -0.113441           -0.0868803          0.0423135           
1.42933             105216              -0.118782           0.159922            -0.041657           -0.1122             -0.088244           0.0413664           
1.43281             105472              -0.118911           0.170916            -0.0417564          -0.121794           -0.0882272          0.0461151           
1.43628             105728              -0.123533           0.169705            -0.041823           -0.120119           -0.0922538          0.044491            
1.43976             105984              -0.114712           0.169608            -0.040832           -0.120364           -0.0849325          0.0466795           
1.44324             106240              -0.107578           0.163052            -0.0426139          -0.114268           -0.0780435          0.0457259           
1.44672             106496              -0.108838           0.169871            -0.0407904          -0.12076            -0.0797314          0.0483205           
1.4502              106752              -0.107515           0.167053            -0.0433745          -0.117169           -0.0778121          0.0475189           
1.45367             107008              -0.111858           0.169407            -0.0426996          -0.119565           -0.0819069          0.0474486           
1.45715             107264              -0.116432           0.17229             -0.0415177          -0.12249            -0.0859961          0.0475417           
1.46063             107520              -0.114397           0.170092            -0.0413821          -0.12049            -0.0844344          0.0471154           
1.46411             107776              -0.107184           0.163573            -0.0410489          -0.115303           -0.0786883          0.0460899           
1.46758             108032              -0.114045           0.169472            -0.0410479          -0.120101           -0.084406           0.0469913           
1.47106             108288              -0.123757           0.176739            -0.0413835          -0.126048           -0.0926079          0.0477109           
1.47454             108544              -0.132511           0.182792            -0.0456233          -0.128943           -0.0986199          0.0483036           
1.47802             108800              -0.128609           0.187276            -0.0479963          -0.131718           -0.0944325          0.0513261           
1.48149             109056              -0.123586           0.187478            -0.0464771          -0.132364           -0.0907004          0.0526389           
1.48497             109312              -0.121693           0.192326            -0.04857            -0.135699           -0.0882449          0.0552355           
1.48845             109568              -0.119269           0.191313            -0.0502652          -0.13424            -0.0857245          0.0554239           
1.49193             109824              -0.116137           0.191523            -0.0486613          -0.135368           -0.0835506          0.0562174           
1.49541             110080              -0.116086           0.192757            -0.0501949          -0.135991           -0.08272            0.0567564           
1.49888             110336              -0.111643           0.186867            -0.0512125          -0.130964           -0.0784669          0.055266            
1.50236             110592              -0.107804           0.179459            -0.0492597          -0.125964           -0.0757247          0.0528878           
1.50584             110848              -0.11052            0.178462            -0.0499043          -0.125259           -0.0776737          0.0517286           
1.50932             111104              -0.109084           0.175175            -0.0467104          -0.123843           -0.0773961          0.0505531           
1.51279             111360              -0.0969309          0.165098            -0.0456167          -0.116016           -0.067155           0.0491634           
1.51627             111616              -0.0978214          0.153936            -0.0448381          -0.107168           -0.0681733          0.0440135           
1.51975             111872              -0.102745           0.15495             -0.0429478          -0.108892           -0.0729273          0.0431269           
1.52323             112128              -0.10683            0.162327            -0.0440272          -0.114623           -0.0757381          0.0453471           
1.5267              112384              -0.105509           0.161126            -0.0439559          -0.113589           -0.0744289          0.045131            
1.53018             112640              -0.111447           0.165752            -0.045168           -0.116894           -0.0790859          0.045676            
1.53366             112896              -0.117381           0.168027            -0.0467847          -0.118007           -0.0837923          0.045198            
1.53714             113152              -0.124004           0.185279            -0.0496864          -0.131156           -0.0882578          0.0511457           
1.54062             113408              -0.11584            0.184605            -0.0495888          -0.130751           -0.0816334          0.0528862           
1.54409             113664              -0.107265           0.173599            -0.0477868          -0.122049           -0.0752648          0.0502114           
1.54757             113920              -0.105515           0.170773            -0.0480704          -0.119599           -0.0739286          0.0493994           
1.55105             114176              -0.111077           0.176911            -0.048803           -0.124315           -0.078251           0.0507111           
1.55453             114432              -0.106108           0.174102            -0.0504472          -0.121235           -0.0734258          0.0507882           
1.558               114688              -0.114866           0.176354            -0.050112           -0.123014           -0.0810601          0.0495368           
1.56148             114944              -0.112737           0.177314            -0.049455           -0.124024           -0.0792824          0.0504448           
1.56496             115200              -0.111581           0.172949            -0.0482865          -0.120821           -0.0788139          0.0487941           
1.56844             115456              -0.112272           0.172135            -0.0493995          -0.120092           -0.078941           0.0482364           
1.57191             115712              -0.125509           0.177557            -0.052062           -0.12302            -0.0888538          0.0473523           
1.57539             115968              -0.117775           0.172534            -0.0488003          -0.12068            -0.0838879          0.0469762           
1.57887             116224              -0.112293           0.171136            -0.0470539          -0.120223           -0.0795792          0.0477447           
1.58235             116480              -0.117581           0.171542            -0.0470962          -0.120545           -0.0841268          0.046578            
1.58582             116736              -0.113277           0.16918             -0.0470808          -0.118602           -0.0804613          0.0466312           
1.5893              116992              -0.115983           0.163311            -0.0458664          -0.11416            -0.0831617          0.0433479           
1.59278             117248              -0.12242            0.170691            -0.0480479          -0.119489           -0.0878093          0.0450013           
1.59626             117504              -0.111986           0.171185            -0.0472833          -0.120154           -0.0790883          0.0478614           
1.59974             117760              -0.0983114          0.160555            -0.0475533          -0.111458           -0.0673218          0.0466586           
1.60321             118016              -0.0996747          0.156105            -0.047063           -0.108151           -0.0689748          0.0443431           
1.60669             118272              -0.110724           0.170326            -0.0481795          -0.119346           -0.0779001          0.0478146           
1.61017             118528              -0.110963           0.165423            -0.0507872          -0.114318           -0.0773886          0.0456421           
1.61365             118784              -0.112508           0.167602            -0.0479533          -0.117425           -0.0796176          0.0461312           
1.61712             119040              -0.108389           0.16219             -0.0441456          -0.114547           -0.0777861          0.0447022           
1.6206              119296              -0.0997916          0.159421            -0.0428794          -0.112728           -0.0708119          0.0456399           
1.62408             119552              -0.106769           0.160147            -0.0451535          -0.112453           -0.0761065          0.0442532           
1.62756             119808              -0.111469           0.167509            -0.0458494          -0.118414           -0.079694           0.046331            
1.63103             120064              -0.108791           0.160136            -0.0421962          -0.113588           -0.078949           0.0437014           
1.63451             120320              -0.113723           0.160515            -0.0436718          -0.112981           -0.0826652          0.0427332           
1.63799             120576              -0.117122           0.166369            -0.043525           -0.117881           -0.0855697          0.0444429           
1.64147             120832              -0.12103            0.171686            -0.0440535          -0.122147           -0.088986           0.0457865           
1.64495             121088              -0.129117           0.178414            -0.0437705          -0.127634           -0.0959638          0.0467012           
1.64842             121344              -0.131381           0.189209            -0.0464572          -0.135369           -0.0970415          0.0509706           
1.6519              121600              -0.130716           0.197007            -0.0467246          -0.1414             -0.0963635          0.0545469           
1.65538             121856              -0.127142           0.192029            -0.0493527          -0.136275           -0.0927058          0.0533554           
1.65886             122112              -0.127001           0.196094            -0.0495867          -0.139202           -0.0922756          0.0552032           
1.66233             122368              -0.12033            0.19192             -0.0491154          -0.1361             -0.0868386          0.0550301           
1.66581             122624              -0.11913            0.191743            -0.0514112          -0.13483            -0.08485            0.0553273           
1.66929             122880              -0.112562           0.192441            -0.0478404          -0.137328           -0.0806335          0.0571725           
1.67277             123136              -0.116587           0.186927            -0.0503713          -0.131513           -0.0827608          0.0538342           
1.67624             123392              -0.118868           0.187809            -0.0496401          -0.132527           -0.0849186          0.0536442           
1.67972             123648              -0.121559           0.190157            -0.0484899          -0.134591           -0.0873211          0.0539973           
1.6832              123904              -0.111844           0.180846            -0.0466132          -0.127565           -0.0797188          0.0523373           
1.68668             124160              -0.107511           0.172196            -0.0445215          -0.121181           -0.076645           0.0496379           
1.69016             124416              -0.103476           0.166646            -0.0429425          -0.117064           -0.07344            0.0481932           
1.69363             124672              -0.110148           0.165789            -0.0426062          -0.116262           -0.0792942          0.0461427           
1.69711             124928              -0.110513           0.175142            -0.0447111          -0.123331           -0.0784008          0.0502055           
1.70059             125184              -0.112506           0.172935            -0.0443961          -0.121336           -0.0802617          0.0487384           
1.70407             125440              -0.110448           0.166198            -0.043853           -0.115893           -0.0787906          0.0463096           
1.70754             125696              -0.105888           0.174491            -0.0450548          -0.122771           -0.0745539          0.0510951           
1.71102             125952              -0.116895           0.184261            -0.048099           -0.129794           -0.0827806          0.0526328           
1.7145              126208              -0.106618           0.181477            -0.0463893          -0.128153           -0.0746661          0.0539869           
1.71798             126464              -0.109629           0.179882            -0.0461516          -0.127074           -0.0775903          0.0525305           
1.72145             126720              -0.108587           0.182065            -0.0502121          -0.127369           -0.0748623          0.0538385           
1.72493             126976              -0.103874           0.174534            -0.0480969          -0.121975           -0.0719878          0.0516796           
1.72841             127232              -0.106024           0.173799            -0.0470512          -0.12201            -0.074257           0.050763            
1.73189             127488              -0.113353           0.179451            -0.0486097          -0.126084           -0.080186           0.0514474           
1.73537             127744              -0.109576           0.181156            -0.0493173          -0.127271           -0.0767435          0.0531695           
1.73884             128000              -0.110486           0.182667            -0.0499936          -0.128556           -0.0777653          0.0536194           
1.74232             128256              -0.113841           0.18118             -0.049924           -0.127118           -0.0805305          0.0521434           
1.7458              128512              -0.114591           0.186474            -0.0514874          -0.131139           -0.0808722          0.0542919           
1.74928             128768              -0.119502           0.188657            -0.0514925          -0.132865           -0.0850964          0.0540312           
1.75275             129024              -0.119584           0.19071             -0.0507877          -0.134829           -0.085688           0.0549202           
1.75623             129280              -0.123304           0.192571            -0.0529719          -0.13553            -0.0883173          0.054838            
1.75971             129536              -0.116937           0.190318            -0.0522884          -0.133802           -0.0832178          0.05547             
1.76319             129792              -0.118649           0.181988            -0.0487644          -0.128263           -0.0860108          0.0513082           
1.76666             130048              -0.115841           0.181455            -0.0490486          -0.127884           -0.0835887          0.0517641           
1.77014             130304              -0.128107           0.187812            -0.0510786          -0.132269           -0.0930685          0.0515015           
1.77362             130560              -0.131668           0.193116            -0.0491056          -0.137531           -0.0967779          0.0528715           
1.7771              130816              -0.120996           0.181598            -0.0469396          -0.128927           -0.0883492          0.0504407           
1.78058             131072              -0.125086           0.183418            -0.0482634          -0.129923           -0.091496           0.0502527           
1.78405             131328              -0.123291           0.192951            -0.049521           -0.137627           -0.0889442          0.0548496           
1.78753             131584              -0.122257           0.188139            -0.048163           -0.134261           -0.0889781          0.0529263           
1.79101             131840              -0.120589           0.178891            -0.0505152          -0.125558           -0.086513           0.0493885           
1.79449             132096              -0.118571           0.176774            -0.0499978          -0.124018           -0.0850608          0.0489283           
1.79796             132352              -0.114949           0.182216            -0.0508926          -0.128562           -0.0818444          0.052197            
1.80144             132608              -0.119813           0.185573            -0.0501985          -0.131836           -0.0861931          0.0523848           
1.80492             132864              -0.117746           0.179913            -0.0504743          -0.12688            -0.0842211          0.0504263           
1.8084              133120              -0.117534           0.185158            -0.0509976          -0.131484           -0.0837347          0.0527403           
1.81187             133376              -0.115724           0.184514            -0.0489235          -0.13179            -0.0829008          0.052838            
1.81535             133632              -0.105117           0.173304            -0.0471954          -0.123393           -0.074497           0.0505139           
1.81883             133888              -0.112452           0.179076            -0.0500459          -0.127233           -0.0796787          0.0512391           
1.82231             134144              -0.116455           0.184581            -0.0490305          -0.132264           -0.0834095          0.0525578           
1.82579             134400              -0.118136           0.186966            -0.0475811          -0.134872           -0.0853129          0.0531493           
1.82926             134656              -0.115287           0.18186             -0.0493586          -0.129985           -0.0821377          0.0516599           
1.83274             134912              -0.109515           0.183794            -0.0485933          -0.132237           -0.0774024          0.053882            
1.83622             135168              -0.110967           0.181414            -0.0489945          -0.130383           -0.0785255          0.052428            
1.8397              135424              -0.112555           0.188145            -0.0483705          -0.136629           -0.0799991          0.0548759           
1.84317             135680              -0.113487           0.184967            -0.0493042          -0.133766           -0.0805239          0.0532561           
1.84665             135936              -0.118771           0.18803             -0.04829            -0.137178           -0.0854994          0.0531759           
1.85013             136192              -0.116549           0.196416            -0.0502055          -0.143413           -0.0825811          0.0574359           
1.85361             136448              -0.119719           0.20169             -0.0494372          -0.148495           -0.0856728          0.058876            
1.85708             136704              -0.111184           0.199138            -0.0510847          -0.146128           -0.0775874          0.0599138           
1.86056             136960              -0.11156            0.192272            -0.0503234          -0.14085            -0.078073           0.0567941           
1.86404             137216              -0.112726           0.200297            -0.0513794          -0.147508           -0.0787707          0.0599681           
1.86752             137472              -0.111804           0.203785            -0.0541157          -0.149452           -0.0769847          0.0617807           
1.871               137728              -0.114069           0.202767            -0.052368           -0.149411           -0.0796553          0.0607234           
1.87447             137984              -0.112154           0.196576            -0.0530228          -0.144063           -0.07777            0.0585357           
1.87795             138240              -0.111489           0.196474            -0.0526031          -0.144213           -0.0774112          0.0586316           
1.88143             138496              -0.112675           0.198724            -0.0538113          -0.145594           -0.078376           0.0593681           
1.88491             138752              -0.115558           0.195995            -0.0491464          -0.14517            -0.0824534          0.0573154           
1.88838             139008              -0.115125           0.195679            -0.0512347          -0.143857           -0.081326           0.0573882           
1.89186             139264              -0.11606            0.196461            -0.051007           -0.144757           -0.0827278          0.0574535           
1.89534             139520              -0.118924           0.201601            -0.0535242          -0.147959           -0.0840332          0.05905             
1.89882             139776              -0.118682           0.200245            -0.0515507          -0.147501           -0.0845864          0.0584753           
1.90229             140032              -0.12145            0.198112            -0.0528756          -0.145076           -0.0866954          0.0568958           
1.90577             140288              -0.119735           0.20235             -0.0537175          -0.148182           -0.0850601          0.0591833           
1.90925             140544              -0.122132           0.205797            -0.0535495          -0.151055           -0.087238           0.0600852           
1.91273             140800              -0.123476           0.207698            -0.0550248          -0.151888           -0.087765           0.0606189           
1.91621             141056              -0.11796            0.201448            -0.0543603          -0.146827           -0.0834001          0.0592714           
1.91968             141312              -0.116324           0.204546            -0.054267           -0.149553           -0.0820004          0.0610261           
1.92316             141568              -0.118478           0.198334            -0.0542621          -0.14431            -0.0839567          0.0577593           
1.92664             141824              -0.117506           0.199002            -0.0528186          -0.145665           -0.0837352          0.0582361           
1.93012             142080              -0.118113           0.200677            -0.0527804          -0.147167           -0.0842702          0.0588141           
1.93359             142336              -0.114202           0.194333            -0.0518304          -0.142316           -0.0812867          0.0569931           
1.93707             142592              -0.116164           0.193774            -0.0535758          -0.14108            -0.0822665          0.0562914           
1.94055             142848              -0.123483           0.195587            -0.0526683          -0.142897           -0.0886957          0.0551861           
1.94403             143104              -0.11983            0.195887            -0.0532333          -0.143308           -0.0854239          0.0562233           
1.9475              143360              -0.119512           0.195912            -0.0529421          -0.143192           -0.0849037          0.0563233           
1.95098             143616              -0.117881           0.193643            -0.0524626          -0.14144            -0.0837132          0.0557196           
1.95446             143872              -0.117642           0.191798            -0.0513088          -0.140506           -0.0837235          0.054926            
1.95794             144128              -0.113732           0.192119            -0.0508033          -0.141254           -0.0807581          0.0560194           
1.96142             144384              -0.114249           0.192094            -0.0536175          -0.140003           -0.0800283          0.0559359           
1.96489             144640              -0.118295           0.194105            -0.0517465          -0.14251            -0.0839833          0.0557457           
1.96837             144896              -0.119686           0.193               -0.0511517          -0.141673           -0.085223           0.0548909           
1.97185             145152              -0.118315           0.191438            -0.0536701          -0.139331           -0.0829291          0.0546228           
1.97533             145408              -0.114961           0.190039            -0.0544537          -0.138026           -0.079874           0.0548824           
1.9788              145664              -0.116708           0.183813            -0.0517728          -0.133586           -0.0822771          0.0516658           
1.98228             145920              -0.120733           0.189297            -0.0514092          -0.138489           -0.0855455          0.053037            
1.98576             146176              -0.114121           0.18746             -0.050374           -0.137391           -0.0802779          0.0538415           
1.98924             146432              -0.115143           0.18991             -0.0528214          -0.138281           -0.0802023          0.0547647           
1.99271             146688              -0.106227           0.181986            -0.0482702          -0.133612           -0.0743322          0.0534137           
1.99619             146944              -0.108554           0.184188            -0.0496098          -0.13511            -0.0761011          0.0537927           
1.99967             147200              -0.11761            0.196284            -0.0547377          -0.142736           -0.0816713          0.0569572           
