#Time               nTime               force-x             force-y             force-z             moment-x            moment-y            moment-z            
0                   0                   0.000154122         -2.14977e-06        -0.000227049        3.12213e-06         0.000832478         -5.07611e-06        
0.00347769          256                 -0.297514           0.0499867           0.249995            -0.0690114          -1.0898             0.134502            
0.00695537          512                 -1.0945             0.0496262           1.78055             -0.0726164          -6.37766            0.121661            
0.0104331           768                 -0.856262           -0.0183777          2.43191             0.0198949           -7.82826            -0.0676213          
0.0139107           1024                8.92651             0.43897             -8.2978             -0.59502            34.9216             1.16483             
0.0173884           1280                15.8633             0.352867            -25.0911            -0.474606           90.4103             0.939048            
0.0208661           1536                3.34099             -0.079978           -5.16394            0.122611            18.7081             -0.1903             
0.0243438           1792                -6.91096            -0.250674           8.29756             0.338822            -32.1757            -0.661479           
0.0278215           2048                -9.12724            -0.0757305          13.5599             0.0952234           -49.6073            -0.214712           
0.0312992           2304                -3.93962            -0.000251523        6.74793             -0.00730153         -23.8643            -0.0213216          
0.0347769           2560                -2.23177            0.0186804           2.86666             -0.0265242          -10.897             0.0339834           
0.0382545           2816                -3.83189            0.0667071           5.78634             -0.0974112          -21.0831            0.164443            
0.0417322           3072                -3.21566            0.0468536           4.78848             -0.0705043          -17.5089            0.114337            
0.0452099           3328                -2.53225            -0.0186088          3.64828             0.0232599           -13.4519            -0.0586072          
0.0486876           3584                -1.62538            0.0089419           2.4536              -0.0142307          -8.9398             0.0149807           
0.0521653           3840                -1.30682            0.0608467           2.02264             -0.0857728          -7.32365            0.155172            
0.055643            4096                -1.3103             0.0352409           1.95377             -0.0510174          -7.14062            0.0869825           
0.0591207           4352                -1.10529            0.00368802          1.63293             -0.00633837         -5.98232            0.00401893          
0.0625984           4608                -0.928028           0.00624277          1.32128             -0.00968453         -4.88659            0.0128089           
0.066076            4864                -0.882859           0.013908            1.25185             -0.020268           -4.63475            0.0344226           
0.0695537           5120                -0.929342           0.00776762          1.3187              -0.0118271          -4.88132            0.0174946           
0.0730314           5376                -1.02692            0.00141141          1.45551             -0.00304971         -5.38931            -0.000165062        
0.0765091           5632                -1.12687            0.00872742          1.61455             -0.0133597          -5.96137            0.0192068           
0.0799868           5888                -1.24945            0.00827051          1.8074              -0.012947           -6.657              0.0173672           
0.0834645           6144                -1.37322            0.0060865           1.99151             -0.0100081          -7.33027            0.0107883           
0.0869422           6400                -1.48233            0.011833            2.1497              -0.018093           -7.91254            0.0258195           
0.0904198           6656                -1.60266            0.0115997           2.32058             -0.0180117          -8.54491            0.0245232           
0.0938975           6912                -1.72713            0.0124731           2.51295             -0.0193351          -9.24184            0.0264454           
0.0973752           7168                -1.81796            0.0147046           2.63524             -0.0225183          -9.70084            0.0322972           
0.100853            7424                -1.87289            0.0122094           2.72426             -0.0192778          -10.0198            0.0253421           
0.104331            7680                -1.88107            0.01264             2.72903             -0.0197723          -10.044             0.0267313           
0.107808            7936                -1.90932            0.00721166          2.76902             -0.0124237          -10.1921            0.0119439           
0.111286            8192                -1.87914            0.00649661          2.73109             -0.0112475          -10.047             0.0103158           
0.114764            8448                -1.76823            0.0127032           2.57847             -0.0198069          -9.47742            0.0274279           
0.118241            8704                -1.71771            0.0101929           2.50251             -0.0163168          -9.20026            0.020585            
0.121719            8960                -1.73129            0.00992864          2.52513             -0.0159199          -9.2808             0.0198241           
0.125197            9216                -1.71807            0.0116261           2.51289             -0.0181981          -9.22925            0.0243892           
0.128674            9472                -1.68955            0.0136792           2.46847             -0.0210416          -9.0686             0.0299719           
0.132152            9728                -1.69438            0.0157024           2.4763              -0.0237185          -9.09664            0.0355055           
0.13563             9984                -1.72449            0.0132113           2.51966             -0.0203875          -9.25655            0.0284936           
0.139107            10240               -1.77006            0.0101216           2.58376             -0.0163716          -9.49441            0.0197792           
0.142585            10496               -1.7988             0.014084            2.61848             -0.0217767          -9.62876            0.0305741           
0.146063            10752               -1.78142            0.0158843           2.60006             -0.0241903          -9.55454            0.0352863           
0.149541            11008               -1.78204            0.0151088           2.59604             -0.0232874          -9.54433            0.0330554           
0.153018            11264               -1.81619            0.00924204          2.64562             -0.0151478          -9.72682            0.0169818           
0.156496            11520               -1.79905            0.016994            2.61357             -0.0254795          -9.61567            0.0387258           
0.159974            11776               -1.75425            0.0151944           2.53192             -0.0232785          -9.3308             0.0338965           
0.163451            12032               -1.6969             0.00707771          2.46402             -0.0118309          -9.06655            0.0120832           
0.166929            12288               -1.66863            0.00589848          2.40351             -0.0103036          -8.86217            0.00930157          
0.170407            12544               -1.64844            0.00557337          2.35248             -0.0097804          -8.69483            0.00897098          
0.173884            12800               -1.59149            0.00448608          2.2866              -0.0082052          -8.4366             0.00642336          
0.177362            13056               -1.53437            0.00150385          2.1955              -0.00360779         -8.10903            -0.00133611         
0.18084             13312               -1.53742            0.00402884          2.21067             -0.00747335         -8.15468            0.00558548          
0.184317            13568               -1.54083            0.00343269          2.20878             -0.00634565         -8.1542             0.00426995          
0.187795            13824               -1.56872            -0.00110879         2.24699             -0.000668888        -8.29694            -0.00860703         
0.191273            14080               -1.55438            0.00214349          2.24296             -0.00402283         -8.26631            0.00100989          
0.19475             14336               -1.51734            0.00310758          2.19526             -0.00600484         -8.08511            0.00326913          
0.198228            14592               -1.50512            0.00025202          2.19692             -0.00216848         -8.07305            -0.00454626         
0.201706            14848               -1.513              0.00197233          2.19035             -0.00424972         -8.06581            0.000344726         
0.205183            15104               -1.49013            0.00558048          2.15952             -0.00961525         -7.95025            0.010209            
0.208661            15360               -1.44717            -0.00269135         2.09194             0.0022923           -7.70657            -0.011946           
0.212139            15616               -1.44644            0.00378525          2.08527             -0.00628828         -7.68729            0.00606308          
0.215617            15872               -1.4785             0.000917953         2.13849             -0.00278067         -7.87687            -0.00226326         
0.219094            16128               -1.46014            0.00265447          2.11643             -0.0052472          -7.79131            0.00251403          
0.222572            16384               -1.45986            0.00389853          2.11227             -0.00688241         -7.77947            0.00593711          
0.22605             16640               -1.49959            0.000631868         2.168               -0.00292954         -7.98645            -0.00305787         
0.229527            16896               -1.47877            -0.000411433        2.13338             -0.00153854         -7.86322            -0.00595751         
0.233005            17152               -1.4939             -0.00218235         2.14553             0.00103635          -7.91718            -0.0106947          
0.236483            17408               -1.54235            -0.0017142          2.21356             0.000650855         -8.16977            -0.00927826         
0.23996             17664               -1.57743            0.00237153          2.28088             -0.00518507         -8.40215            0.00159694          
0.243438            17920               -1.53991            -0.000157264        2.24395             -0.000952675        -8.24977            -0.00501201         
0.246916            18176               -1.50556            0.00085594          2.16678             -0.00318353         -7.99143            -0.00271397         
0.250393            18432               -1.48206            -0.000976327        2.15121             0.000168875         -7.91668            -0.00729952         
0.253871            18688               -1.52911            0.00442142          2.21591             -0.00766748         -8.15811            0.00710759          
0.257349            18944               -1.5522             0.00517252          2.24524             -0.00858612         -8.27001            0.00896332          
0.260826            19200               -1.55051            0.0017863           2.24833             -0.00429735         -8.27613            -0.00100904         
0.264304            19456               -1.56951            0.00829465          2.27364             -0.013174           -8.37142            0.0167698           
0.267782            19712               -1.58945            0.0095688           2.29664             -0.0151134          -8.46167            0.0201341           
0.27126             19968               -1.61423            0.00218136          2.33169             -0.0053095          -8.59153            -0.000333445        
0.274737            20224               -1.65007            0.00848102          2.39268             -0.0135249          -8.80751            0.0173166           
0.278215            20480               -1.61855            0.00309187          2.34607             -0.00674683         -8.63671            0.0020465           
0.281693            20736               -1.61843            0.00821693          2.34874             -0.0133193          -8.64377            0.0163464           
0.28517             20992               -1.60634            0.00326335          2.30599             -0.00661631         -8.51006            0.00248087          
0.288648            21248               -1.5808             0.00781723          2.28671             -0.0129632          -8.42241            0.0152386           
0.292126            21504               -1.58622            0.0099293           2.29217             -0.0165811          -8.44476            0.0206669           
0.295603            21760               -1.58448            0.00647247          2.3179              -0.0109154          -8.51282            0.0112649           
0.299081            22016               -1.56011            0.0037874           2.26873             -0.00769298         -8.34479            0.0036688           
0.302559            22272               -1.61083            0.0119906           2.34252             -0.0192652          -8.61615            0.0257782           
0.306036            22528               -1.62949            0.00869583          2.36844             -0.014373           -8.71261            0.0166147           
0.309514            22784               -1.65278            0.0119577           2.41878             -0.0189435          -8.88226            0.025283            
0.312992            23040               -1.66165            0.0142718           2.44553             -0.0221358          -8.96771            0.0314092           
0.316469            23296               -1.7157             0.0112883           2.49199             -0.0185708          -9.16873            0.0227839           
0.319947            23552               -1.78101            0.0112183           2.58629             -0.0182953          -9.51627            0.0225344           
0.323425            23808               -1.79688            0.016685            2.61767             -0.0257127          -9.62392            0.0374622           
0.326903            24064               -1.80936            0.0143812           2.64195             -0.0227172          -9.70752            0.0308942           
0.33038             24320               -1.79798            0.00972656          2.60013             -0.0160046          -9.57744            0.0184411           
0.333858            24576               -1.79576            0.0134759           2.58494             -0.0213373          -9.5328             0.0287529           
0.337336            24832               -1.80052            0.0114611           2.61551             -0.0189257          -9.62308            0.0230131           
0.340813            25088               -1.78493            0.0109324           2.57673             -0.0176347          -9.49556            0.0220634           
0.344291            25344               -1.72981            0.00854154          2.48                -0.0145425          -9.1553             0.0156922           
0.347769            25600               -1.74771            0.0075371           2.52665             -0.01343            -9.3076             0.0128852           
0.351246            25856               -1.73186            0.00835435          2.50982             -0.0142002          -9.23987            0.0154144           
0.354724            26112               -1.66646            0.0054204           2.40696             -0.0101428          -8.86875            0.00755387          
0.358202            26368               -1.61729            0.00638879          2.33228             -0.0116293          -8.59699            0.0101977           
0.361679            26624               -1.58078            0.00906758          2.28171             -0.0152317          -8.40863            0.0178462           
0.365157            26880               -1.53917            0.00453519          2.22245             -0.00927056         -8.18955            0.00575386          
0.368635            27136               -1.48461            0.00244131          2.13729             -0.006155           -7.88182            0.00061531          
0.372112            27392               -1.47102            -0.00184517         2.10638             -0.000191658        -7.77863            -0.0105829          
0.37559             27648               -1.48273            -0.00247356         2.12471             0.00075496          -7.84489            -0.0120419          
0.379068            27904               -1.4115             -0.00409532         2.01899             0.00307388          -7.45789            -0.0162584          
0.382546            28160               -1.37307            -0.000646916        1.96577             -0.0016753          -7.25951            -0.00706303         
0.386023            28416               -1.32748            0.00432848          1.90716             -0.00871421         -7.0366             0.00641996          
0.389501            28672               -1.33883            0.00108018          1.92227             -0.00433155         -7.09349            -0.00302402         
0.392979            28928               -1.41137            0.00643063          2.0341              -0.0114669          -7.49881            0.0115252           
0.396456            29184               -1.46335            0.00950018          2.11711             -0.0159686          -7.79718            0.0192595           
0.399934            29440               -1.49913            0.00753413          2.16275             -0.0132678          -7.97105            0.0134247           
0.403412            29696               -1.56069            0.0130815           2.26764             -0.0203961          -8.34241            0.0286962           
0.406889            29952               -1.65373            0.0114565           2.38896             -0.0190798          -8.80179            0.0235201           
0.410367            30208               -1.77632            0.00652158          2.58626             -0.0119728          -9.50973            0.0099003           
0.413845            30464               -1.78421            0.0138285           2.59025             -0.0216935          -9.53138            0.0300165           
0.417322            30720               -1.75882            0.0142512           2.55466             -0.0222336          -9.39912            0.0309442           
0.4208              30976               -1.73582            0.0142737           2.4995              -0.0222318          -9.21663            0.0311713           
0.424278            31232               -1.7267             0.00857478          2.50103             -0.0146677          -9.20843            0.0155863           
0.427755            31488               -1.73597            0.0122071           2.51214             -0.0190711          -9.25149            0.0262016           
0.431233            31744               -1.73096            0.00931711          2.51726             -0.0157822          -9.2587             0.017962            
0.434711            32000               -1.66253            0.00979106          2.39226             -0.0150485          -8.82276            0.0202203           
0.438188            32256               -1.64896            0.0096538           2.3925              -0.0156666          -8.80489            0.0194369           
0.441666            32512               -1.69883            0.0148873           2.47012             -0.0223357          -9.08558            0.0339496           
0.445144            32768               -1.66005            0.0137913           2.41074             -0.0210958          -8.86992            0.0302708           
0.448622            33024               -1.61475            0.0136167           2.34435             -0.0203931          -8.62616            0.0300887           
0.452099            33280               -1.60355            0.0140526           2.32415             -0.0216078          -8.55557            0.0311776           
0.455577            33536               -1.60417            0.0111386           2.31789             -0.0171397          -8.53925            0.0234636           
0.459055            33792               -1.67649            0.0138293           2.41896             -0.0214437          -8.91489            0.0302386           
0.462532            34048               -1.66372            0.0119947           2.4136              -0.0185599          -8.88277            0.025017            
0.46601             34304               -1.67865            0.0207779           2.41758             -0.030136           -8.91397            0.0495288           
0.469488            34560               -1.67749            0.0107507           2.43168             -0.0175747          -8.95105            0.0211646           
0.472965            34816               -1.62822            0.0207875           2.38828             -0.0302111          -8.76483            0.0493199           
0.476443            35072               -1.63743            0.0174313           2.39319             -0.0260424          -8.79088            0.0397344           
0.479921            35328               -1.65186            0.017112            2.39188             -0.0258477          -8.80702            0.0388433           
0.483398            35584               -1.68393            0.0134445           2.42799             -0.020983           -8.94973            0.0286388           
0.486876            35840               -1.72035            0.0152693           2.50559             -0.0235762          -9.21204            0.0334581           
0.490354            36096               -1.72544            0.0172855           2.50254             -0.0261918          -9.21058            0.0391144           
0.493831            36352               -1.73502            0.00898572          2.51198             -0.0144415          -9.24953            0.0165117           
0.497309            36608               -1.718              0.0161951           2.49747             -0.024508           -9.1866             0.0363166           
0.500787            36864               -1.70526            0.0129613           2.4612              -0.0202992          -9.06976            0.0271562           
0.504265            37120               -1.77557            0.0115636           2.56852             -0.0181512          -9.45974            0.0234067           
0.507742            37376               -1.77001            0.0130829           2.56439             -0.0202466          -9.44087            0.027606            
0.51122             37632               -1.71908            0.0160062           2.47876             -0.0238531          -9.13672            0.0359829           
0.514698            37888               -1.7293             0.013635            2.48353             -0.0207139          -9.16376            0.0294577           
0.518175            38144               -1.73757            0.0186622           2.51892             -0.0276624          -9.2721             0.0434123           
0.521653            38400               -1.69817            0.0117209           2.44916             -0.0184955          -9.02722            0.0245018           
0.525131            38656               -1.70744            0.0126266           2.46955             -0.0189056          -9.09581            0.0276019           
0.528608            38912               -1.70624            0.0103465           2.47905             -0.0159794          -9.1202             0.0213713           
0.532086            39168               -1.67773            0.011713            2.42514             -0.017992           -8.93357            0.0250673           
0.535564            39424               -1.66245            0.0142416           2.40489             -0.0216464          -8.85722            0.0318767           
0.539041            39680               -1.61126            0.00952267          2.34253             -0.0146444          -8.61646            0.0193343           
0.542519            39936               -1.57033            0.0154646           2.29164             -0.0229443          -8.42113            0.0355918           
0.545997            40192               -1.60564            0.0156338           2.33586             -0.0233828          -8.59048            0.0357726           
0.549474            40448               -1.67246            0.0111118           2.46224             -0.0169535          -9.02794            0.0229816           
0.552952            40704               -1.70399            0.0137918           2.50609             -0.0208418          -9.19109            0.0302484           
0.55643             40960               -1.72301            0.0183774           2.53306             -0.0274661          -9.29091            0.042511            
0.559907            41216               -1.72346            0.0156361           2.54236             -0.0237475          -9.31697            0.0347749           
0.563385            41472               -1.74277            0.0157864           2.53595             -0.0240497          -9.32567            0.0350706           
0.566863            41728               -1.76166            0.014574            2.56905             -0.0224318          -9.44222            0.0316707           
0.570341            41984               -1.71598            0.0169399           2.50136             -0.0255422          -9.19452            0.0381892           
0.573818            42240               -1.65595            0.0155091           2.40196             -0.0231756          -8.84022            0.0342954           
0.577296            42496               -1.67293            0.0140886           2.43984             -0.0214028          -8.96725            0.0306008           
0.580774            42752               -1.64924            0.0156065           2.4145              -0.0235643          -8.86553            0.0344351           
0.584251            43008               -1.6907             0.0150132           2.42742             -0.0224987          -8.9574             0.0327206           
0.587729            43264               -1.83208            0.0210544           2.66694             -0.0308235          -9.80665            0.0488618           
0.591207            43520               -1.84235            0.0152386           2.69805             -0.0232449          -9.90598            0.0323747           
0.594684            43776               -1.79918            0.0188973           2.63133             -0.0282124          -9.6642             0.0423128           
0.598162            44032               -1.7532             0.0190599           2.54039             -0.0288617          -9.35231            0.0426486           
0.60164             44288               -1.84138            0.0165589           2.66027             -0.024606           -9.80117            0.0363256           
0.605117            44544               -1.89155            0.0164573           2.74752             -0.0245462          -10.1088            0.0363792           
0.608595            44800               -1.82777            0.0132825           2.621               -0.0201374          -9.67522            0.0281815           
0.612073            45056               -1.78456            0.0139054           2.56167             -0.0208887          -9.45374            0.0305981           
0.61555             45312               -1.79               0.0103834           2.58384             -0.0158389          -9.5219             0.0213484           
0.619028            45568               -1.79239            0.00120553          2.59334             -0.0037425          -9.55116            -0.0039586          
0.622506            45824               -1.70746            0.0110784           2.48365             -0.0165151          -9.13457            0.0238919           
0.625984            46080               -1.68694            0.00637457          2.42829             -0.010593           -8.95478            0.010655            
0.629461            46336               -1.62754            0.00765187          2.35481             -0.0117914          -8.67234            0.0145568           
0.632939            46592               -1.49604            0.0130291           2.13809             -0.0185823          -7.89898            0.0298742           
0.636417            46848               -1.54089            0.00425688          2.20477             -0.00751141         -8.14287            0.00534032          
0.639894            47104               -1.56035            0.00885194          2.25827             -0.0133714          -8.31598            0.0177435           
0.643372            47360               -1.55843            0.0124543           2.28446             -0.0185086          -8.385              0.0269693           
0.64685             47616               -1.58088            0.0107626           2.29867             -0.0159595          -8.45451            0.0219448           
0.650327            47872               -1.62924            0.0187166           2.36496             -0.027074           -8.70214            0.0435795           
0.653805            48128               -1.64126            0.0135828           2.40261             -0.0203259          -8.8217             0.0288345           
0.657283            48384               -1.72654            0.0172696           2.48987             -0.0248939          -9.17714            0.039209            
0.66076             48640               -1.72557            0.0168507           2.5324              -0.0245604          -9.29245            0.0376324           
0.664238            48896               -1.80772            0.0180091           2.63603             -0.0261409          -9.68842            0.0406191           
0.667716            49152               -1.89664            0.016271            2.77332             -0.0240398          -10.186             0.035328            
0.671193            49408               -1.93344            0.0202006           2.83594             -0.029727           -10.4078            0.0459587           
0.674671            49664               -1.88592            0.0147241           2.74931             -0.0217583          -10.1056            0.0313885           
0.678149            49920               -1.89492            0.0204392           2.74871             -0.0297084          -10.1162            0.0473899           
0.681626            50176               -1.88063            0.0128348           2.75446             -0.0198285          -10.1125            0.0263642           
0.685104            50432               -1.80189            0.0107685           2.64258             -0.0163398          -9.69856            0.0214611           
0.688582            50688               -1.72412            0.0121884           2.50896             -0.0185973          -9.22631            0.0257851           
0.69206             50944               -1.69799            0.00958964          2.44765             -0.0148528          -9.02271            0.0192125           
0.695537            51200               -1.71428            0.00660592          2.46586             -0.0108275          -9.09488            0.011133            
0.699015            51456               -1.63294            0.0123289           2.37509             -0.0183244          -8.73516            0.0272755           
0.702493            51712               -1.56034            0.0128613           2.27405             -0.0198802          -8.35908            0.0283264           
0.70597             51968               -1.54301            0.00781459          2.24854             -0.0125059          -8.26545            0.0145784           
0.709448            52224               -1.51418            0.00982479          2.2237              -0.0153465          -8.15806            0.0199528           
0.712926            52480               -1.51241            0.0176931           2.20305             -0.0265534          -8.09906            0.0413772           
0.716403            52736               -1.54236            0.0142465           2.238               -0.0210253          -8.23571            0.032237            
0.719881            52992               -1.49012            0.0130597           2.16207             -0.0197518          -7.95635            0.0288327           
0.723359            53248               -1.49769            0.0169895           2.1719              -0.025479           -7.99361            0.0390013           
0.726836            53504               -1.58202            0.0150815           2.29867             -0.0225491          -8.45601            0.033849            
0.730314            53760               -1.62768            0.014183            2.35717             -0.0212764          -8.67869            0.0312217           
0.733792            54016               -1.64082            0.0164555           2.38253             -0.024505           -8.76611            0.0374071           
0.73727             54272               -1.68697            0.015528            2.45715             -0.0236594          -9.03358            0.0345153           
0.740747            54528               -1.6957             0.0135834           2.4864              -0.020513           -9.12568            0.0297001           
0.744225            54784               -1.67411            0.0121983           2.43178             -0.019528           -8.94655            0.0253933           
0.747703            55040               -1.68326            0.0147536           2.44934             -0.0222507          -9.00719            0.0328696           
0.75118             55296               -1.7076             0.017667            2.49544             -0.0260692          -9.16674            0.041021            
0.754658            55552               -1.71494            0.0131584           2.49009             -0.0199848          -9.16205            0.0282589           
0.758136            55808               -1.73447            0.0157208           2.5329              -0.0233999          -9.30601            0.0352034           
0.761613            56064               -1.713              0.0188877           2.51755             -0.0281631          -9.23472            0.0437623           
0.765091            56320               -1.69572            0.0140082           2.44166             -0.0213478          -9.0032             0.0305815           
0.768569            56576               -1.7435             0.0147623           2.50734             -0.0219412          -9.24845            0.033033            
0.772046            56832               -1.75058            0.0117564           2.53757             -0.0182759          -9.34096            0.0246204           
0.775524            57088               -1.76831            0.0125019           2.5718              -0.0187945          -9.45896            0.0268953           
0.779002            57344               -1.76053            0.0137189           2.55834             -0.0207294          -9.41146            0.0301882           
0.782479            57600               -1.70044            0.016812            2.48194             -0.0249932          -9.12011            0.0388381           
0.785957            57856               -1.65623            0.0117077           2.40808             -0.0176088          -8.85731            0.0249784           
0.789435            58112               -1.66947            0.0106088           2.41348             -0.0164363          -8.8902             0.0220348           
0.792912            58368               -1.65216            0.014057            2.39616             -0.0213688          -8.81919            0.0314998           
0.79639             58624               -1.5993             0.0169586           2.333               -0.0245637          -8.57398            0.0400696           
0.799868            58880               -1.60999            0.0087924           2.3522              -0.0135765          -8.64119            0.0175497           
0.803346            59136               -1.59798            0.010155            2.32364             -0.0157607          -8.54653            0.021207            
0.806823            59392               -1.6796             0.0165465           2.43388             -0.0242721          -8.9599             0.0382104           
0.810301            59648               -1.76025            0.0155852           2.5725              -0.0230711          -9.44979            0.0351619           
0.813779            59904               -1.73582            0.0189114           2.54255             -0.0277246          -9.33439            0.0439903           
0.817256            60160               -1.71313            0.015212            2.49195             -0.0228502          -9.16482            0.0338104           
0.820734            60416               -1.73259            0.016372            2.54042             -0.0243566          -9.32426            0.0372333           
0.824212            60672               -1.68991            0.0175603           2.47865             -0.0260842          -9.09677            0.0404635           
0.827689            60928               -1.70612            0.0171567           2.49582             -0.0254177          -9.1659             0.0393836           
0.831167            61184               -1.70547            0.0121624           2.521               -0.0182793          -9.23404            0.0256311           
0.834645            61440               -1.6356             0.0211266           2.41053             -0.0308285          -8.83594            0.0500449           
0.838122            61696               -1.66298            0.0176058           2.4635              -0.026227           -9.01846            0.0400957           
0.8416              61952               -1.62673            0.0173569           2.40472             -0.0258421          -8.80793            0.0394973           
0.845078            62208               -1.6241             0.0205477           2.37522             -0.0305389          -8.72351            0.0481096           
0.848555            62464               -1.66467            0.0175089           2.45673             -0.0260008          -9.00232            0.0400171           
0.852033            62720               -1.68814            0.0166262           2.46468             -0.0251484          -9.05608            0.0370195           
0.855511            62976               -1.75242            0.021354            2.56556             -0.0314729          -9.42019            0.0500279           
0.858989            63232               -1.75195            0.0221159           2.57245             -0.0328622          -9.43845            0.0517432           
0.862466            63488               -1.75516            0.0184209           2.5637              -0.0278476          -9.41884            0.0417338           
0.865944            63744               -1.79535            0.0181829           2.61541             -0.0271124          -9.61546            0.0414871           
0.869422            64000               -1.82853            0.0141283           2.65897             -0.0219809          -9.78014            0.0301865           
0.872899            64256               -1.77659            0.0167039           2.58767             -0.0250519          -9.5139             0.0375802           
0.876377            64512               -1.67067            0.0170257           2.43197             -0.0253354          -8.94273            0.0388989           
0.879855            64768               -1.61848            0.0123714           2.32548             -0.0188082          -8.57983            0.0269214           
0.883332            65024               -1.62285            0.0109114           2.34308             -0.0171475          -8.6341             0.0231083           
0.88681             65280               -1.65704            0.0129848           2.40589             -0.019962           -8.85285            0.028697            
0.890288            65536               -1.60361            0.00953308          2.35214             -0.0150976          -8.63266            0.0189315           
0.893765            65792               -1.55941            0.0123526           2.29164             -0.018847           -8.4065             0.0266228           
0.897243            66048               -1.55198            0.0162961           2.25998             -0.0244298          -8.30964            0.0372745           
0.900721            66304               -1.6103             0.0179911           2.33713             -0.0264902          -8.60065            0.0418504           
0.904198            66560               -1.68389            0.0140861           2.43916             -0.0210652          -8.98066            0.0309012           
0.907676            66816               -1.68188            0.0131512           2.4417              -0.0203662          -8.98489            0.0276657           
0.911154            67072               -1.71779            0.0190969           2.4963              -0.0283267          -9.18347            0.043809            
0.914631            67328               -1.77426            0.0197634           2.59222             -0.0295626          -9.52342            0.0455329           
0.918109            67584               -1.74392            0.0199205           2.5382              -0.0296871          -9.33406            0.045979            
0.921587            67840               -1.76301            0.021045            2.55561             -0.0308951          -9.40779            0.0493618           
0.925065            68096               -1.81528            0.015499            2.63801             -0.0234064          -9.70493            0.0341472           
0.928542            68352               -1.78234            0.0212024           2.60347             -0.0312047          -9.56534            0.0498525           
0.93202             68608               -1.75237            0.0138055           2.54999             -0.0217092          -9.37793            0.0295722           
0.935498            68864               -1.74962            0.0140507           2.54931             -0.0212339          -9.37233            0.0307625           
0.938975            69120               -1.71159            0.0124636           2.48111             -0.0192986          -9.13353            0.0264737           
0.942453            69376               -1.7593             0.0145177           2.55028             -0.0219735          -9.38815            0.0324729           
0.945931            69632               -1.75776            0.0112767           2.54696             -0.0180857          -9.37703            0.0231484           
0.949408            69888               -1.73623            0.0106286           2.52271             -0.0167636          -9.28121            0.0217301           
0.952886            70144               -1.65819            0.00909205          2.41788             -0.0148039          -8.88751            0.0177122           
0.956364            70400               -1.65379            0.0131214           2.40578             -0.0200615          -8.84832            0.0290156           
0.959841            70656               -1.64169            0.00909751          2.3758              -0.0145111          -8.7497             0.0180551           
0.963319            70912               -1.66269            0.00992501          2.40229             -0.0157168          -8.85093            0.0203306           
0.966797            71168               -1.65632            0.00712451          2.41096             -0.0119304          -8.86603            0.0126507           
0.970275            71424               -1.5515             0.00914745          2.24225             -0.0147834          -8.26069            0.0183225           
0.973752            71680               -1.54695            0.0111302           2.23638             -0.0174635          -8.23837            0.0238135           
0.97723             71936               -1.58849            0.00970308          2.32135             -0.015678           -8.52794            0.0195036           
0.980708            72192               -1.61361            0.0128241           2.37518             -0.0202393          -8.70967            0.0275155           
0.984185            72448               -1.65019            0.0146972           2.42046             -0.0224979          -8.88363            0.0322693           
0.987663            72704               -1.66777            0.0198373           2.45396             -0.029583           -8.99943            0.0460765           
0.991141            72960               -1.66189            0.0207501           2.43004             -0.031271           -8.92589            0.0483197           
0.994618            73216               -1.6892             0.0150476           2.45962             -0.0234516          -9.0443             0.0326932           
0.998096            73472               -1.69022            0.0162133           2.44482             -0.0248808          -9.0051             0.0359464           
1.00157             73728               -1.75923            0.0147421           2.55215             -0.0228915          -9.39338            0.0317309           
1.00505             73984               -1.76628            0.0171902           2.55022             -0.0262759          -9.39782            0.0389726           
1.00853             74240               -1.78387            0.0154183           2.57269             -0.0239681          -9.48338            0.0341301           
1.01201             74496               -1.80414            0.00850384          2.63117             -0.014426           -9.6713             0.015322            
1.01548             74752               -1.80605            0.0165574           2.61876             -0.0251668          -9.63987            0.0376685           
1.01896             75008               -1.7723             0.0188593           2.55758             -0.0283248          -9.42617            0.0439461           
1.02244             75264               -1.77857            0.00584341          2.56969             -0.0108069          -9.46797            0.00798956          
1.02592             75520               -1.7315             0.0119073           2.5226              -0.0190783          -9.27474            0.0248736           
1.0294              75776               -1.66064            0.0165384           2.40719             -0.0251744          -8.86183            0.0378143           
1.03287             76032               -1.60633            0.0103302           2.33624             -0.0163932          -8.5934             0.0211383           
1.03635             76288               -1.59843            0.0140739           2.30375             -0.0215699          -8.49364            0.0315889           
1.03983             76544               -1.60946            0.00801849          2.33728             -0.0129857          -8.60063            0.01525             
1.04331             76800               -1.57146            0.0167256           2.26576             -0.0247253          -8.35279            0.039185            
1.04678             77056               -1.62096            0.0114869           2.33232             -0.0179498          -8.60268            0.0246938           
1.05026             77312               -1.69088            0.0103654           2.45598             -0.0160416          -9.03694            0.0216302           
1.05374             77568               -1.68007            0.00868062          2.44719             -0.0142976          -8.99804            0.0163934           
1.05722             77824               -1.6178             0.0183569           2.35836             -0.0271598          -8.66956            0.0429948           
1.06069             78080               -1.62165            0.0148268           2.32803             -0.0224584          -8.59159            0.0330062           
1.06417             78336               -1.74521            0.00894719          2.53123             -0.0143769          -9.317              0.016844            
1.06765             78592               -1.85728            0.0189547           2.69342             -0.0284255          -9.91435            0.0441              
1.07113             78848               -1.83634            0.00758572          2.67338             -0.0125062          -9.83076            0.0126738           
1.07461             79104               -1.80629            0.0153712           2.6133              -0.0232996          -9.62501            0.0339351           
1.07808             79360               -1.8715             0.019047            2.72754             -0.0285018          -10.027             0.0438611           
1.08156             79616               -1.81204            0.00988912          2.64692             -0.0163259          -9.72502            0.018614            
1.08504             79872               -1.74258            0.0171659           2.53004             -0.0258607          -9.30993            0.0390759           
1.08852             80128               -1.76611            0.00983951          2.56853             -0.0160389          -9.44748            0.0188796           
1.09199             80384               -1.7709             0.0104069           2.58851             -0.0166738          -9.50872            0.020528            
1.09547             80640               -1.75889            0.00978891          2.55463             -0.015966           -9.39955            0.0189827           
1.09895             80896               -1.72434            0.0131035           2.52803             -0.0207223          -9.27954            0.0281486           
1.10243             81152               -1.66844            0.0110388           2.42895             -0.0175117          -8.93169            0.0227292           
1.1059              81408               -1.66626            0.00514589          2.45554             -0.00926744         -9.00151            0.00627524          
1.10938             81664               -1.63377            0.0165483           2.39372             -0.0254421          -8.78778            0.0372642           
1.11286             81920               -1.59251            0.0115021           2.31096             -0.0179808          -8.50471            0.0239422           
1.11634             82176               -1.65391            0.00872841          2.40872             -0.014329           -8.85635            0.0160743           
1.11981             82432               -1.71548            0.0132074           2.50264             -0.0211408          -9.19769            0.0278236           
1.12329             82688               -1.70623            0.012663            2.47848             -0.0197425          -9.11894            0.0266179           
1.12677             82944               -1.65341            0.0144885           2.4098              -0.0225021          -8.85873            0.0316171           
1.13025             83200               -1.63005            0.00998751          2.36798             -0.0161755          -8.71223            0.0193498           
1.13373             83456               -1.7022             0.0114325           2.4788              -0.0177079          -9.11433            0.0237011           
1.1372              83712               -1.73798            0.0175919           2.55283             -0.0267897          -9.36601            0.0402234           
1.14068             83968               -1.72329            0.0133228           2.52569             -0.0211409          -9.27161            0.028352            
1.14416             84224               -1.6804             0.0111983           2.43499             -0.0173959          -8.96449            0.022869            
1.14764             84480               -1.70869            0.0156932           2.49671             -0.023994           -9.17217            0.0350998           
1.15111             84736               -1.72764            0.0122062           2.51151             -0.0192561          -9.23861            0.0253113           
1.15459             84992               -1.72482            0.013725            2.5096              -0.0215238          -9.22959            0.0295062           
1.15807             85248               -1.78832            0.00949505          2.60755             -0.0155913          -9.5846             0.017804            
1.16155             85504               -1.81052            0.00919904          2.65993             -0.0148407          -9.75846            0.0171029           
1.16502             85760               -1.78583            0.0176417           2.60523             -0.0271126          -9.57484            0.0396471           
1.1685              86016               -1.77897            0.0154445           2.58386             -0.0239786          -9.50694            0.0336397           
1.17198             86272               -1.79549            0.0151905           2.62777             -0.0234986          -9.6498             0.0330114           
1.17546             86528               -1.80203            0.019252            2.62322             -0.0289361          -9.64631            0.0442983           
1.17894             86784               -1.84177            0.0081182           2.67629             -0.0142064          -9.84603            0.01365             
1.18241             87040               -1.83324            0.0131244           2.66224             -0.0205059          -9.79594            0.0278697           
1.18589             87296               -1.82527            0.0147099           2.66031             -0.0232538          -9.77974            0.0320463           
1.18937             87552               -1.7911             0.00898357          2.594               -0.0148967          -9.55148            0.0165857           
1.19285             87808               -1.79387            0.0112562           2.61434             -0.0181404          -9.61104            0.0231061           
1.19632             88064               -1.76422            0.00988002          2.54039             -0.0159995          -9.36796            0.0195913           
1.1998              88320               -1.70253            0.00821329          2.48141             -0.0143194          -9.12213            0.0145932           
1.20328             88576               -1.61468            0.00957013          2.3527              -0.0156945          -8.64955            0.0184685           
1.20676             88832               -1.59965            0.0149591           2.3285              -0.0228343          -8.56272            0.0334322           
1.21023             89088               -1.69502            0.01472             2.46559             -0.0232803          -9.06854            0.0322301           
1.21371             89344               -1.79228            0.0123901           2.61888             -0.0192381          -9.62139            0.0262189           
1.21719             89600               -1.74297            0.009565            2.54575             -0.0158524          -9.35366            0.0182098           
1.22067             89856               -1.64808            0.0135679           2.39894             -0.0212628          -8.8219             0.029515            
1.22415             90112               -1.64251            0.00827712          2.37798             -0.0137466          -8.75689            0.0154787           
1.22762             90368               -1.67276            0.0102857           2.41108             -0.0164267          -8.88895            0.0213824           
1.2311              90624               -1.65123            0.0115787           2.38357             -0.018591           -8.78424            0.0248092           
1.23458             90880               -1.59556            0.0060235           2.2972              -0.0107848          -8.47149            0.00980344          
1.23806             91136               -1.62865            0.00586706          2.33783             -0.0105518          -8.62787            0.00919679          
1.24153             91392               -1.68528            0.0103864           2.43178             -0.0165438          -8.9626             0.0215944           
1.24501             91648               -1.67411            0.010726            2.43833             -0.0171608          -8.96521            0.022146            
1.24849             91904               -1.62721            0.0107246           2.36991             -0.0174095          -8.71371            0.0217543           
1.25197             92160               -1.6401             0.0130582           2.38173             -0.0201257          -8.76356            0.0281413           
1.25544             92416               -1.68853            0.0147421           2.45303             -0.0228086          -9.02505            0.0324541           
1.25892             92672               -1.75457            0.0192965           2.54707             -0.0288212          -9.37279            0.0447588           
1.2624              92928               -1.69851            0.012049            2.49979             -0.0193183          -9.16678            0.0244556           
1.26588             93184               -1.6463             0.0178036           2.39271             -0.0271769          -8.80204            0.0401212           
1.26936             93440               -1.66774            0.0157997           2.42455             -0.0238697          -8.91858            0.0350427           
1.27283             93696               -1.70103            0.0112352           2.4726              -0.0181902          -9.09573            0.0225195           
1.27631             93952               -1.7661             0.013622            2.56263             -0.0207227          -9.4312             0.0295876           
1.27979             94208               -1.82397            0.0217092           2.63504             -0.0325559          -9.70853            0.0510841           
1.28327             94464               -1.80919            0.0184664           2.62901             -0.027561           -9.67183            0.0420997           
1.28674             94720               -1.74339            0.0182843           2.52458             -0.0275153          -9.29592            0.041957            
1.29022             94976               -1.68887            0.0184335           2.45277             -0.0274125          -9.02478            0.0428398           
1.2937              95232               -1.72273            0.0143575           2.47918             -0.0221158          -9.14335            0.0317937           
1.29718             95488               -1.74781            0.0143724           2.53108             -0.0222716          -9.31991            0.0320348           
1.30065             95744               -1.74291            0.0116065           2.52769             -0.0182911          -9.30392            0.024511            
1.30413             96000               -1.69598            0.012434            2.45403             -0.0188214          -9.03796            0.0273208           
1.30761             96256               -1.68822            0.0152358           2.44303             -0.0229184          -8.99719            0.0346973           
1.31109             96512               -1.74102            0.0140466           2.53206             -0.0211909          -9.31318            0.0312544           
1.31457             96768               -1.78422            0.0122727           2.59671             -0.019269           -9.54932            0.0262022           
1.31804             97024               -1.77029            0.00893545          2.59118             -0.0144824          -9.51515            0.017128            
1.32152             97280               -1.74525            0.0121169           2.55966             -0.0186845          -9.39454            0.0260262           
1.325               97536               -1.74689            0.0225908           2.55903             -0.0334776          -9.395              0.0542694           
1.32848             97792               -1.77819            0.010118            2.57571             -0.0161219          -9.48339            0.0199911           
1.33195             98048               -1.80657            0.0157249           2.62971             -0.0238585          -9.6701             0.0351606           
1.33543             98304               -1.77212            0.0190882           2.59242             -0.0284228          -9.52091            0.0441417           
1.33891             98560               -1.77332            0.0187219           2.58525             -0.0281588          -9.50293            0.0430805           
1.34239             98816               -1.78513            0.0180465           2.59759             -0.02664            -9.55291            0.0415588           
1.34586             99072               -1.76901            0.0159803           2.59203             -0.0241317          -9.51567            0.0358326           
1.34934             99328               -1.76434            0.0171152           2.59046             -0.0254008          -9.50495            0.0390355           
1.35282             99584               -1.78438            0.0114546           2.58897             -0.017988           -9.52817            0.0229774           
1.3563              99840               -1.81353            0.0183293           2.65212             -0.027464           -9.74102            0.0417223           
1.35978             100096              -1.79764            0.0181848           2.62862             -0.0274858          -9.65494            0.0409643           
1.36325             100352              -1.75832            0.017141            2.55674             -0.0259128          -9.4043             0.038213            
1.36673             100608              -1.7867             0.0172124           2.59055             -0.0255542          -9.53568            0.0385297           
1.37021             100864              -1.7634             0.0154526           2.57324             -0.0238749          -9.45659            0.0334985           
1.37369             101120              -1.74469            0.0185883           2.52968             -0.0277809          -9.31167            0.0426254           
1.37716             101376              -1.77061            0.0115446           2.55997             -0.0184149          -9.4301             0.0232054           
1.38064             101632              -1.78848            0.0140028           2.56587             -0.0213857          -9.47065            0.0302769           
1.38412             101888              -1.82949            0.0151969           2.64513             -0.023494           -9.74387            0.0334053           
1.3876              102144              -1.85172            0.0182431           2.65237             -0.0269605          -9.79407            0.0423406           
1.39107             102400              -1.80336            0.00873469          2.58539             -0.0146729          -9.54458            0.0161335           
1.39455             102656              -1.72445            0.0143315           2.48066             -0.0215257          -9.14987            0.0320582           
1.39803             102912              -1.69432            0.0185181           2.4513              -0.0278228          -9.02828            0.0432279           
1.40151             103168              -1.66463            0.0071351           2.40325             -0.0124548          -8.85615            0.0119873           
1.40499             103424              -1.61896            0.0101238           2.33053             -0.0161329          -8.59456            0.0206089           
1.40846             103680              -1.54479            0.00972276          2.22059             -0.0160719          -8.19204            0.0193336           
1.41194             103936              -1.52488            0.0112355           2.18109             -0.0174009          -8.05658            0.023804            
1.41542             104192              -1.55173            0.0167528           2.23817             -0.0252587          -8.24964            0.0386049           
1.4189              104448              -1.55755            0.0163457           2.28062             -0.024561           -8.37388            0.037201            
1.42237             104704              -1.56269            0.0184197           2.27611             -0.0271713          -8.3685             0.0429418           
1.42585             104960              -1.59051            0.0120559           2.30344             -0.0187057          -8.48137            0.0251432           
1.42933             105216              -1.58573            0.0166311           2.29675             -0.0247799          -8.45657            0.0382611           
1.43281             105472              -1.55502            0.0128497           2.24894             -0.0199663          -8.28373            0.0279081           
1.43628             105728              -1.53782            0.0168159           2.22384             -0.0247898          -8.19148            0.0395364           
1.43976             105984              -1.60364            0.00887393          2.30231             -0.014576           -8.49634            0.0173904           
1.44324             106240              -1.66387            0.0121222           2.39522             -0.0191936          -8.83313            0.0259334           
1.44672             106496              -1.66666            0.00751263          2.42368             -0.0132983          -8.91494            0.0132302           
1.4502              106752              -1.62207            0.0135257           2.33924             -0.0209239          -8.62263            0.0301409           
1.45367             107008              -1.62562            0.0164735           2.32691             -0.0253472          -8.59367            0.0376646           
1.45715             107264              -1.62519            0.00947239          2.36215             -0.0151482          -8.68967            0.0189728           
1.46063             107520              -1.61504            0.0128201           2.31849             -0.0203938          -8.55618            0.0278341           
1.46411             107776              -1.59313            0.0150395           2.31966             -0.0231429          -8.52941            0.0337038           
1.46758             108032              -1.62567            0.017218            2.36521             -0.026023           -8.69846            0.0390718           
1.47106             108288              -1.6187             0.0198196           2.37316             -0.0296882          -8.7108             0.0458803           
1.47454             108544              -1.63552            0.0228217           2.38531             -0.0334575          -8.76697            0.0542203           
1.47802             108800              -1.71132            0.0165035           2.46923             -0.0257027          -9.10037            0.0365109           
1.48149             109056              -1.81919            0.0210481           2.65638             -0.0309225          -9.76038            0.0494359           
1.48497             109312              -1.89836            0.015778            2.75244             -0.0246253          -10.1316            0.0342279           
1.48845             109568              -1.90726            0.0172751           2.75444             -0.0266387          -10.1492            0.0382712           
1.49193             109824              -1.90497            0.0176015           2.75872             -0.027012           -10.1579            0.039509            
1.49541             110080              -1.86032            0.0112441           2.69311             -0.0182779          -9.91719            0.0226572           
1.49888             110336              -1.80359            0.0117634           2.57863             -0.0181629          -9.52609            0.0248272           
1.50236             110592              -1.75431            0.00857081          2.54087             -0.0146144          -9.35547            0.01606             
1.50584             110848              -1.65839            0.00740795          2.39334             -0.0123082          -8.82037            0.0137194           
1.50932             111104              -1.60224            0.00980081          2.3174              -0.0154194          -8.53565            0.020929            
1.51279             111360              -1.57648            0.0052982           2.27148             -0.00955186         -8.37461            0.00838859          
1.51627             111616              -1.5421             0.00981024          2.24247             -0.0155226          -8.24813            0.0207938           
1.51975             111872              -1.52388            0.00302523          2.20794             -0.00624866         -8.12858            0.00172743          
1.52323             112128              -1.45323            0.0105602           2.11731             -0.0167784          -7.78379            0.0220771           
1.5267              112384              -1.45321            0.012219            2.14345             -0.0187556          -7.8554             0.0265976           
1.53018             112640              -1.48545            0.0141791           2.17821             -0.0216898          -7.99467            0.0316784           
1.53366             112896              -1.5728             0.0168838           2.30178             -0.025601           -8.45243            0.0382667           
1.53714             113152              -1.66517            0.0203934           2.42978             -0.0304045          -8.92924            0.0476041           
1.54062             113408              -1.73352            0.0187058           2.50344             -0.0278258          -9.2244             0.0427271           
1.54409             113664              -1.82155            0.0150249           2.64637             -0.0230269          -9.73621            0.0324023           
1.54757             113920              -1.87268            0.0203284           2.75185             -0.0309094          -10.0951            0.0463807           
1.55105             114176              -1.81778            0.017647            2.66551             -0.0267253          -9.78355            0.0392              
1.55453             114432              -1.75301            0.0159222           2.54288             -0.024475           -9.3592             0.0344661           
1.558               114688              -1.74968            0.0204769           2.53692             -0.0304031          -9.33837            0.0474271           
1.56148             114944              -1.75279            0.0183131           2.55458             -0.0279026          -9.39115            0.0415509           
1.56496             115200              -1.74819            0.0139347           2.5385              -0.0216917          -9.34087            0.0299977           
1.56844             115456              -1.74511            0.0146684           2.50334             -0.0225928          -9.24031            0.0323191           
1.57191             115712              -1.70578            0.0117417           2.48981             -0.0185833          -9.1496             0.0244223           
1.57539             115968              -1.69841            0.0116466           2.45756             -0.0187082          -9.05112            0.0241729           
1.57887             116224              -1.6858             0.0104977           2.43805             -0.0167261          -8.98035            0.0212535           
1.58235             116480              -1.66644            0.0188538           2.41713             -0.0282503          -8.89652            0.0439528           
1.58582             116736              -1.66671            0.00883755          2.42324             -0.014627           -8.91357            0.0161159           
1.5893              116992              -1.6399             0.0159715           2.3894              -0.0241235          -8.7842             0.0355609           
1.59278             117248              -1.641              0.016527            2.38342             -0.025152           -8.7693             0.0368173           
1.59626             117504              -1.65202            0.0172853           2.39236             -0.0262682          -8.8089             0.0391152           
1.59974             117760              -1.72674            0.0105792           2.48743             -0.0168228          -9.17138            0.0205324           
1.60321             118016              -1.7412             0.0103844           2.51639             -0.0168237          -9.27053            0.0200395           
1.60669             118272              -1.68186            0.0140152           2.4426              -0.021829           -8.98739            0.0302832           
1.61017             118528              -1.60113            0.0123969           2.30082             -0.0189512          -8.48865            0.0265733           
1.61365             118784              -1.61131            0.0100052           2.30221             -0.0163671          -8.50641            0.019773            
1.61712             119040              -1.65419            0.00561669          2.41011             -0.0104015          -8.8606             0.00788783          
1.6206              119296              -1.59079            0.0144698           2.32435             -0.0221904          -8.53903            0.0324261           
1.62408             119552              -1.57207            0.0119054           2.264               -0.0184832          -8.34801            0.0253118           
1.62756             119808              -1.58538            0.00508471          2.2922              -0.00938109         -8.44351            0.00647558          
1.63103             120064              -1.56546            0.0164977           2.28694             -0.0248419          -8.40194            0.0378023           
1.63451             120320              -1.56307            0.0124225           2.26925             -0.0198628          -8.3502             0.026131            
1.63799             120576              -1.58704            0.010543            2.28955             -0.0165435          -8.43857            0.0211936           
1.64147             120832              -1.62138            0.0173984           2.35251             -0.0264109          -8.65791            0.0394291           
1.64495             121088              -1.65815            0.0150411           2.38196             -0.0227137          -8.78877            0.0327325           
1.64842             121344              -1.6995             0.0160137           2.44877             -0.0244595          -9.02824            0.034935            
1.6519              121600              -1.83624            0.0234765           2.66966             -0.0349144          -9.82012            0.0549199           
1.65538             121856              -1.91606            0.0179699           2.78211             -0.0274922          -10.2372            0.0396023           
1.65886             122112              -1.96248            0.0178021           2.82463             -0.0267792          -10.4172            0.0396195           
1.66233             122368              -1.98778            0.0164912           2.86847             -0.0251613          -10.5719            0.0362137           
1.66581             122624              -1.93905            0.0132651           2.77481             -0.0208724          -10.2487            0.0273609           
1.66929             122880              -1.93709            0.016479            2.78704             -0.0253626          -10.2796            0.0362495           
1.67277             123136              -1.9028             0.0148022           2.76523             -0.0226545          -10.1731            0.0322231           
1.67624             123392              -1.79618            0.0137357           2.59182             -0.0213452          -9.55252            0.0295552           
1.67972             123648              -1.74356            0.0138551           2.51163             -0.0213988          -9.26098            0.0302574           
1.6832              123904              -1.74485            0.0139323           2.50439             -0.0211913          -9.2429             0.0306356           
1.68668             124160              -1.74728            0.00773687          2.53495             -0.0133239          -9.32996            0.0130993           
1.69016             124416              -1.7067             0.0103371           2.49063             -0.0163014          -9.15313            0.0204961           
1.69363             124672              -1.60381            0.0201194           2.33821             -0.029656           -8.59504            0.0473913           
1.69711             124928              -1.57011            0.0151518           2.28251             -0.0233358          -8.39637            0.03317             
1.70059             125184              -1.61526            0.0174532           2.34052             -0.0260139          -8.61695            0.0394162           
1.70407             125440              -1.68846            0.0140448           2.45843             -0.0213945          -9.04003            0.0300637           
1.70754             125696              -1.72553            0.0196997           2.51211             -0.0290804          -9.23779            0.0457296           
1.71102             125952              -1.73786            0.0140207           2.50697             -0.0211887          -9.24054            0.0303173           
1.7145              126208              -1.76933            0.013546            2.54851             -0.0210882          -9.39736            0.0288755           
1.71798             126464              -1.7765             0.009692            2.559               -0.015798           -9.4359             0.0185314           
1.72145             126720              -1.79751            0.00787032          2.59669             -0.01314            -9.56781            0.0135438           
1.72493             126976              -1.7645             0.016095            2.54717             -0.0243276          -9.38705            0.0362205           
1.72841             127232              -1.77867            0.0161056           2.58312             -0.0249888          -9.50485            0.0356841           
1.73189             127488              -1.7763             0.0159531           2.59248             -0.0242664          -9.52725            0.0352292           
1.73537             127744              -1.78029            0.0201832           2.56747             -0.0303742          -9.4641             0.0462834           
1.73884             128000              -1.78787            0.0149647           2.57619             -0.023025           -9.49833            0.0316639           
1.74232             128256              -1.84917            0.0204857           2.69141             -0.0306137          -9.89769            0.0468203           
1.7458              128512              -1.81638            0.0213016           2.63122             -0.0319126          -9.68806            0.0491123           
1.74928             128768              -1.81084            0.0116481           2.62918             -0.0184089          -9.67485            0.0228515           
1.75275             129024              -1.83082            0.0234454           2.67081             -0.0347971          -9.81616            0.0553088           
1.75623             129280              -1.82579            0.021671            2.64845             -0.0322175          -9.74797            0.0503578           
1.75971             129536              -1.82172            0.00861381          2.6328              -0.0142008          -9.69954            0.0147507           
1.76319             129792              -1.83413            0.01815             2.65724             -0.0277148          -9.78343            0.0409734           
1.76666             130048              -1.74031            0.0171511           2.51832             -0.026039           -9.27479            0.0387801           
1.77014             130304              -1.66455            0.00994038          2.37252             -0.0158115          -8.77186            0.0197195           
1.77362             130560              -1.67773            0.0137967           2.42122             -0.0211734          -8.92333            0.0305396           
1.7771              130816              -1.70631            0.0104836           2.46637             -0.016755           -9.0861             0.0215642           
1.78058             131072              -1.68999            0.00904211          2.42433             -0.014407           -8.94861            0.0178645           
1.78405             131328              -1.668              0.0110602           2.39784             -0.0171513          -8.84597            0.0235121           
1.78753             131584              -1.6733             0.0164079           2.41538             -0.0244665          -8.90123            0.0380496           
1.79101             131840              -1.78435            0.0138017           2.56983             -0.0215958          -9.47594            0.0300682           
1.79449             132096              -1.77777            0.0113047           2.56812             -0.0181696          -9.46227            0.0228976           
1.79796             132352              -1.77392            0.0163725           2.57189             -0.0247185          -9.46726            0.0367142           
1.80144             132608              -1.8109             0.0195874           2.64989             -0.0295853          -9.73147            0.0452175           
1.80492             132864              -1.76476            0.0199639           2.57749             -0.029573           -9.47023            0.0465927           
1.8084              133120              -1.74428            0.0199143           2.5072              -0.0297896          -9.24967            0.0465388           
1.81187             133376              -1.7359             0.0159493           2.50417             -0.0239667          -9.22998            0.0360534           
1.81535             133632              -1.71094            0.0141392           2.49106             -0.022293           -9.16005            0.0306741           
1.81883             133888              -1.69581            0.0196635           2.46768             -0.0290193          -9.0753             0.0464221           
1.82231             134144              -1.68636            0.0182274           2.45157             -0.0275502          -9.01828            0.0421092           
1.82579             134400              -1.68658            0.0166344           2.4469              -0.0249112          -9.00579            0.0382045           
1.82926             134656              -1.69438            0.0150117           2.44885             -0.0232568          -9.0218             0.0334368           
1.83274             134912              -1.70986            0.0183781           2.46397             -0.0267961          -9.08436            0.0430946           
1.83622             135168              -1.70756            0.0196502           2.46187             -0.0297984          -9.07545            0.0457945           
1.8397              135424              -1.65419            0.0193064           2.38984             -0.0284986          -8.80523            0.045394            
1.84317             135680              -1.65094            0.0158524           2.36481             -0.0237976          -8.73219            0.036043            
1.84665             135936              -1.68051            0.01582             2.41148             -0.0237275          -8.90051            0.0362417           
1.85013             136192              -1.66297            0.0148116           2.3805              -0.0221791          -8.79174            0.0335779           
1.85361             136448              -1.65977            0.0204285           2.36193             -0.0297356          -8.73642            0.049062            
1.85708             136704              -1.74138            0.0143299           2.50086             -0.0216151          -9.22847            0.0320342           
1.86056             136960              -1.76316            0.0116969           2.5475              -0.0179753          -9.38603            0.0248809           
1.86404             137216              -1.72215            0.0154742           2.48383             -0.023325           -9.15562            0.035444            
1.86752             137472              -1.69737            0.0130022           2.41973             -0.0201455          -8.94617            0.028462            
1.871               137728              -1.71924            0.00848383          2.46311             -0.0132195          -9.09486            0.0165782           
1.87447             137984              -1.75278            0.0134911           2.53147             -0.0205436          -9.32799            0.0301197           
1.87795             138240              -1.74314            0.0115117           2.52779             -0.0182587          -9.30469            0.0242349           
1.88143             138496              -1.72981            0.0146524           2.51601             -0.0217529          -9.25411            0.0329689           
1.88491             138752              -1.72363            0.0161544           2.52981             -0.0245852          -9.28343            0.0364027           
1.88838             139008              -1.68967            0.0142895           2.46233             -0.0215391          -9.05217            0.0313512           
1.89186             139264              -1.68241            0.014251            2.45978             -0.0217957          -9.03529            0.0311983           
1.89534             139520              -1.70168            0.0211435           2.47756             -0.0308924          -9.11025            0.0501057           
1.89882             139776              -1.69985            0.019552            2.48629             -0.0291435          -9.13168            0.0454484           
1.90229             140032              -1.7469             0.0155832           2.54999             -0.0234641          -9.37043            0.0345433           
1.90577             140288              -1.76698            0.0199777           2.57496             -0.0299048          -9.46625            0.0460946           
1.90925             140544              -1.79938            0.0183845           2.59668             -0.0278886          -9.56994            0.0415693           
1.91273             140800              -1.87277            0.0169571           2.69935             -0.0257731          -9.95145            0.0379124           
1.91621             141056              -1.85002            0.0175388           2.6912              -0.0266337          -9.89815            0.039677            
1.91968             141312              -1.82337            0.01586             2.63211             -0.0243342          -9.69984            0.0350933           
1.92316             141568              -1.7909             0.0199737           2.59167             -0.0297929          -9.54473            0.0465574           
1.92664             141824              -1.79032            0.0209132           2.5935              -0.0308581          -9.5489             0.0491837           
1.93012             142080              -1.76723            0.0158681           2.57189             -0.0244148          -9.45817            0.0349994           
1.93359             142336              -1.74044            0.0193387           2.54185             -0.0293921          -9.33931            0.0446196           
1.93707             142592              -1.73863            0.0160677           2.5505              -0.0245075          -9.36054            0.0358001           
1.94055             142848              -1.72476            0.0167057           2.49145             -0.0256381          -9.17984            0.0376325           
1.94403             143104              -1.6964             0.020472            2.44951             -0.0307147          -9.02622            0.0481869           
1.9475              143360              -1.70903            0.0134331           2.44532             -0.0211784          -9.03206            0.0291426           
1.95098             143616              -1.71544            0.0166859           2.4603              -0.0249982          -9.08194            0.038623            
1.95446             143872              -1.71223            0.0154079           2.47928             -0.0240229          -9.12955            0.0344288           
1.95794             144128              -1.68587            0.0181418           2.45903             -0.0271838          -9.03811            0.0424903           
1.96142             144384              -1.64042            0.0140835           2.36476             -0.0219329          -8.71787            0.03144             
1.96489             144640              -1.66472            0.0111507           2.39344             -0.017662           -8.82961            0.0236831           
1.96837             144896              -1.6761             0.017731            2.41376             -0.0267728          -8.90086            0.0418102           
1.97185             145152              -1.67509            0.0158139           2.42292             -0.0245652          -8.92455            0.0359725           
1.97533             145408              -1.68194            0.0120154           2.43189             -0.0188359          -8.95847            0.0258101           
1.9788              145664              -1.68451            0.00807537          2.4406              -0.0138222          -8.98593            0.0149477           
1.98228             145920              -1.64736            0.0183124           2.39681             -0.0278791          -8.81518            0.0428219           
1.98576             146176              -1.57387            0.0165423           2.29032             -0.0254027          -8.42304            0.037752            
1.98924             146432              -1.57466            0.0105858           2.28113             -0.0167765          -8.39891            0.0213634           
1.99271             146688              -1.663              0.021926            2.42497             -0.0324751          -8.91361            0.0523444           
1.99619             146944              -1.6856             0.0185044           2.48261             -0.0280811          -9.10236            0.0426162           
1.99967             147200              -1.67093            0.0200222           2.45095             -0.0298             -8.99549            0.0468916           
