#Time               nTime               force-x             force-y             force-z             moment-x            moment-y            moment-z            
0                   0                   4.63028e-06         1.05835e-05         -3.63808e-05        1.47772e-06         4.24636e-05         1.35826e-05         
0.00347769          256                 -0.0604564          0.237821            -0.30672            -0.171911           0.249875            0.226473            
0.00695537          512                 9.03431             0.150742            -3.04134            0.966286            13.5085             3.73356             
0.0104331           768                 14.0567             2.14236             2.06362             -3.43821            14.4451             7.85019             
0.0139107           1024                -5.92847            0.239603            -5.03289            1.6955              -1.66722            -2.10473            
0.0173884           1280                -5.35495            -0.253728           -2.33581            1.23173             -3.84594            -2.38231            
0.0208661           1536                -15.2519            -0.0580928          -1.48475            0.681068            -16.2789            -6.14395            
0.0243438           1792                3.18402             -0.0935247          0.872258            -0.243183           2.76978             1.15898             
0.0278215           2048                3.72875             -0.0793319          1.30315             -0.411307           3.04366             1.39416             
0.0312992           2304                0.293646            -0.342924           0.869759            0.0878305           -0.542757           -0.257223           
0.0347769           2560                0.41302             -0.354061           2.38371             -0.499689           -2.00753            -0.223287           
0.0382545           2816                0.247996            -0.379219           -0.00058788         0.470136            0.309563            -0.316505           
0.0417322           3072                1.46836             -0.0623704          1.63992             -0.564031           0.0211531           0.508742            
0.0452099           3328                0.849137            -0.0896832          0.835893            -0.214262           0.127262            0.233159            
0.0486876           3584                0.252067            -0.0524072          0.732156            -0.21805            -0.459461           0.0343678           
0.0521653           3840                0.178428            -0.0943744          0.716394            -0.162944           -0.531428           -0.0393763          
0.055643            4096                0.0413461           -0.0686871          0.497697            -0.109329           -0.458177           -0.0671882          
0.0591207           4352                0.128241            0.00377682          0.571017            -0.226877           -0.433373           0.0442277           
0.0625984           4608                0.0361956           -0.0393966          0.370419            -0.0961172          -0.332988           -0.0378484          
0.066076            4864                -0.205915           -0.016771           0.373975            -0.12406            -0.621693           -0.109551           
0.0695537           5120                -0.238748           -0.0113276          0.386442            -0.134741           -0.676828           -0.116011           
0.0730314           5376                -0.241142           -0.00558544         0.348412            -0.126791           -0.640763           -0.108917           
0.0765091           5632                -0.210767           -0.038542           0.371234            -0.0958309          -0.628971           -0.131492           
0.0799868           5888                -0.201732           -0.0800293          0.365314            -0.0426659          -0.613653           -0.171625           
0.0834645           6144                -0.201524           -0.0752075          0.387542            -0.0557572          -0.636601           -0.167869           
0.0869422           6400                -0.193422           -0.080425           0.398977            -0.0533013          -0.638718           -0.170295           
0.0904198           6656                -0.170398           -0.106783           0.417587            -0.0292247          -0.630675           -0.188775           
0.0938975           6912                -0.12354            -0.107982           0.463063            -0.0463811          -0.621587           -0.172197           
0.0973752           7168                -0.0709083          -0.110131           0.5106              -0.0631036          -0.608531           -0.153344           
0.100853            7424                -0.104826           -0.128501           0.525383            -0.0469281          -0.662837           -0.18583            
0.104331            7680                -0.108977           -0.135893           0.489455            -0.0240167          -0.629742           -0.194959           
0.107808            7936                -0.057087           -0.112433           0.560145            -0.0809514          -0.641807           -0.14868            
0.111286            8192                -0.079147           -0.118658           0.494792            -0.0479052          -0.599148           -0.163125           
0.114764            8448                -0.0560085          -0.158763           0.512899            -0.00708746         -0.59126            -0.19628            
0.118241            8704                -0.11322            -0.166552           0.492617            0.00996993          -0.636803           -0.227025           
0.121719            8960                -0.123641           -0.17624            0.520567            0.0101072           -0.677421           -0.240928           
0.125197            9216                -0.156793           -0.116565           0.473558            -0.0438706          -0.666166           -0.190004           
0.128674            9472                -0.152729           -0.115625           0.48839             -0.0510241          -0.676957           -0.186757           
0.132152            9728                -0.173113           -0.150767           0.461518            0.00207913          -0.673427           -0.232347           
0.13563             9984                -0.106601           -0.14815            0.45284             0.00240357          -0.586266           -0.202547           
0.139107            10240               -0.11536            -0.146695           0.503946            -0.0198862          -0.650237           -0.204558           
0.142585            10496               -0.0760922          -0.154449           0.492878            -0.00605181         -0.592348           -0.197454           
0.146063            10752               -0.075667           -0.168911           0.475888            0.0182719           -0.573809           -0.212422           
0.149541            11008               -0.111066           -0.155922           0.491568            -0.00366472         -0.631096           -0.212729           
0.153018            11264               -0.11268            -0.144854           0.510182            -0.0245466          -0.652188           -0.201513           
0.156496            11520               -0.100833           -0.136527           0.524231            -0.0402441          -0.653148           -0.187833           
0.159974            11776               -0.079517           -0.15317            0.462066            0.00439583          -0.563439           -0.197097           
0.163451            12032               -0.160367           -0.163607           0.498432            0.00303353          -0.695703           -0.240422           
0.166929            12288               -0.16818            -0.150492           0.499058            -0.0133309          -0.706162           -0.229472           
0.170407            12544               -0.133573           -0.110786           0.445426            -0.0400302          -0.609292           -0.173246           
0.173884            12800               -0.151587           -0.130844           0.461439            -0.0222716          -0.648213           -0.201681           
0.177362            13056               -0.185784           -0.122757           0.400433            -0.00765989         -0.624127           -0.20688            
0.18084             13312               -0.224685           -0.151552           0.419312            0.0199095           -0.690178           -0.253365           
0.184317            13568               -0.187404           -0.13245            0.412346            -0.000734013        -0.640125           -0.218416           
0.187795            13824               -0.180832           -0.0964914          0.432893            -0.0522583          -0.653432           -0.17791            
0.191273            14080               -0.206995           -0.105939           0.423003            -0.0370522          -0.674344           -0.198657           
0.19475             14336               -0.189469           -0.112386           0.419183            -0.0276945          -0.649769           -0.199681           
0.198228            14592               -0.182985           -0.0891445          0.396609            -0.0472477          -0.618854           -0.171926           
0.201706            14848               -0.147171           -0.0920099          0.432375            -0.0578882          -0.614526           -0.161184           
0.205183            15104               -0.133985           -0.123021           0.385098            -0.00162935         -0.550127           -0.188912           
0.208661            15360               -0.207178           -0.0772658          0.401528            -0.0635977          -0.65293            -0.168833           
0.212139            15616               -0.203105           -0.0567373          0.411184            -0.091839           -0.658639           -0.145058           
0.215617            15872               -0.205904           -0.0911482          0.438082            -0.0607338          -0.689063           -0.182311           
0.219094            16128               -0.156176           -0.0882893          0.382983            -0.0423399          -0.574235           -0.159166           
0.222572            16384               -0.144795           -0.0832534          0.388997            -0.0509536          -0.56705            -0.149375           
0.22605             16640               -0.174594           -0.0988776          0.428322            -0.0475999          -0.64341            -0.1778             
0.229527            16896               -0.129585           -0.0819115          0.405763            -0.0596629          -0.56839            -0.141749           
0.233005            17152               -0.194447           -0.074076           0.454212            -0.0882754          -0.694833           -0.159725           
0.236483            17408               -0.112238           -0.0890426          0.34313             -0.0266222          -0.483319           -0.14362            
0.23996             17664               -0.103949           -0.0857352          0.464701            -0.0790077          -0.601382           -0.136651           
0.243438            17920               -0.124704           -0.0599641          0.406495            -0.0875972          -0.566212           -0.117085           
0.246916            18176               -0.109424           -0.0861392          0.412435            -0.0584205          -0.554435           -0.139221           
0.250393            18432               -0.15868            -0.0861487          0.414637            -0.0593179          -0.61468            -0.158468           
0.253871            18688               -0.123487           -0.120053           0.403581            -0.0147188          -0.562468           -0.18078            
0.257349            18944               -0.0817052          -0.119385           0.432332            -0.0268626          -0.543279           -0.163077           
0.260826            19200               -0.105652           -0.0522066          0.434149            -0.10919            -0.572086           -0.100804           
0.264304            19456               -0.0575532          -0.126634           0.413254            -0.010824           -0.49379            -0.160352           
0.267782            19712               -0.160979           -0.135562           0.409566            0.00184499          -0.610313           -0.211071           
0.27126             19968               -0.0441583          -0.0932937          0.453448            -0.0668763          -0.51963            -0.119102           
0.274737            20224               -0.0937187          -0.0892142          0.38602             -0.0448629          -0.507585           -0.134281           
0.278215            20480               -0.026553           -0.129422           0.457964            -0.0240587          -0.503164           -0.150033           
0.281693            20736               -0.0198988          -0.12399            0.417935            -0.015193           -0.455105           -0.141491           
0.28517             20992               -0.0284119          -0.0477483          0.409261            -0.10381            -0.454244           -0.0632535          
0.288648            21248               -0.125825           -0.0754557          0.443272            -0.0831475          -0.603589           -0.13162            
0.292126            21504               -0.0772746          -0.111624           0.427958            -0.0336172          -0.531307           -0.150832           
0.295603            21760               -0.0309589          -0.10358            0.441502            -0.048767           -0.490597           -0.12359            
0.299081            22016               -0.107784           -0.0580665          0.452789            -0.108393           -0.59233            -0.105695           
0.302559            22272               -0.053463           -0.0950102          0.44278             -0.0596574          -0.518543           -0.123358           
0.306036            22528               0.00515449          -0.0847386          0.445944            -0.0734229          -0.452932           -0.0893567          
0.309514            22784               -0.123599           -0.101482           0.456611            -0.057179           -0.613775           -0.158982           
0.312992            23040               -0.0577874          -0.114311           0.440193            -0.0353099          -0.519303           -0.146551           
0.316469            23296               -0.091727           -0.101473           0.466453            -0.0610058          -0.585596           -0.14651            
0.319947            23552               -0.0120738          -0.123776           0.430539            -0.0198394          -0.454065           -0.139296           
0.323425            23808               -0.0919129          -0.10248            0.468197            -0.0603804          -0.586375           -0.148377           
0.326903            24064               -0.0495632          -0.118838           0.492547            -0.0502512          -0.562872           -0.149419           
0.33038             24320               -0.0264824          -0.130857           0.465769            -0.0250047          -0.507709           -0.152936           
0.333858            24576               -0.0567881          -0.0645162          0.467308            -0.105992           -0.544707           -0.0945884          
0.337336            24832               -0.0384985          -0.0792408          0.507761            -0.103936           -0.565197           -0.103188           
0.340813            25088               -0.00650157         -0.128835           0.479303            -0.0329725          -0.498804           -0.143052           
0.344291            25344               -0.064577           -0.10802            0.491699            -0.0625302          -0.580655           -0.14458            
0.347769            25600               -0.0598176          -0.122608           0.493434            -0.045386           -0.576779           -0.158287           
0.351246            25856               -0.0116316          -0.110203           0.475653            -0.0534956          -0.502519           -0.125505           
0.354724            26112               -0.0843736          -0.123393           0.459474            -0.0311489          -0.571486           -0.168855           
0.358202            26368               -0.104443           -0.0876074          0.465118            -0.0767347          -0.600936           -0.138513           
0.361679            26624               -0.111797           -0.0610724          0.434525            -0.0967983          -0.577798           -0.112674           
0.365157            26880               -0.116702           -0.101174           0.421434            -0.0434935          -0.569532           -0.156745           
0.368635            27136               -0.108675           -0.0865252          0.404824            -0.0548575          -0.543871           -0.137777           
0.372112            27392               -0.145009           -0.095803           0.390866            -0.0381603          -0.571766           -0.16181            
0.37559             27648               -0.130621           -0.0740572          0.417863            -0.0751158          -0.582963           -0.132318           
0.379068            27904               -0.0700146          -0.111175           0.375043            -0.0130638          -0.46796            -0.147593           
0.382546            28160               -0.164833           -0.0813444          0.364708            -0.0447386          -0.56895            -0.153641           
0.386023            28416               -0.178944           -0.0957747          0.374119            -0.0305837          -0.593926           -0.174402           
0.389501            28672               -0.174622           -0.105117           0.328423            -0.00102891         -0.541691           -0.182526           
0.392979            28928               -0.151648           -0.0854698          0.375581            -0.0434463          -0.562592           -0.152789           
0.396456            29184               -0.161024           -0.0857703          0.373553            -0.0419563          -0.570845           -0.15748            
0.399934            29440               -0.120593           -0.120465           0.389244            -0.00606139         -0.538802           -0.178728           
0.403412            29696               -0.192657           -0.131982           0.383665            0.0104085           -0.617586           -0.220303           
0.406889            29952               -0.09522            -0.1036             0.425886            -0.0406742          -0.546854           -0.150839           
0.410367            30208               -0.0716623          -0.120499           0.491311            -0.0456929          -0.586564           -0.159942           
0.413845            30464               -0.0287788          -0.109913           0.434013            -0.0361384          -0.476685           -0.13193            
0.417322            30720               -0.0921669          -0.0981963          0.469441            -0.0642849          -0.587932           -0.144524           
0.4208              30976               -0.14753            -0.12527            0.470516            -0.0317654          -0.653906           -0.195443           
0.424278            31232               -0.0920829          -0.114547           0.466992            -0.0436971          -0.585488           -0.161676           
0.427755            31488               -0.032386           -0.0829837          0.43974             -0.0712865          -0.487401           -0.10445            
0.431233            31744               -0.0595262          -0.0929436          0.474664            -0.0732555          -0.555185           -0.125699           
0.434711            32000               -0.135085           -0.19268            0.413845            0.0716177           -0.581647           -0.262432           
0.438188            32256               -0.0704462          -0.100336           0.463221            -0.0596787          -0.556561           -0.138329           
0.441666            32512               -0.0843291          -0.0635756          0.439575            -0.0951902          -0.548896           -0.104546           
0.445144            32768               -0.068315           -0.118021           0.449063            -0.033194           -0.53865            -0.156256           
0.448622            33024               -0.172976           -0.110655           0.424352            -0.0319176          -0.635289           -0.19089            
0.452099            33280               -0.156628           -0.127089           0.419719            -0.0104055          -0.611637           -0.201566           
0.455577            33536               -0.0741774          -0.124198           0.435062            -0.0204102          -0.532005           -0.165975           
0.459055            33792               -0.0939891          -0.0826778          0.437619            -0.0715528          -0.557497           -0.129774           
0.462532            34048               -0.0614895          -0.107857           0.439403            -0.0421148          -0.521519           -0.144225           
0.46601             34304               -0.0551025          -0.160911           0.454732            0.0163277           -0.530949           -0.198642           
0.469488            34560               -0.0431375          -0.13637            0.484581            -0.0256243          -0.548845           -0.167576           
0.472965            34816               -0.0866314          -0.0679432          0.423651            -0.0842597          -0.535475           -0.111803           
0.476443            35072               -0.103196           -0.0711558          0.494894            -0.108711           -0.628718           -0.12208            
0.479921            35328               -0.140494           -0.126825           0.437513            -0.018623           -0.613602           -0.196502           
0.483398            35584               -0.117627           -0.12271            0.429968            -0.0206372          -0.578105           -0.18311            
0.486876            35840               -0.0487372          -0.127063           0.424661            -0.0134361          -0.492223           -0.161077           
0.490354            36096               0.0260308           -0.113085           0.387425            -0.0161948          -0.365948           -0.116193           
0.493831            36352               -0.0343444          -0.11769            0.515835            -0.0611555          -0.571069           -0.145311           
0.497309            36608               -0.0834682          -0.120209           0.440472            -0.0279536          -0.548729           -0.167458           
0.500787            36864               -0.111225           -0.140763           0.441335            -0.0033217          -0.581898           -0.200848           
0.504265            37120               -0.0426884          -0.120923           0.439732            -0.0270027          -0.499773           -0.152382           
0.507742            37376               -0.117402           -0.108816           0.456145            -0.0478522          -0.603583           -0.169163           
0.51122             37632               -0.173742           -0.125963           0.466939            -0.0314803          -0.682239           -0.210225           
0.514698            37888               -0.0639361          -0.140587           0.413587            0.00730134          -0.496863           -0.182108           
0.518175            38144               -0.169149           -0.143982           0.459972            -0.00661994         -0.668991           -0.227669           
0.521653            38400               -0.124483           -0.117997           0.423821            -0.0236865          -0.578541           -0.181986           
0.525131            38656               -0.116027           -0.119571           0.408891            -0.0155616          -0.551915           -0.17996            
0.528608            38912               -0.0767424          -0.122924           0.422494            -0.0168226          -0.520834           -0.167634           
0.532086            39168               -0.0897571          -0.0893007          0.414227            -0.0542332          -0.527734           -0.137121           
0.535564            39424               -0.0573553          -0.125902           0.406135            -0.00665771         -0.480805           -0.162529           
0.539041            39680               -0.0875379          -0.139852           0.426545            0.0022303           -0.53776            -0.189553           
0.542519            39936               -0.144165           -0.139805           0.38908             0.0170848           -0.564986           -0.211916           
0.545997            40192               -0.151386           -0.103335           0.417407            -0.0382658          -0.602709           -0.17577            
0.549474            40448               -0.0664047          -0.100712           0.411706            -0.039294           -0.49714            -0.139118           
0.552952            40704               -0.0956095          -0.0764143          0.47885             -0.0953148          -0.600571           -0.125008           
0.55643             40960               -0.0483648          -0.116641           0.397039            -0.0141819          -0.460906           -0.148941           
0.559907            41216               -0.11132            -0.106037           0.465664            -0.0541606          -0.605719           -0.162747           
0.563385            41472               -0.0446721          -0.10497            0.471748            -0.0583688          -0.534279           -0.135413           
0.566863            41728               -0.0652628          -0.146888           0.45225             -6.81778e-05        -0.537402           -0.188181           
0.570341            41984               0.00289194          -0.116951           0.443587            -0.0332065          -0.448998           -0.128256           
0.573818            42240               -0.0588558          -0.086149           0.471781            -0.081867           -0.550988           -0.120171           
0.577296            42496               -0.176398           -0.100327           0.393597            -0.0332677          -0.605905           -0.18191            
0.580774            42752               -0.161077           -0.153156           0.438389            0.0127867           -0.634938           -0.231418           
0.584251            43008               -0.112805           -0.151418           0.422647            0.0167356           -0.562993           -0.211059           
0.587729            43264               -0.0706758          -0.0604863          0.462179            -0.109357           -0.55387            -0.0980076          
0.591207            43520               -0.0422888          -0.043855           0.443417            -0.121586           -0.499887           -0.0691396          
0.594684            43776               -0.141342           -0.154513           0.450287            0.0099519           -0.624039           -0.226419           
0.598162            44032               -0.157697           -0.149314           0.467296            -0.00266466         -0.661164           -0.227809           
0.60164             44288               -0.108872           -0.0722987          0.427918            -0.0802832          -0.562389           -0.126671           
0.605117            44544               -0.084766           -0.0931139          0.506766            -0.0857373          -0.616111           -0.139588           
0.608595            44800               -0.0713872          -0.131935           0.459295            -0.020025           -0.552105           -0.175548           
0.612073            45056               -0.16087            -0.144044           0.48657             -0.0156441          -0.68572            -0.224791           
0.61555             45312               -0.0951377          -0.161171           0.463802            0.0140603           -0.586247           -0.216773           
0.619028            45568               -0.0451173          -0.119597           0.417593            -0.0180869          -0.479042           -0.152456           
0.622506            45824               -0.0722228          -0.107744           0.442838            -0.0419552          -0.538127           -0.150978           
0.625984            46080               -0.0281268          -0.0786028          0.410577            -0.0645345          -0.451652           -0.102379           
0.629461            46336               -0.17911            -0.130382           0.39951             0.0025533           -0.618155           -0.217249           
0.632939            46592               -0.125936           -0.124254           0.380587            0.00234576          -0.537558           -0.189109           
0.636417            46848               -0.246807           -0.0625863          0.370295            -0.0680814          -0.668188           -0.171337           
0.639894            47104               -0.133216           -0.124695           0.372139            0.00618211          -0.536896           -0.192658           
0.643372            47360               -0.118621           -0.101685           0.369315            -0.020706           -0.517297           -0.161653           
0.64685             47616               -0.0719876          -0.0849071          0.376205            -0.0439521          -0.47124            -0.124826           
0.650327            47872               -0.138723           -0.11211            0.395053            -0.0185128          -0.56717            -0.181227           
0.653805            48128               -0.124503           -0.131636           0.40322             0.00196475          -0.559756           -0.196362           
0.657283            48384               -0.110678           -0.134041           0.406116            0.00346709          -0.546162           -0.193297           
0.66076             48640               -0.108778           -0.103192           0.446463            -0.0497136          -0.585286           -0.15959            
0.664238            48896               -0.0742971          -0.121788           0.445215            -0.0268094          -0.544813           -0.165974           
0.667716            49152               -0.0275144          -0.117957           0.494162            -0.0509192          -0.539927           -0.143458           
0.671193            49408               -0.0213716          -0.106605           0.429231            -0.0388401          -0.464598           -0.128911           
0.674671            49664               0.0688179           -0.146693           0.509516            -0.022088           -0.442993           -0.135549           
0.678149            49920               0.0723157           -0.162251           0.470304            0.0120674           -0.397671           -0.150484           
0.681626            50176               0.0184641           -0.135397           0.491225            -0.0282112          -0.482239           -0.14362            
0.685104            50432               -0.0133182          -0.132287           0.475843            -0.0257779          -0.502661           -0.152988           
0.688582            50688               -0.122188           -0.120312           0.382756            -0.00314816         -0.533349           -0.183026           
0.69206             50944               -0.0793187          -0.0789769          0.471028            -0.0879917          -0.575151           -0.121769           
0.695537            51200               -0.0157231          -0.117571           0.383189            -0.00674195         -0.4101             -0.137534           
0.699015            51456               -0.0194664          -0.173022           0.407614            0.0512918           -0.440445           -0.197831           
0.702493            51712               0.00674384          -0.177441           0.360347            0.0751417           -0.36088            -0.191678           
0.70597             51968               -0.0551441          -0.0851652          0.380605            -0.0443973          -0.454736           -0.117499           
0.709448            52224               -0.123459           -0.115316           0.377444            -0.00645962         -0.530852           -0.176768           
0.712926            52480               -0.0272413          -0.14352            0.354551            0.0368374           -0.39534            -0.168401           
0.716403            52736               -0.0750396          -0.106969           0.316113            0.0078326           -0.411732           -0.148232           
0.719881            52992               -0.123006           -0.0486252          0.37106             -0.0845657          -0.524741           -0.105195           
0.723359            53248               -0.0729466          -0.159789           0.334312            0.0644271           -0.427932           -0.20354            
0.726836            53504               -0.0741903          -0.15517            0.390642            0.0368136           -0.487729           -0.199335           
0.730314            53760               -0.0473001          -0.114529           0.347997            0.00381238          -0.411716           -0.145452           
0.733792            54016               -0.111133           -0.10887            0.425265            -0.0330131          -0.565806           -0.164834           
0.73727             54272               0.0223872           -0.11531            0.347329            0.00548327          -0.329396           -0.118308           
0.740747            54528               -0.0288663          -0.113452           0.399143            -0.0174196          -0.44179            -0.136697           
0.744225            54784               -0.0659258          -0.124431           0.402254            -0.00528545         -0.489534           -0.163116           
0.747703            55040               0.00627221          -0.148921           0.438894            0.00966181          -0.442593           -0.160487           
0.75118             55296               -0.0470116          -0.114672           0.374217            -0.00597045         -0.436984           -0.14573            
0.754658            55552               -0.100195           -0.105823           0.400313            -0.0269988          -0.527125           -0.157184           
0.758136            55808               -0.0526729          -0.116221           0.43737             -0.0288357          -0.509914           -0.149737           
0.761613            56064               -0.132679           -0.118771           0.357202            0.00594304          -0.520267           -0.184332           
0.765091            56320               -0.0686889          -0.128054           0.453291            -0.0209906          -0.545681           -0.168563           
0.768569            56576               -0.0795335          -0.141202           0.403053            0.0148652           -0.506031           -0.186994           
0.772046            56832               -0.0564021          -0.136253           0.388939            0.0141944           -0.46499            -0.172501           
0.775524            57088               -0.0565972          -0.156505           0.429096            0.0229709           -0.507545           -0.194633           
0.779002            57344               -0.0537225          -0.146521           0.399628            0.0224505           -0.473601           -0.183262           
0.782479            57600               -0.0785578          -0.143681           0.40741             0.0162117           -0.511139           -0.189973           
0.785957            57856               -0.174042           -0.0967216          0.375233            -0.0275345          -0.589663           -0.177978           
0.789435            58112               -0.0750982          -0.154236           0.389374            0.0364625           -0.488883           -0.19999            
0.792912            58368               -0.0583948          -0.140415           0.356548            0.0323212           -0.436253           -0.179275           
0.79639             58624               -0.103272           -0.147586           0.380334            0.0318447           -0.51368            -0.204999           
0.799868            58880               -0.14556            -0.15498            0.360587            0.0487827           -0.541284           -0.229398           
0.803346            59136               -0.14271            -0.179821           0.348921            0.0830895           -0.526328           -0.254776           
0.806823            59392               -0.112352           -0.14178            0.402762            0.0157281           -0.545501           -0.202095           
0.810301            59648               -0.0576896          -0.0802839          0.362297            -0.0429298          -0.438351           -0.114763           
0.813779            59904               -0.0295693          -0.157453           0.412539            0.0307867           -0.456884           -0.185284           
0.817256            60160               -0.0626831          -0.141096           0.372694            0.0262563           -0.453907           -0.180518           
0.820734            60416               -0.0637829          -0.160063           0.414162            0.0329033           -0.497056           -0.200595           
0.824212            60672               -0.0612011          -0.160058           0.393981            0.0408892           -0.474299           -0.199252           
0.827689            60928               0.0305486           -0.142071           0.400127            0.0163588           -0.372182           -0.142614           
0.831167            61184               -0.0371036          -0.136676           0.387631            0.0149314           -0.438648           -0.163602           
0.834645            61440               -0.0144397          -0.14034            0.386155            0.0197503           -0.411453           -0.157896           
0.838122            61696               -0.0166306          -0.180935           0.353507            0.0821717           -0.379685           -0.202335           
0.8416              61952               -0.0255439          -0.185549           0.378577            0.0774332           -0.415757           -0.210355           
0.845078            62208               -0.0403812          -0.164906           0.36772             0.0570386           -0.423303           -0.193829           
0.848555            62464               -0.0753947          -0.169028           0.358596            0.0655822           -0.453855           -0.211834           
0.852033            62720               -0.0457159          -0.122754           0.423024            -0.0158689          -0.487212           -0.15037            
0.855511            62976               -0.0650784          -0.127312           0.382918            0.00578366          -0.467504           -0.162868           
0.858989            63232               -0.0486406          -0.150466           0.415741            0.0212401           -0.482889           -0.180103           
0.862466            63488               0.0422344           -0.128727           0.442484            -0.0157436          -0.405483           -0.12063            
0.865944            63744               -0.0620153          -0.0964032          0.441213            -0.0536658          -0.526439           -0.127726           
0.869422            64000               0.0539763           -0.147648           0.483733            -0.00879936         -0.435255           -0.136237           
0.872899            64256               0.00987837          -0.138452           0.415386            0.00721426          -0.41657            -0.143714           
0.876377            64512               -0.0303781          -0.0984311          0.422334            -0.0439555          -0.471238           -0.116747           
0.879855            64768               -0.116406           -0.100287           0.39176             -0.0293585          -0.540965           -0.153044           
0.883332            65024               -0.0971357          -0.092742           0.397896            -0.0409065          -0.524616           -0.137526           
0.88681             65280               -0.0293652          -0.0966626          0.374417            -0.0268986          -0.421181           -0.114933           
0.890288            65536               -0.0574384          -0.0808439          0.373497            -0.0457564          -0.452646           -0.10948            
0.893765            65792               -0.107037           -0.132045           0.388363            0.01019             -0.527387           -0.183945           
0.897243            66048               -0.121305           -0.117516           0.34219             0.0108878           -0.495324           -0.174767           
0.900721            66304               -0.0343588          -0.0939057          0.34791             -0.0202133          -0.400309           -0.114995           
0.904198            66560               -0.113133           -0.0596011          0.374041            -0.0716327          -0.519958           -0.110035           
0.907676            66816               -0.111079           -0.0843424          0.409065            -0.0554851          -0.55369            -0.135867           
0.911154            67072               -0.03938            -0.123017           0.373899            0.00549331          -0.434531           -0.148302           
0.914631            67328               -0.0496088          -0.132655           0.413015            0.00154011          -0.486949           -0.162431           
0.918109            67584               -0.0880115          -0.0823057          0.392454            -0.0511774          -0.510856           -0.124              
0.921587            67840               -0.0402049          -0.141503           0.393404            0.0199969           -0.457453           -0.16749            
0.925065            68096               -0.0870446          -0.128699           0.419206            -0.00542068         -0.538909           -0.172196           
0.928542            68352               -0.0615791          -0.140221           0.379811            0.0239681           -0.468904           -0.174005           
0.93202             68608               -0.117395           -0.112073           0.409164            -0.0212834          -0.565374           -0.166103           
0.935498            68864               -0.14617            -0.162453           0.385424            0.0489159           -0.573215           -0.231105           
0.938975            69120               -0.174912           -0.110748           0.375477            -0.00960305         -0.596722           -0.187611           
0.942453            69376               -0.0833933          -0.155139           0.382105            0.0414785           -0.496632           -0.198151           
0.945931            69632               -0.0698511          -0.159652           0.381626            0.0468569           -0.479418           -0.198193           
0.949408            69888               -0.0682459          -0.146323           0.412999            0.018585            -0.510103           -0.183365           
0.952886            70144               -0.137267           -0.118809           0.376771            -0.000183899        -0.550823           -0.181528           
0.956364            70400               -0.163571           -0.110118           0.35486             -0.00181753         -0.55968            -0.18278            
0.959841            70656               -0.153555           -0.134594           0.367401            0.0227877           -0.560684           -0.204835           
0.963319            70912               -0.062591           -0.164138           0.417556            0.0385962           -0.506562           -0.200135           
0.966797            71168               -0.0153424          -0.153002           0.340507            0.0554716           -0.371652           -0.170088           
0.970275            71424               -0.134413           -0.0861024          0.298473            -0.00844214         -0.465774           -0.146286           
0.973752            71680               -0.239068           -0.0985333          0.41568             -0.0395451          -0.710578           -0.201263           
0.97723             71936               -0.0890431          -0.157967           0.340845            0.0625176           -0.456077           -0.204736           
0.980708            72192               -0.0635284          -0.169005           0.362991            0.0667923           -0.449006           -0.206661           
0.984185            72448               -0.0789646          -0.0790041          0.399567            -0.056622           -0.505039           -0.116847           
0.987663            72704               -0.13956            -0.0903162          0.460765            -0.0670774          -0.638855           -0.152946           
0.991141            72960               -0.0914823          -0.151808           0.41507             0.0252995           -0.534865           -0.199302           
0.994618            73216               -0.0869337          -0.133888           0.417034            0.00270664          -0.53155            -0.178253           
0.998096            73472               -0.0802128          -0.120975           0.421883            -0.0148542          -0.528378           -0.161875           
1.00157             73728               -0.0695184          -0.111068           0.436875            -0.0326581          -0.530771           -0.147095           
1.00505             73984               -0.10508            -0.123293           0.488835            -0.0383425          -0.628081           -0.174217           
1.00853             74240               -0.107626           -0.119111           0.459781            -0.0315983          -0.600318           -0.170411           
1.01201             74496               -0.0915778          -0.110069           0.481518            -0.0511212          -0.605311           -0.15432            
1.01548             74752               -0.069229           -0.114698           0.494016            -0.0505952          -0.592968           -0.150404           
1.01896             75008               -0.131945           -0.0946907          0.474258            -0.0665122          -0.645734           -0.153741           
1.02244             75264               -0.0315988          -0.158892           0.473292            0.0113364           -0.527986           -0.182383           
1.02592             75520               -0.00571806         -0.150054           0.43653             0.0151473           -0.459596           -0.16207            
1.0294              75776               -0.116381           -0.140313           0.455243            -0.00388719         -0.609385           -0.1961             
1.03287             76032               -0.111254           -0.113281           0.426027            -0.0251916          -0.572673           -0.165387           
1.03635             76288               -0.138343           -0.0876218          0.455359            -0.0681549          -0.635467           -0.14848            
1.03983             76544               -0.210741           -0.118779           0.417469            -0.0152052          -0.68055            -0.210967           
1.04331             76800               -0.201956           -0.143297           0.419342            0.0135623           -0.671876           -0.233409           
1.04678             77056               -0.208884           -0.114861           0.43065             -0.025204           -0.692997           -0.206461           
1.05026             77312               -0.113368           -0.0997996          0.45039             -0.0516948          -0.600285           -0.152201           
1.05374             77568               -0.138398           -0.0869781          0.443571            -0.0643232          -0.622532           -0.148925           
1.05722             77824               -0.205566           -0.126011           0.379562            0.00828919          -0.633752           -0.217317           
1.06069             78080               -0.233655           -0.157459           0.430735            0.0258829           -0.720137           -0.262758           
1.06417             78336               -0.118775           -0.109162           0.451424            -0.0410219          -0.606989           -0.16576            
1.06765             78592               -0.0903106          -0.112177           0.453807            -0.0378494          -0.574271           -0.157768           
1.07113             78848               0.00708218          -0.157283           0.468904            0.00969129          -0.476482           -0.16763            
1.07461             79104               -0.0577083          -0.110926           0.490085            -0.0544606          -0.573994           -0.144551           
1.07808             79360               -0.0698446          -0.0941022          0.524975            -0.0888754          -0.623978           -0.131534           
1.08156             79616               -0.0850632          -0.1155             0.497219            -0.0519838          -0.611917           -0.160017           
1.08504             79872               -0.0731045          -0.142969           0.462547            -0.00530077         -0.56311            -0.184645           
1.08852             80128               -0.119008           -0.120393           0.48696             -0.0423913          -0.641702           -0.178587           
1.09199             80384               -0.0566604          -0.11849            0.463897            -0.0356121          -0.544778           -0.15201            
1.09547             80640               -0.0776379          -0.0860609          0.490373            -0.0853437          -0.597893           -0.125719           
1.09895             80896               -0.0891344          -0.114099           0.45127             -0.0361498          -0.570407           -0.159878           
1.10243             81152               -0.0908676          -0.0884177          0.469598            -0.0743748          -0.592094           -0.133078           
1.1059              81408               -0.0898813          -0.101263           0.447087            -0.0500842          -0.568011           -0.146446           
1.10938             81664               -0.0525578          -0.137006           0.43486             -0.00185403         -0.511305           -0.169349           
1.11286             81920               -0.157075           -0.103351           0.446669            -0.0470892          -0.646216           -0.17514            
1.11634             82176               -0.0966353          -0.0839026          0.474214            -0.0813066          -0.605085           -0.130234           
1.11981             82432               -0.00488494         -0.124225           0.472786            -0.0321699          -0.496831           -0.13683            
1.12329             82688               -0.0112592          -0.117718           0.448483            -0.0300216          -0.477268           -0.132283           
1.12677             82944               -0.0858484          -0.131663           0.438825            -0.00907646         -0.555654           -0.176884           
1.13025             83200               -0.115799           -0.117398           0.472989            -0.0394887          -0.626602           -0.173792           
1.13373             83456               -0.136944           -0.136833           0.462807            -0.0115706          -0.639739           -0.203386           
1.1372              83712               0.0174292           -0.116707           0.483205            -0.0439596          -0.481333           -0.120685           
1.14068             83968               -0.0776873          -0.0919322          0.469561            -0.0683734          -0.576708           -0.132311           
1.14416             84224               -0.114371           -0.127983           0.452917            -0.0179535          -0.602214           -0.185346           
1.14764             84480               -0.140286           -0.0994364          0.481928            -0.0637216          -0.663109           -0.165711           
1.15111             84736               -0.0459403          -0.11509            0.498286            -0.0517114          -0.568927           -0.14459            
1.15459             84992               -0.0954678          -0.125871           0.457518            -0.0223549          -0.583847           -0.176011           
1.15807             85248               -0.0262353          -0.117061           0.500957            -0.0501095          -0.548272           -0.139048           
1.16155             85504               -0.0797796          -0.0889502          0.501072            -0.0839072          -0.610117           -0.130939           
1.16502             85760               -0.0321761          -0.136809           0.483137            -0.0190871          -0.536148           -0.162663           
1.1685              86016               -0.015188           -0.113393           0.483762            -0.0476485          -0.517264           -0.130743           
1.17198             86272               -0.115099           -0.116868           0.499222            -0.049035           -0.650289           -0.174466           
1.17546             86528               -0.0265687          -0.0922219          0.508392            -0.0823744          -0.555803           -0.11246            
1.17894             86784               -0.0749183          -0.130402           0.510672            -0.037001           -0.615364           -0.172939           
1.18241             87040               -0.0465781          -0.12027            0.51953             -0.053027           -0.591442           -0.150153           
1.18589             87296               -0.0410398          -0.119765           0.473494            -0.035532           -0.537132           -0.147493           
1.18937             87552               -0.0477517          -0.100546           0.530195            -0.0813729          -0.603895           -0.129447           
1.19285             87808               -0.0270617          -0.078997           0.484193            -0.089402           -0.532761           -0.0980218          
1.19632             88064               0.0168324           -0.104474           0.496798            -0.06411            -0.49487            -0.107909           
1.1998              88320               -0.0344403          -0.0909193          0.496069            -0.0798918          -0.553537           -0.113492           
1.20328             88576               -0.157541           -0.112704           0.465645            -0.0415065          -0.665286           -0.185614           
1.20676             88832               -0.1761             -0.1289             0.444039            -0.0135068          -0.665824           -0.209898           
1.21023             89088               -0.0353712          -0.111557           0.463336            -0.0426777          -0.521438           -0.135707           
1.21371             89344               0.00285672          -0.0684304          0.479897            -0.101454           -0.492362           -0.0750041          
1.21719             89600               0.030263            -0.0776898          0.471126            -0.0866923          -0.451739           -0.0740646          
1.22067             89856               -0.0938581          -0.136565           0.444536            -0.0049421          -0.569085           -0.186316           
1.22415             90112               -0.189535           -0.0667544          0.445518            -0.0896631          -0.682249           -0.150044           
1.22762             90368               -0.0788725          -0.0327065          0.488683            -0.148041           -0.59697            -0.0695372          
1.2311              90624               -0.0461406          -0.118844           0.441849            -0.0255621          -0.510082           -0.147944           
1.23458             90880               -0.110451           -0.135497           0.463237            -0.013843           -0.608593           -0.191311           
1.23806             91136               -0.0414752          -0.120356           0.414794            -0.0133776          -0.47742            -0.14778            
1.24153             91392               -0.0957899          -0.0620567          0.455743            -0.0996237          -0.582721           -0.107256           
1.24501             91648               -0.0656377          -0.0597291          0.487328            -0.114923           -0.579414           -0.0925703          
1.24849             91904               -0.0730885          -0.100747           0.369352            -0.0187519          -0.464969           -0.13956            
1.25197             92160               -0.0906337          -0.122239           0.413948            -0.0110657          -0.532998           -0.169297           
1.25544             92416               0.00632513          -0.0897431          0.461005            -0.0688085          -0.467989           -0.096875           
1.25892             92672               -0.00228008         -0.0566582          0.470776            -0.112725           -0.488604           -0.0649826          
1.2624              92928               0.0211855           -0.124869           0.504202            -0.0437195          -0.496083           -0.128513           
1.26588             93184               -0.0881982          -0.0904922          0.387072            -0.0386335          -0.501532           -0.135056           
1.26936             93440               -0.0922363          -0.142118           0.489878            -0.0167188          -0.612546           -0.191969           
1.27283             93696               -0.0850827          -0.118587           0.437324            -0.0241465          -0.549371           -0.164064           
1.27631             93952               -0.0748212          -0.0719284          0.520517            -0.113821           -0.624861           -0.110964           
1.27979             94208               -0.0177933          -0.0895723          0.478721            -0.0759229          -0.514032           -0.107574           
1.28327             94464               -0.0160826          -0.146104           0.47423             -0.00584128         -0.50713            -0.167207           
1.28674             94720               -0.0610385          -0.126326           0.504034            -0.0414826          -0.591031           -0.164005           
1.29022             94976               -0.144427           -0.0899286          0.498578            -0.0833838          -0.683197           -0.158418           
1.2937              95232               -0.105345           -0.112186           0.453519            -0.0387572          -0.591223           -0.166502           
1.29718             95488               -0.0249334          -0.107443           0.456285            -0.0457566          -0.499223           -0.129977           
1.30065             95744               -0.0973257          -0.104423           0.456829            -0.0495642          -0.584989           -0.155479           
1.30413             96000               -0.133418           -0.0945131          0.463818            -0.0642905          -0.63412            -0.159387           
1.30761             96256               -0.157888           -0.0704509          0.45332             -0.089075           -0.651742           -0.143361           
1.31109             96512               -0.15643            -0.117698           0.47158             -0.0395938          -0.670912           -0.19311            
1.31457             96768               -0.0848553          -0.108363           0.501495            -0.0624912          -0.617921           -0.154202           
1.31804             97024               -0.10172            -0.083959           0.464392            -0.0771952          -0.597377           -0.13484            
1.32152             97280               -0.162809           -0.0960431          0.521597            -0.0852791          -0.729881           -0.17191            
1.325               97536               -0.140356           -0.107869           0.436533            -0.037406           -0.614194           -0.175069           
1.32848             97792               -0.0628655          -0.120455           0.480765            -0.0397023          -0.569751           -0.157503           
1.33195             98048               -0.0197448          -0.133065           0.485431            -0.0265372          -0.52489            -0.154058           
1.33543             98304               -0.0526863          -0.134808           0.460121            -0.0143437          -0.536248           -0.169076           
1.33891             98560               -0.0721118          -0.0850901          0.499812            -0.0903062          -0.600049           -0.123742           
1.34239             98816               -0.0463589          -0.119814           0.481141            -0.0407282          -0.550356           -0.150782           
1.34586             99072               -0.120102           -0.118406           0.499424            -0.0497332          -0.655804           -0.178964           
1.34934             99328               -0.104641           -0.106163           0.491039            -0.0612993          -0.629143           -0.159605           
1.35282             99584               -0.127637           -0.0797389          0.467792            -0.0839982          -0.630472           -0.140696           
1.3563              99840               -0.0202214          -0.104621           0.56369             -0.0919417          -0.60466            -0.12484            
1.35978             100096              -0.0915529          -0.150409           0.479163            -0.0033584          -0.600379           -0.202166           
1.36325             100352              -0.105373           -0.122628           0.487685            -0.0402997          -0.625257           -0.178134           
1.36673             100608              -0.000408291        -0.0967972          0.530577            -0.0889718          -0.54702            -0.108259           
1.37021             100864              -0.081034           -0.116229           0.487461            -0.0483656          -0.596678           -0.16127            
1.37369             101120              -0.0728958          -0.146309           0.477176            -0.00798276         -0.576364           -0.190057           
1.37716             101376              -0.135007           -0.115096           0.482977            -0.0479413          -0.655039           -0.181512           
1.38064             101632              -0.0870593          -0.109201           0.5575              -0.0847499          -0.67705            -0.155948           
1.38412             101888              -0.107224           -0.0955395          0.504529            -0.0804958          -0.645565           -0.149775           
1.3876              102144              -0.0704348          -0.0987678          0.516883            -0.0815589          -0.615433           -0.137946           
1.39107             102400              -0.0255505          -0.144065           0.52302             -0.0296477          -0.568634           -0.16774            
1.39455             102656              -0.0652454          -0.108084           0.504946            -0.0663481          -0.596793           -0.144776           
1.39803             102912              -0.0299895          -0.107386           0.491683            -0.0624699          -0.542192           -0.129235           
1.40151             103168              -0.0220277          -0.0911833          0.467425            -0.0724696          -0.507012           -0.108346           
1.40499             103424              0.00367528          -0.11018            0.442981            -0.0397998          -0.451161           -0.117877           
1.40846             103680              -0.121942           -0.102091           0.447412            -0.0514175          -0.602911           -0.158642           
1.41194             103936              -0.119943           -0.100832           0.421664            -0.0428372          -0.574585           -0.156485           
1.41542             104192              -0.0756024          -0.0728581          0.415975            -0.0742221          -0.516065           -0.108502           
1.4189              104448              -0.0837935          -0.0634385          0.416547            -0.0855924          -0.528196           -0.101018           
1.42237             104704              -0.119137           -0.0631526          0.428366            -0.0905063          -0.580554           -0.115445           
1.42585             104960              -0.0794316          -0.0735573          0.416847            -0.0736745          -0.522833           -0.111083           
1.42933             105216              -0.18403            -0.069113           0.454082            -0.0929565          -0.68422            -0.148692           
1.43281             105472              -0.116144           -0.067258           0.395695            -0.0722392          -0.544513           -0.11864            
1.43628             105728              -0.207061           -0.064137           0.427745            -0.0884251          -0.68442            -0.152863           
1.43976             105984              -0.203549           -0.0899068          0.493565            -0.0831783          -0.749441           -0.179262           
1.44324             106240              -0.040786           -0.122577           0.443937            -0.0241304          -0.508224           -0.149525           
1.44672             106496              -0.0608758          -0.0840017          0.487465            -0.0877397          -0.576211           -0.116807           
1.4502              106752              -0.0974151          -0.116008           0.448841            -0.0337279          -0.579321           -0.166117           
1.45367             107008              -0.0646556          -0.112469           0.451497            -0.0392004          -0.543937           -0.14952            
1.45715             107264              -0.119564           -0.0844586          0.458424            -0.0756211          -0.615347           -0.141846           
1.46063             107520              -0.117323           -0.0803487          0.45495             -0.078951           -0.609046           -0.136763           
1.46411             107776              -0.0414458          -0.105871           0.438984            -0.0420127          -0.503714           -0.134442           
1.46758             108032              -0.0806051          -0.0665363          0.44178             -0.0904003          -0.551366           -0.108236           
1.47106             108288              -0.077452           -0.0818253          0.419475            -0.0631005          -0.523157           -0.123508           
1.47454             108544              -0.163101           -0.154147           0.499959            -0.00715284         -0.708358           -0.234932           
1.47802             108800              -0.130205           -0.126755           0.433665            -0.0140317          -0.601274           -0.192974           
1.48149             109056              -0.0818708          -0.139841           0.526005            -0.0343582          -0.639903           -0.187991           
1.48497             109312              -0.0246334          -0.140619           0.515535            -0.0293807          -0.561814           -0.165983           
1.48845             109568              -0.0288924          -0.11212            0.552569            -0.0783393          -0.606001           -0.137986           
1.49193             109824              -0.00660542         -0.0927311          0.544025            -0.098721           -0.5704             -0.108423           
1.49541             110080              -0.0402788          -0.121287           0.548298            -0.0656938          -0.614079           -0.152115           
1.49888             110336              -0.0493919          -0.134558           0.505577            -0.0326988          -0.580637           -0.169877           
1.50236             110592              -0.0226677          -0.112552           0.54381             -0.0747508          -0.589356           -0.135253           
1.50584             110848              -0.0778849          -0.111539           0.459344            -0.0426946          -0.565991           -0.155972           
1.50932             111104              -0.105636           -0.0869593          0.487044            -0.0834369          -0.627001           -0.140421           
1.51279             111360              -0.0722158          -0.111092           0.468131            -0.0469819          -0.56898            -0.152264           
1.51627             111616              -0.0343143          -0.100604           0.429887            -0.0448167          -0.484502           -0.125595           
1.51975             111872              -0.0778545          -0.0904714          0.43149             -0.0575835          -0.535755           -0.131785           
1.52323             112128              -0.127279           -0.0791864          0.396372            -0.0573681          -0.557259           -0.138805           
1.5267              112384              -0.148538           -0.0551314          0.404548            -0.0899171          -0.590767           -0.121343           
1.53018             112640              -0.133422           -0.0670081          0.40338             -0.0754093          -0.571525           -0.128043           
1.53366             112896              -0.10328            -0.107043           0.418197            -0.032839           -0.551399           -0.158274           
1.53714             113152              -0.145164           -0.124743           0.460234            -0.0283668          -0.643758           -0.193465           
1.54062             113408              -0.0917133          -0.0661032          0.473778            -0.104967           -0.596307           -0.110172           
1.54409             113664              0.0111446           -0.068445           0.539186            -0.128173           -0.543691           -0.0719585          
1.54757             113920              0.0774955           -0.08765            0.531363            -0.102001           -0.457234           -0.0663071          
1.55105             114176              0.0389355           -0.0942976          0.490505            -0.0778968          -0.458692           -0.088693           
1.55453             114432              0.0487053           -0.120437           0.500858            -0.0505129          -0.459326           -0.112501           
1.558               114688              0.00184798          -0.094924           0.502514            -0.0820286          -0.515116           -0.10447            
1.56148             114944              -0.0704869          -0.109926           0.521784            -0.0715817          -0.620344           -0.148561           
1.56496             115200              -0.0332206          -0.056626           0.558644            -0.150887           -0.615599           -0.0769921          
1.56844             115456              -0.00529969         -0.0774406          0.4405              -0.0793003          -0.459374           -0.088232           
1.57191             115712              -0.159668           -0.099827           0.502899            -0.0765103          -0.70477            -0.173345           
1.57539             115968              -0.038127           -0.0863918          0.465815            -0.0787981          -0.524588           -0.110273           
1.57887             116224              -0.0540797          -0.0574566          0.46631             -0.113877           -0.54402            -0.0856119          
1.58235             116480              -0.0599912          -0.0794048          0.496953            -0.0996087          -0.583093           -0.111357           
1.58582             116736              -0.0664992          -0.0910033          0.411403            -0.0514947          -0.500589           -0.126357           
1.5893              116992              -0.0495503          -0.0834887          0.483786            -0.0889813          -0.557274           -0.111649           
1.59278             117248              -0.114516           -0.0817097          0.429358            -0.0696977          -0.576008           -0.135991           
1.59626             117504              -0.121091           -0.0830188          0.524977            -0.106082           -0.684993           -0.14073            
1.59974             117760              -0.0212202          -0.085043           0.484411            -0.0876891          -0.525933           -0.103823           
1.60321             118016              0.0934852           -0.102692           0.492623            -0.0700165          -0.399854           -0.0773716          
1.60669             118272              -0.0745652          -0.0659787          0.505828            -0.119427           -0.610387           -0.105669           
1.61017             118528              -0.101574           -0.126779           0.438303            -0.019411           -0.572792           -0.1818             
1.61365             118784              -0.124007           -0.105933           0.483164            -0.0622428          -0.645356           -0.168716           
1.61712             119040              -0.0853895          -0.059535           0.417985            -0.0926724          -0.532178           -0.103575           
1.6206              119296              -0.0695273          -0.0714474          0.475901            -0.101119           -0.573804           -0.1096             
1.62408             119552              -0.0864482          -0.0686887          0.450832            -0.09464            -0.567887           -0.113739           
1.62756             119808              -0.141494           -0.0666516          0.424062            -0.0861819          -0.604081           -0.133407           
1.63103             120064              -0.0907029          -0.0771264          0.445097            -0.0818096          -0.565852           -0.123779           
1.63451             120320              -0.0961501          -0.0783321          0.408387            -0.0657934          -0.53373            -0.127024           
1.63799             120576              -0.136933           -0.0693416          0.429698            -0.0849388          -0.603594           -0.133747           
1.64147             120832              -0.129539           -0.103612           0.437107            -0.0462551          -0.602567           -0.167372           
1.64495             121088              -0.172491           -0.112446           0.44905             -0.0402832          -0.664349           -0.193645           
1.64842             121344              -0.148434           -0.0981882          0.450767            -0.0582116          -0.638145           -0.16922            
1.6519              121600              -0.204763           -0.0919005          0.508283            -0.0879919          -0.762638           -0.185247           
1.65538             121856              -0.01769            -0.161986           0.482709            0.00668195          -0.517931           -0.185418           
1.65886             122112              -0.0930384          -0.0941472          0.547023            -0.100247           -0.672272           -0.143306           
1.66233             122368              0.000793597         -0.134097           0.523695            -0.0429953          -0.538587           -0.148778           
1.66581             122624              -0.0816307          -0.14751            0.520596            -0.0251354          -0.6316             -0.196283           
1.66929             122880              0.000679824         -0.0883636          0.543887            -0.106055           -0.559745           -0.100189           
1.67277             123136              -0.0423133          -0.124151           0.49043             -0.0414143          -0.55408            -0.155422           
1.67624             123392              -0.046169           -0.115812           0.467636            -0.042599           -0.534622           -0.148352           
1.67972             123648              -0.170387           -0.107367           0.485245            -0.0596992          -0.699129           -0.188479           
1.6832              123904              -0.137197           -0.147415           0.486511            -0.0118517          -0.662528           -0.218237           
1.68668             124160              -0.0137829          -0.103608           0.455594            -0.0528322          -0.485694           -0.122244           
1.69016             124416              -0.0628083          -0.0937347          0.450172            -0.0624169          -0.536957           -0.131489           
1.69363             124672              -0.0896801          -0.088439           0.444193            -0.0665071          -0.561797           -0.136602           
1.69711             124928              -0.160082           -0.107273           0.391884            -0.022792           -0.590583           -0.184451           
1.70059             125184              -0.182647           -0.116493           0.434649            -0.0284051          -0.661045           -0.203554           
1.70407             125440              -0.112793           -0.0996644          0.431822            -0.0476135          -0.57629            -0.157801           
1.70754             125696              -0.0403059          -0.117465           0.46488             -0.0392954          -0.527451           -0.147727           
1.71102             125952              -0.127621           -0.112502           0.443357            -0.0364901          -0.606115           -0.177538           
1.7145              126208              -0.10246            -0.129946           0.471264            -0.0265843          -0.606445           -0.186359           
1.71798             126464              -0.00707027         -0.117666           0.505372            -0.0552097          -0.530339           -0.134827           
1.72145             126720              -0.0999479          -0.137796           0.443493            -0.00623273         -0.574432           -0.193543           
1.72493             126976              -0.0591927          -0.13359            0.494461            -0.0315487          -0.580035           -0.172628           
1.72841             127232              -0.0375509          -0.0801166          0.453296            -0.0801827          -0.511012           -0.107093           
1.73189             127488              -0.0682923          -0.12677            0.435533            -0.0164787          -0.528482           -0.168577           
1.73537             127744              -0.100433           -0.134453           0.480073            -0.0247835          -0.613598           -0.189531           
1.73884             128000              0.00396153          -0.106582           0.445197            -0.0447997          -0.454363           -0.118261           
1.74232             128256              -0.0518203          -0.136076           0.488795            -0.0262517          -0.564816           -0.172589           
1.7458              128512              -0.0307502          -0.148354           0.447544            0.00471386          -0.497584           -0.176919           
1.74928             128768              -0.0634155          -0.126277           0.475524            -0.0329587          -0.564244           -0.166514           
1.75275             129024              -0.0484193          -0.147841           0.474774            -0.00663306         -0.546476           -0.183127           
1.75623             129280              -0.0200539          -0.160413           0.466536            0.0122258           -0.503951           -0.184863           
1.75971             129536              -0.061594           -0.139812           0.440264            -0.00242946         -0.526153           -0.179803           
1.76319             129792              -0.00614124         -0.110561           0.500314            -0.0617072          -0.52313            -0.126424           
1.76666             130048              -0.027406           -0.145437           0.441796            0.00336324          -0.487452           -0.171433           
1.77014             130304              -0.112506           -0.130127           0.40372             0.000188668         -0.547218           -0.188919           
1.77362             130560              -0.180568           -0.0705317          0.440762            -0.0864979          -0.66518            -0.15278            
1.7771              130816              -0.133247           -0.121711           0.423925            -0.0183329          -0.592483           -0.188221           
1.78058             131072              -0.0764588          -0.143517           0.428494            0.00630676          -0.530209           -0.188606           
1.78405             131328              -0.208663           -0.0950651          0.376151            -0.0312861          -0.630513           -0.189926           
1.78753             131584              -0.126779           -0.118528           0.428455            -0.0239576          -0.588178           -0.182424           
1.79101             131840              -0.101108           -0.151456           0.394351            0.0296582           -0.5233             -0.207349           
1.79449             132096              -0.045551           -0.165794           0.413515            0.0393513           -0.477881           -0.200453           
1.79796             132352              -0.0592429          -0.125925           0.448392            -0.0225548          -0.531332           -0.163649           
1.80144             132608              -0.0427414          -0.0677746          0.433484            -0.0868026          -0.495556           -0.0952156          
1.80492             132864              -0.0799292          -0.110554           0.439898            -0.0373738          -0.545841           -0.155492           
1.8084              133120              -0.0472186          -0.125704           0.400845            -0.00373311         -0.466843           -0.15871            
1.81187             133376              -0.0985884          -0.0939411          0.425504            -0.0518462          -0.553206           -0.145392           
1.81535             133632              -0.0142649          -0.132627           0.443432            -0.0125291          -0.473433           -0.152936           
1.81883             133888              -0.0314538          -0.151779           0.399881            0.0278409           -0.447652           -0.179991           
1.82231             134144              -0.112096           -0.104877           0.430369            -0.0406284          -0.573594           -0.162411           
1.82579             134400              -0.0784826          -0.113444           0.44769             -0.037242           -0.552187           -0.157904           
1.82926             134656              -0.088477           -0.129354           0.397494            0.00170879          -0.511861           -0.178906           
1.83274             134912              -0.0506639          -0.12235            0.45414             -0.0294288          -0.526318           -0.156323           
1.83622             135168              -0.0515446          -0.111605           0.41761             -0.0280275          -0.489764           -0.145201           
1.8397              135424              -0.10338            -0.110011           0.424662            -0.0327583          -0.55752            -0.163773           
1.84317             135680              -0.0730341          -0.13498            0.392763            0.0100294           -0.488666           -0.178367           
1.84665             135936              -0.0757165          -0.105782           0.45284             -0.0493893          -0.554726           -0.148007           
1.85013             136192              -0.213277           -0.114232           0.416233            -0.0246954          -0.677063           -0.212359           
1.85361             136448              -0.112497           -0.137674           0.44832             -0.0091537          -0.59201            -0.19694            
1.85708             136704              -0.127434           -0.114819           0.406894            -0.0206328          -0.566965           -0.178727           
1.86056             136960              -0.0622106          -0.112562           0.450097            -0.0404105          -0.535496           -0.150368           
1.86404             137216              -0.0595284          -0.174292           0.433642            0.0406204           -0.514585           -0.214485           
1.86752             137472              -0.115065           -0.142995           0.408753            0.0127334           -0.554809           -0.203324           
1.871               137728              -0.078008           -0.123866           0.433333            -0.020319           -0.536947           -0.168523           
1.87447             137984              -0.0728995          -0.102284           0.399579            -0.0331743          -0.496172           -0.143696           
1.87795             138240              -0.0584044          -0.159534           0.436012            0.0219015           -0.516221           -0.198916           
1.88143             138496              -0.0834548          -0.10642            0.384074            -0.0219404          -0.492729           -0.152175           
1.88491             138752              -0.0890479          -0.0721323          0.454178            -0.0912139          -0.572028           -0.117921           
1.88838             139008              -0.0750854          -0.0985142          0.358136            -0.0215189          -0.454835           -0.140466           
1.89186             139264              -0.0923604          -0.138085           0.460859            -0.0143521          -0.583414           -0.189284           
1.89534             139520              -0.133569           -0.142772           0.417758            0.00879686          -0.58649            -0.210791           
1.89882             139776              -0.116774           -0.100098           0.433119            -0.0494137          -0.581867           -0.158711           
1.90229             140032              -0.0594849          -0.141384           0.411105            0.009503            -0.492637           -0.179775           
1.90577             140288              -0.0982995          -0.149466           0.428011            0.0128296           -0.555968           -0.204162           
1.90925             140544              -0.0440381          -0.120131           0.43142             -0.023912           -0.494824           -0.151349           
1.91273             140800              -0.105355           -0.110988           0.46565             -0.0484394          -0.603158           -0.166148           
1.91621             141056              -0.0368575          -0.130428           0.482082            -0.0314786          -0.540012           -0.159533           
1.91968             141312              -0.0355214          -0.11314            0.470739            -0.048006           -0.526475           -0.140423           
1.92316             141568              -0.0477585          -0.123163           0.451923            -0.0283004          -0.521572           -0.156079           
1.92664             141824              -0.036412           -0.15396            0.465633            0.00328839          -0.522548           -0.18447            
1.93012             142080              -0.0450197          -0.129006           0.467613            -0.0275678          -0.535005           -0.160846           
1.93359             142336              -0.00293609         -0.138854           0.428355            -0.000386086        -0.445091           -0.15464            
1.93707             142592              -0.0274969          -0.128456           0.453252            -0.0227658          -0.499655           -0.153685           
1.94055             142848              -0.0781032          -0.128683           0.444257            -0.0188899          -0.548861           -0.174144           
1.94403             143104              -0.0588302          -0.16254            0.452776            0.0185856           -0.536127           -0.20197            
1.9475              143360              -0.0928773          -0.124842           0.451285            -0.0265418          -0.574253           -0.175761           
1.95098             143616              -0.098083           -0.124751           0.447553            -0.0252087          -0.576447           -0.177589           
1.95446             143872              -0.0941969          -0.06274            0.444587            -0.0992184          -0.568791           -0.109777           
1.95794             144128              -0.035466           -0.121672           0.436642            -0.0248185          -0.492352           -0.149143           
1.96142             144384              -0.0992014          -0.165948           0.439188            0.0278092           -0.570335           -0.221616           
1.96489             144640              -0.0705625          -0.0773668          0.401165            -0.0643966          -0.496038           -0.11555            
1.96837             144896              -0.120052           -0.0894367          0.449692            -0.0687386          -0.604143           -0.148194           
1.97185             145152              -0.100068           -0.138508           0.45791             -0.0125472          -0.590022           -0.19271            
1.97533             145408              -0.0364646          -0.134883           0.388943            0.00983955          -0.443764           -0.163655           
1.9788              145664              -0.103536           -0.0943388          0.461996            -0.0674662          -0.598266           -0.147402           
1.98228             145920              -0.0982765          -0.109143           0.399898            -0.0253115          -0.5272             -0.160282           
1.98576             146176              -0.108766           -0.150003           0.412204            0.0191492           -0.552628           -0.20836            
1.98924             146432              -0.122142           -0.10707            0.371673            -0.0164338          -0.526768           -0.168049           
1.99271             146688              -0.0621451          -0.0827763          0.414637            -0.0628771          -0.500428           -0.11812            
1.99619             146944              -0.0398746          -0.0983319          0.470135            -0.0658834          -0.532197           -0.125929           
1.99967             147200              -0.152242           -0.104926           0.384114            -0.0233816          -0.573541           -0.178065           
