#Time               nTime               force-x             force-y             force-z             moment-x            moment-y            moment-z            
0                   0                   410.701             33.6482             14.8688             -12.8249            4603.95             -126.127            
0.00347769          256                 468.56              55.247              -103.171            -145.334            555.514             -218.123            
0.00695537          512                 82.5197             -174.918            64.2161             123.874             -180.004            -664.969            
0.0104331           768                 -129.461            -1.33917            -9.54193            6.06675             -12.2171            105.714             
0.0139107           1024                146.78              -58.6625            -24.4272            0.75281             151.315             -340.45             
0.0173884           1280                -74.9333            144.565             -46.5091            -105.897            136.118             573.502             
0.0208661           1536                -34.6146            -58.8614            2.36452             27.0068             -16.4641            -168.306            
0.0243438           1792                23.2443             -26.1567            -5.98216            5.90359             35.8494             -107.428            
0.0278215           2048                1.32159             38.9897             -3.8438             -17.7516            19.3101             135.504             
0.0312992           2304                12.2105             26.7134             -7.20764            -17.5665            35.371              84.6328             
0.0347769           2560                8.69348             10.7                -7.16308            -12.1982            33.8533             31.9896             
0.0382545           2816                27.7379             13.9389             -5.07432            -9.98446            34.3392             24.6866             
0.0417322           3072                19.3503             13.2509             -4.96116            -8.5963             30.5186             28.7775             
0.0452099           3328                2.04563             2.88531             -6.20864            -5.70253            27.6398             8.68302             
0.0486876           3584                -3.63889            10.3975             -6.52564            -8.0789             26.314              39.0438             
0.0521653           3840                -9.19653            22.2621             -7.43308            -13.9199            27.1231             85.4167             
0.055643            4096                -6.29656            23.157              -7.98579            -14.8935            30.246              86.7729             
0.0591207           4352                3.27826             30.0169             -5.70554            -15.0807            26.0996             103.468             
0.0625984           4608                10.4321             33.9612             -2.81964            -13.5419            18.7931             111.42              
0.066076            4864                12.0237             34.7186             0.550106            -10.5441            7.61568             112.978             
0.0695537           5120                8.76442             42.5558             0.668964            -13.4182            6.04104             143.242             
0.0730314           5376                8.9907              45.4983             0.898089            -14.2095            5.35443             152.796             
0.0765091           5632                14.5832             49.2193             -0.582003           -16.8289            12.8638             161.061             
0.0799868           5888                23.0089             46.3505             -3.61707            -18.6155            26.7765             144.141             
0.0834645           6144                25.3787             42.655              -4.80353            -18.7045            31.9277             129.325             
0.0869422           6400                25.3638             42.6621             -5.90776            -20.2655            35.9154             129.934             
0.0904198           6656                22.0332             40.4197             -6.54134            -20.7973            36.7429             125.249             
0.0938975           6912                20.5042             34.2477             -6.37931            -18.2833            35.5367             105.795             
0.0973752           7168                21.5384             30.8996             -4.57537            -15.6471            29.7604             93.9645             
0.100853            7424                23.5344             25.7117             -3.36221            -12.2845            26.3002             74.384              
0.104331            7680                17.1072             16.6929             -3.12021            -8.17155            22.9932             48.6727             
0.107808            7936                7.59493             8.00121             -4.52027            -5.40474            23.895              26.2654             
0.111286            8192                -2.70663            3.72636             -5.35103            -4.24366            22.2934             19.8048             
0.114764            8448                -4.00423            7.09526             -5.66384            -6.75302            22.899              33.3119             
0.118241            8704                -4.45374            16.4469             -6.9573             -12.7537            26.882              66.3249             
0.121719            8960                -2.7299             22.7997             -4.75196            -14.9078            19.9126             85.8978             
0.125197            9216                -3.34925            28.1717             -0.780009           -14.0075            5.92999             104.541             
0.128674            9472                -5.0474             26.5986             -0.201359           -12.0786            3.27025             100.318             
0.132152            9728                -3.32443            25.4437             -0.541153           -11.0941            5.19349             94.4518             
0.13563             9984                -4.68529            27.1985             0.267887            -10.3255            1.89001             101.05              
0.139107            10240               -3.34472            32.8509             -0.0231064          -12.2587            3.45403             118.818             
0.142585            10496               -6.16464            38.5047             2.67548             -11.9181            -6.94518            140.168             
0.146063            10752               -8.57931            43.2914             4.53162             -11.885             -14.4177            158.001             
0.149541            11008               -8.8273             45.9958             7.47413             -10.2434            -24.9237            166.656             
0.153018            11264               -7.55982            51.6895             10.1681             -9.70575            -33.8131            184.62              
0.156496            11520               -4.98513            53.3595             12.438              -7.90373            -40.7736            187.729             
0.159974            11776               -2.1676             57.6109             12.5967             -9.06311            -40.1646            199.748             
0.163451            12032               1.3625              61.4381             13.9004             -9.32327            -43.1839            209.562             
0.166929            12288               3.08686             63.4509             16.2023             -8.14874            -50.28              214.837             
0.170407            12544               5.88779             66.5518             17.0142             -8.80735            -51.7061            223.045             
0.173884            12800               7.12116             68.0817             18.0862             -8.94382            -54.7888            227.137             
0.177362            13056               10.2501             68.7952             19.3801             -8.59683            -57.8719            227.042             
0.18084             13312               12.94               72.4921             21.5978             -8.22714            -64.1758            237.783             
0.184317            13568               15.3741             76.3893             22.0855             -9.59947            -64.6911            249.367             
0.187795            13824               17.8427             78.5461             21.7566             -11.5516            -62.3838            255.139             
0.191273            14080               20.4083             78.1828             21.7787             -11.9473            -61.2192            252.473             
0.19475             14336               23.5698             78.8824             21.4524             -12.7379            -58.5296            252.753             
0.198228            14592               27.1632             78.5668             20.7176             -13.4053            -54.3911            249.221             
0.201706            14848               31.9287             77.4441             19.3059             -14.0312            -47.5417            241.812             
0.205183            15104               34.3553             74.3635             16.5369             -14.9699            -37.041             229.347             
0.208661            15360               35.4339             69.5927             14.9443             -13.6991            -31.1914            212.109             
0.212139            15616               34.7586             65.6262             12.7935             -13.4492            -24.333             198.627             
0.215617            15872               35.0221             60.6302             11.4916             -12.0385            -19.9317            180.494             
0.219094            16128               34.7926             54.929              10.5138             -10.5763            -16.6044            160.382             
0.222572            16384               34.4121             50.8962             5.36648             -13.2162            1.10306             146.128             
0.22605             16640               35.2211             47.4536             2.6355              -13.8607            10.7944             133.151             
0.229527            16896               33.8991             44.7637             2.51743             -12.702             10.456              124.774             
0.233005            17152               31.2205             44.9753             1.3256              -14.4128            13.4758             127.782             
0.236483            17408               30.728              46.7826             -0.597775           -17.1169            19.6453             134.434             
0.23996             17664               29.4152             43.746              -2.94987            -17.6752            26.9308             124.496             
0.243438            17920               29.8685             41.0272             -5.37379            -18.0591            35.0681             114.174             
0.246916            18176               29.941              41.81               -4.86035            -18.4885            33.2836             116.717             
0.250393            18432               27.527              38.2783             -8.38355            -20.5362            44.6175             107.195             
0.253871            18688               25.6469             32.6822             -9.15024            -18.9283            46.1742             89.6065             
0.257349            18944               24.431              28.9593             -10.5314            -18.6225            50.4423             78.0683             
0.260826            19200               24.1769             27.7172             -8.08021            -15.5387            41.8417             74.2475             
0.264304            19456               26.7827             28.1639             -9.80329            -17.485             48.747              73.0917             
0.267782            19712               30.0126             24.9076             -13.7169            -19.9725            63.5368             58.571              
0.27126             19968               30.2883             19.5733             -12.6706            -16.7558            59.8312             40.155              
0.274737            20224               25.334              17.6385             -10.7006            -14.5918            50.6952             38.0363             
0.278215            20480               22.6815             18.8341             -10.5258            -15.0906            49.2454             45.0776             
0.281693            20736               24.8344             21.4746             -14.1813            -19.7888            62.5864             52.8048             
0.28517             20992               23.7777             16.117              -16.5822            -20.2801            70.3271             34.7561             
0.288648            21248               26.7279             14.5507             -19.8522            -22.9795            82.8478             25.702              
0.292126            21504               23.7366             9.47573             -18.0502            -20.0556            75.7612             9.75839             
0.295603            21760               24.1443             4.26217             -18.7036            -19.0758            78.28               -8.88               
0.299081            22016               24.0795             1.10824             -18.7198            -18.1796            78.3477             -20.0227            
0.302559            22272               24.7536             -4.89779            -17.1457            -14.1164            73.2165             -41.6562            
0.306036            22528               24.7656             -6.18231            -18.1134            -14.1711            76.3129             -45.432             
0.309514            22784               26.2344             -5.77813            -17.2231            -13.3936            73.9249             -44.8828            
0.312992            23040               27.7718             -2.41471            -15.7649            -13.6047            69.585              -34.2471            
0.316469            23296               28.7955             3.61753             -14.8438            -14.7363            66.9705             -15.4533            
0.319947            23552               26.7503             9.69619             -13.4554            -15.0366            61.4295             6.77789             
0.323425            23808               24.4974             14.9363             -15.05              -18.2382            65.8875             27.2836             
0.326903            24064               23.8235             28.8172             -17.1785            -24.7105            72.9619             76.1599             
0.33038             24320               25.5816             34.9329             -17.1929            -26.6614            73.4476             96.4761             
0.333858            24576               25.5012             33.7203             -16.477             -25.8322            70.9471             92.1042             
0.337336            24832               26.0619             35.9844             -15.5978            -26.1282            68.0972             99.9398             
0.340813            25088               27.6569             40.0681             -13.6208            -26.2833            61.8319             113.046             
0.344291            25344               26.7061             38.9744             -12.265             -25.2934            56.7956             110.357             
0.347769            25600               28.5179             39.7716             -11.5278            -25.2137            55.1824             111.396             
0.351246            25856               29.7864             40.1521             -8.50815            -22.6176            45.2447             111.657             
0.354724            26112               27.8573             41.1837             -9.29081            -23.2114            46.8168             116.829             
0.358202            26368               23.8175             48.5037             -10.4717            -27.3037            49.2645             145.571             
0.361679            26624               20.4998             59.3624             -11.4165            -32.3746            51.3847             185.86              
0.365157            26880               20.9271             62.5339             -11.9189            -33.7244            53.1464             196.375             
0.368635            27136               17.8623             66.2797             -11.5147            -33.4545            50.3961             211.958             
0.372112            27392               18.4502             65.6539             -13.1393            -34.001             56.4081             210.042             
0.37559             27648               23.0612             59.7372             -11.9237            -31.2776            54.2357             186.112             
0.379068            27904               24.9811             59.0802             -11.8538            -32.3524            54.8161             182.851             
0.382546            28160               23.1837             52.7988             -16.7153            -34.6086            70.7235             162.72              
0.386023            28416               19.4117             49.5306             -16.7459            -33.4842            69.2008             155.487             
0.389501            28672               20.3367             45.1064             -12.7357            -28.0523            55.812              139.295             
0.392979            28928               22.4798             37.1356             -9.36126            -22.048             44.6216             109.712             
0.396456            29184               25.4524             30.7999             -9.05321            -20.0169            44.788              85.6552             
0.399934            29440               26.0228             27.3472             -11.6518            -20.5864            53.9482             73.1012             
0.403412            29696               30.7176             30.3915             -11.1117            -21.3661            54.0482             79.3381             
0.406889            29952               34.5645             27.6866             -9.6752             -19.2623            50.7557             66.213              
0.410367            30208               32.0857             22.5194             -8.68108            -16.2277            46.2964             50.8591             
0.413845            30464               27.6693             31.7313             -10.1242            -21.1961            49.515              86.4227             
0.417322            30720               25.2126             33.3046             -10.848             -21.9774            51.0533             93.0799             
0.4208              30976               25.293              35.4644             -10.7731            -21.6628            50.9091             99.3251             
0.424278            31232               26.982              40.5317             -11.1126            -22.3333            52.7715             114.833             
0.427755            31488               24.2175             50.0807             -13.678             -27.1229            60.4586             150.746             
0.431233            31744               22.0622             49.9523             -11.402             -24.3172            51.5975             153.901             
0.434711            32000               23.3733             52.7937             -9.07435            -23.5679            44.2059             163.095             
0.438188            32256               24.6055             52.3198             -9.88063            -24.9951            47.5558             159.764             
0.441666            32512               23.8981             49.4009             -11.3221            -24.7453            52.0982             150.725             
0.445144            32768               25.6026             50.4015             -11.4752            -25.5781            53.4157             153.979             
0.448622            33024               26.8986             48.676              -11.9754            -25.7973            55.7132             147.908             
0.452099            33280               26.2196             41.715              -9.94205            -21.8749            48.5215             124.178             
0.455577            33536               25.3904             42.3005             -7.45263            -20.951             39.5466             126.232             
0.459055            33792               23.2051             38.5563             -7.79383            -20.6973            40.0296             115.009             
0.462532            34048               23.2436             31.7936             -7.91527            -18.6705            40.5631             91.3546             
0.46601             34304               24.6781             29.9816             -8.06665            -18.9084            41.8131             82.9326             
0.469488            34560               26.3043             22.2039             -8.67121            -16.4507            44.7096             53.3045             
0.472965            34816               28.1499             18.4612             -11.8473            -17.9719            56.6667             37.5788             
0.476443            35072               30.4853             19.9635             -15.1049            -21.1861            68.7695             39.897              
0.479921            35328               33.0188             21.0792             -13.9533            -20.3447            65.7809             41.0909             
0.483398            35584               33.2726             23.5491             -13.0279            -20.4714            62.7883             49.7133             
0.486876            35840               31.7856             31.678              -12.0183            -22.8732            58.8685             78.6764             
0.490354            36096               31.9926             37.8253             -10.4502            -23.216             53.4711             99.3053             
0.493831            36352               32.7347             37.7122             -10.0618            -22.1303            52.0714             98.2226             
0.497309            36608               32.8979             41.7411             -11.348             -23.5042            56.6705             111.76              
0.500787            36864               31.7106             49.8915             -12.3946            -26.3118            59.6825             140.378             
0.504265            37120               29.6238             60.0526             -13.8376            -31.1526            64.0732             176.287             
0.507742            37376               28.6465             65.4556             -14.2771            -33.5197            65.2836             196.521             
0.51122             37632               26.6049             70.3916             -10.2922            -32.5723            50.5938             217.031             
0.514698            37888               28.5513             62.9947             -6.72354            -27.1571            38.9361             190.388             
0.518175            38144               31.0874             53.147              -4.66031            -22.9759            32.9003             154.451             
0.521653            38400               35.1214             44.8584             -5.57391            -21.3233            37.912              123.638             
0.525131            38656               34.2155             32.598              -6.94632            -17.9942            42.275              81.8757             
0.528608            38912               33.5783             28.3783             -8.58818            -18.2187            47.5205             68.1546             
0.532086            39168               31.3255             27.2187             -9.53113            -18.9411            49.8958             66.3477             
0.535564            39424               29.9873             27.7173             -9.883              -19.0103            50.3294             69.0349             
0.539041            39680               27.7768             32.0745             -8.4159             -18.5868            44.1792             84.4483             
0.542519            39936               27.0798             43.9043             -9.2987             -24.0252            46.8699             125.102             
0.545997            40192               23.9244             50.1367             -10.2278            -26.3231            49.0514             150.085             
0.549474            40448               24.2103             54.847              -9.80615            -26.0845            47.597              166.209             
0.552952            40704               19.8178             57.877              -12.4061            -28.9084            54.8261             180.598             
0.55643             40960               18.8175             61.8237             -13.4436            -31.9652            58.1518             194.913             
0.559907            41216               23.7188             65.4171             -13.6707            -34.739             60.6172             203.533             
0.563385            41472               26.8831             58.4639             -14.492             -33.4222            64.578              178.131             
0.566863            41728               30.5902             47.4297             -14.911             -30.0264            67.5593             137.488             
0.570341            41984               31.4027             43.5291             -13.9426            -28.7844            64.8356             122.472             
0.573818            42240               32.0128             32.4382             -12.0964            -23.0359            58.9656             83.9116             
0.577296            42496               35.5055             25.6442             -12.449             -20.2944            61.2203             58.5526             
0.580774            42752               33.5217             23.9234             -13.734             -20.6925            64.7177             54.2578             
0.584251            43008               32.8606             25.3152             -11.2387            -18.5343            55.787              59.05               
0.587729            43264               30.3099             28.6741             -9.70124            -18.826             49.5072             72.5436             
0.591207            43520               29.5271             34.0497             -8.17338            -19.4743            44.189              90.4742             
0.594684            43776               30.1993             38.5683             -6.6991             -19.6159            39.374              105.611             
0.598162            44032               29.8571             41.9274             -8.39647            -22.0073            44.9357             117.64              
0.60164             44288               29.6878             54.1946             -10.2113            -27.6224            51.0815             160.17              
0.605117            44544               31.0481             63.0506             -11.5223            -31.9304            56.1903             189.714             
0.608595            44800               30.8381             66.2269             -11.2686            -32.3511            55.144              201.637             
0.612073            45056               27.9255             67.4195             -10.345             -31.8183            50.5377             208.018             
0.61555             45312               27.9743             70.2949             -11.6688            -33.4507            54.9116             218.537             
0.619028            45568               23.6589             71.8916             -12.7439            -34.9349            57.0964             227.929             
0.622506            45824               21.3754             80.2098             -12.9885            -39.2037            57.3839             258.501             
0.625984            46080               24.6237             76.5325             -11.4062            -36.7041            53.077              244.335             
0.629461            46336               29.1763             66.9475             -7.10235            -30.6435            40.1087             207.882             
0.632939            46592               30.0359             51.0364             -5.04976            -23.8298            33.447              153.001             
0.636417            46848               29.5761             44.57               -5.46341            -22.4782            34.6059             131.327             
0.639894            47104               32.4459             40.1658             -4.83521            -20.0753            33.6271             113.083             
0.643372            47360               33.0127             35.5062             -4.13938            -18.169             31.5786             95.3465             
0.64685             47616               31.176              30.7212             -5.09364            -15.8749            33.8099             79.3074             
0.650327            47872               30.6116             35.4869             -6.73141            -17.4637            39.2302             95.1239             
0.653805            48128               29.4562             40.9022             -6.78951            -18.6061            39.0422             114.726             
0.657283            48384               26.8218             43.0637             -6.92932            -19.2523            38.5083             126.104             
0.66076             48640               26.4968             52.9163             -7.69024            -24.4929            41.0857             160.592             
0.664238            48896               25.5808             58.5997             -7.60198            -26.6029            40.5667             180.621             
0.667716            49152               28.4575             55.5215             -6.64315            -23.9824            38.4234             166.907             
0.671193            49408               28.8327             51.093              -7.4734             -23.0877            41.6049             150.894             
0.674671            49664               31.0856             53.4296             -7.90273            -26.4083            44.0189             156.486             
0.678149            49920               33.857              50.6218             -12.8938            -30.8898            62.4936             144.463             
0.681626            50176               34.3499             53.696              -17.3828            -35.8465            78.1942             154.2               
0.685104            50432               36.1409             57.3344             -16.5302            -36.6024            75.9642             165.73              
0.688582            50688               39.728              60.6021             -15.4582            -36.9156            73.8199             175.244             
0.69206             50944               37.1479             53.5014             -15.6592            -33.8524            73.1497             154.038             
0.695537            51200               35.5173             40.6448             -12.3746            -25.912             60.9309             111.371             
0.699015            51456               34.283              56.8436             -9.94923            -31.084             52.1382             167.904             
0.702493            51712               33.446              58.7057             -10.0538            -31.4073            52.1673             174.115             
0.70597             51968               30.996              59.7355             -9.80828            -31.2752            50.7035             179.277             
0.709448            52224               29.287              60.1752             -13.8404            -33.8699            63.8279             181.953             
0.712926            52480               29.5255             56.9019             -16.6293            -33.5278            73.6326             169.833             
0.716403            52736               32.9307             48.208              -16.7564            -29.4242            75.2956             136.45              
0.719881            52992               30.2129             43.0343             -16.0141            -27.0114            71.4451             121.05              
0.723359            53248               27.2878             44.7378             -14.9469            -27.338             66.5969             129.924             
0.726836            53504               28.7238             41.8397             -11.5839            -23.8622            55.2837             119.433             
0.730314            53760               28.0808             36.6381             -10.104             -21.1742            49.6236             101.862             
0.733792            54016               30.2914             40.51               -8.62084            -22.5502            45.5385             112.716             
0.73727             54272               30.6816             42.8865             -10.568             -24.8696            52.4289             120.209             
0.740747            54528               31.4062             41.3886             -9.00041            -21.8413            47.709              114.082             
0.744225            54784               33.6503             43.8347             -7.90643            -21.0998            44.8875             120.619             
0.747703            55040               33.1974             50.4762             -8.21626            -23.503             45.616              144.126             
0.75118             55296               34.7962             53.1198             -8.73698            -24.6758            48.0913             151.615             
0.754658            55552               33.6249             54.8557             -9.85255            -26.4355            51.4828             158.792             
0.758136            55808               31.1592             57.5205             -12.1546            -29.5208            58.4022             169.902             
0.761613            56064               33.1661             63.8442             -10.992             -31.8689            55.0516             190.473             
0.765091            56320               35.2507             64.6477             -14.0971            -34.7832            66.6125             190.984             
0.768569            56576               34.1957             62.3506             -17.0107            -36.242             76.1877             184.725             
0.772046            56832               30.1992             61.8199             -17.1067            -35.9803            74.8927             187.396             
0.775524            57088               32.9534             57.3104             -17.0533            -33.6789            75.8399             171.055             
0.779002            57344               36.2041             59.1076             -16.4485            -33.9278            75.1239             175.772             
0.782479            57600               37.6836             59.5158             -14.3579            -31.9935            68.2961             176.498             
0.785957            57856               41.9619             51.7725             -13.391             -28.6198            66.892              146.148             
0.789435            58112               40.5029             45.8983             -13.3597            -26.5831            66.1389             126.533             
0.792912            58368               37.9232             48.1485             -11.659             -26.7253            59.3089             136.246             
0.79639             58624               34.5988             46.5914             -13.2356            -27.6275            63.426              133.368             
0.799868            58880               30.3118             45.2077             -11.8942            -24.6431            57.0884             130.512             
0.803346            59136               29.282              59.5584             -10.0353            -29.1592            50.2083             180.128             
0.806823            59392               27.1356             72.2582             -11.5387            -35.6705            54.7759             225.368             
0.810301            59648               26.1052             76.4704             -12.4952            -38.0909            57.3642             240.354             
0.813779            59904               26.0945             79.2472             -11.5538            -37.4296            54.1468             250.16              
0.817256            60160               29.0512             76.9003             -10.5043            -35.7721            51.8222             239.341             
0.820734            60416               30.1562             72.1205             -12.123             -35.5452            57.6838             221.408             
0.824212            60672               30.6741             69.1435             -12.3083            -35.0988            58.4115             211.803             
0.827689            60928               31.0506             61.9905             -13.9423            -34.1885            64.4924             187.175             
0.831167            61184               32.1449             54.4688             -11.2461            -29.3342            55.3603             160.832             
0.834645            61440               31.0689             42.4458             -8.35379            -22.4063            44.9941             119.777             
0.838122            61696               34.76               40.3977             -6.70179            -20.3503            41.1546             109.304             
0.8416              61952               36.8229             34.9864             -7.97431            -18.6021            46.1361             89.1378             
0.845078            62208               30.0237             35.6602             -10.167             -21.0525            50.8559             97.4613             
0.848555            62464               29.6871             42.0419             -9.67828            -23.8274            48.9473             120.184             
0.852033            62720               26.9957             43.109              -10.5028            -24.8661            50.7949             125.77              
0.855511            62976               29.5897             47.0881             -11.6887            -27.1932            55.4484             137.822             
0.858989            63232               31.7529             51.6222             -10.0502            -27.5233            50.6823             151.013             
0.862466            63488               31.0399             55.9883             -10.5769            -29.5845            51.9321             166.619             
0.865944            63744               29.2268             63.1549             -8.04263            -29.8358            42.6908             193.772             
0.869422            64000               28.6487             73.2013             -9.32426            -33.7371            47.0565             228.455             
0.872899            64256               33.2531             75.5853             -7.5895             -32.2059            43.1879             232.02              
0.876377            64512               34.6864             74.3004             -10.5659            -34.7036            54.0697             226.8               
0.879855            64768               34.5657             66.3057             -11.9607            -32.5806            59.2263             198.732             
0.883332            65024               32.4524             64.9658             -12.9146            -33.2654            61.4842             197.015             
0.88681             65280               33.6238             53.3094             -11.6318            -28.462             57.0565             157.165             
0.890288            65536               30.2482             41.7889             -10.8756            -24.1387            53.0662             120.981             
0.893765            65792               25.396              41.4368             -12.4302            -25.1806            56.3561             124.573             
0.897243            66048               22.7754             46.7527             -12.5912            -28.6657            55.9323             145.93              
0.900721            66304               26.1537             45.3382             -10.849             -27.0725            51.2747             137.092             
0.904198            66560               26.2205             46.9995             -11.9375            -28.6824            55.0025             140.93              
0.907676            66816               31.0981             44.0659             -11.5764            -27.7746            55.8031             125.773             
0.911154            67072               32.7399             37.1022             -13.3079            -25.3541            62.5278             99.5246             
0.914631            67328               32.2331             33.1414             -11.0912            -20.9964            55.2357             84.9763             
0.918109            67584               33.1418             35.031              -12.6176            -21.6611            60.7913             91.0737             
0.921587            67840               33.3811             33.7217             -9.44488            -18.3789            49.708              87.4365             
0.925065            68096               35.9314             35.8039             -9.37879            -18.6492            50.1849             93.0647             
0.928542            68352               36.0843             35.2575             -10.3637            -19.1359            53.9172             90.2304             
0.93202             68608               32.5046             41.9975             -10.1814            -21.3981            51.6876             116.179             
0.935498            68864               28.2759             50.3233             -7.14143            -22.5491            39.4006             148.362             
0.938975            69120               24.8308             59.2944             -7.77156            -26.7148            40.4335             182.215             
0.942453            69376               25.135              67.4229             -11.8976            -33.3687            55.1473             209.962             
0.945931            69632               23.4966             76.3674             -14.7576            -39.5176            64.3779             242.114             
0.949408            69888               26.7892             72.8682             -14.5738            -37.5023            64.9291             227.014             
0.952886            70144               25.5409             66.7616             -13.8714            -34.3633            61.9299             207.299             
0.956364            70400               26.0233             61.5374             -14.7171            -33.7303            64.7779             187.603             
0.959841            70656               27.15               52.2133             -13.7533            -29.8062            61.8611             154.506             
0.963319            70912               27.8667             48.5156             -12.6853            -28.0387            58.7289             141.834             
0.966797            71168               28.3781             41.3192             -14.3629            -27.2128            65.0315             117.455             
0.970275            71424               29.0721             33.4502             -15.4983            -25.8251            69.206              90.2439             
0.973752            71680               27.5588             31.8138             -16.9355            -27.8151            73.5034             86.9875             
0.97723             71936               26.898              27.1464             -13.8096            -23.2226            62.2126             72.0507             
0.980708            72192               28.9796             27.9243             -11.8489            -22.0588            56.1631             71.6865             
0.984185            72448               31.7818             34.5401             -8.06863            -21.9856            44.3159             92.2022             
0.987663            72704               32.994              30.5268             -7.97356            -18.9581            44.6647             76.2016             
0.991141            72960               32.1521             30.1814             -8.14119            -17.789             45.1596             74.4274             
0.994618            73216               32.6479             46.0911             -9.78054            -25.9098            50.9244             129.379             
0.998096            73472               29.2564             49.0571             -13.6121            -30.1735            62.9599             142.41              
1.00157             73728               30.9787             48.5306             -13.8373            -29.4388            64.4179             139.549             
1.00505             73984               26.7755             46.8214             -18.019             -32.247             76.9145             137.595             
1.00853             74240               28.5594             50.1166             -16.979             -32.6964            73.8303             148.009             
1.01201             74496               31.3201             51.028              -11.4898            -28.2729            55.968              149.287             
1.01548             74752               35.1277             51.3649             -9.70377            -27.0539            51.6442             147.302             
1.01896             75008               34.9047             51.0366             -12.3282            -29.3057            60.7744             145.303             
1.02244             75264               33.1464             51.1497             -12.5476            -29.1573            60.7583             146.475             
1.02592             75520               33.405              51.7519             -12.1204            -28.6159            59.0774             148.51              
1.0294              75776               30.214              53.8788             -9.29735            -26.5879            48.0766             159.414             
1.03287             76032               33.0025             57.4727             -8.91495            -27.4801            47.9246             169.308             
1.03635             76288               34.5014             61.7162             -9.90929            -28.6818            51.7613             181.904             
1.03983             76544               35.7814             63.4512             -11.063             -30.3631            56.2058             186.989             
1.04331             76800               28.1564             64.0498             -9.67065            -29.8368            48.3141             195.44              
1.04678             77056               24.2788             61.6704             -8.46584            -27.6375            42.9295             188.859             
1.05026             77312               26.8101             57.7455             -12.2902            -29.304             57.1001             172.99              
1.05374             77568               26.3448             48.1246             -15.1633            -27.9908            66.7595             141.229             
1.05722             77824               33.0352             39.97               -14.7348            -24.7915            68.0546             108.051             
1.06069             78080               34.8229             36.0955             -17.0544            -26.1137            76.6749             93.7249             
1.06417             78336               33.4572             31.3066             -14.2902            -22.7754            66.6146             78.6686             
1.06765             78592               30.9894             28.7741             -13.6415            -22.0985            63.2525             72.643              
1.07113             78848               28.6188             30.0089             -11.3686            -20.5282            54.0864             79.077              
1.07461             79104               29.7075             34.1961             -10.903             -21.2387            53.0814             92.3103             
1.07808             79360               29.9723             40.1702             -10.1096            -22.9152            50.4963             112.944             
1.08156             79616               29.0593             44.4911             -12.3096            -26.5708            57.7313             127.643             
1.08504             79872               28.6083             48.6324             -10.8957            -27.2808            52.8138             141.56              
1.08852             80128               29.0072             43.5661             -10.753             -24.9018            52.5311             124.142             
1.09199             80384               30.3087             43.3669             -13.0774            -26.1078            61.0463             122.979             
1.09547             80640               34.8705             40.5032             -12.6984            -24.2298            61.5395             110.452             
1.09895             80896               30.4323             44.2241             -13.8312            -26.7893            63.2585             127.896             
1.10243             81152               31.5779             48.1468             -14.0817            -28.9417            64.0667             141.051             
1.1059              81408               33.4345             45.5427             -14.2786            -27.3102            65.5733             129.79              
1.10938             81664               33.2275             55.7311             -14.3612            -32.3851            66.0476             165.192             
1.11286             81920               31.8033             60.2007             -13.6511            -33.7933            63.1643             182.047             
1.11634             82176               33.8876             61.8753             -12.2348            -32.3567            59.1543             184.939             
1.11981             82432               34.8355             65.9276             -11.549             -32.0983            57.4182             197.691             
1.12329             82688               33.6876             65.6194             -9.23808            -29.3042            49.0174             197.797             
1.12677             82944               31.6743             58.8764             -7.53131            -26.0056            42.3309             177.036             
1.13025             83200               30.5396             54.8699             -7.73921            -24.505             42.5891             164.639             
1.13373             83456               30.8561             49.5937             -11.6441            -25.276             56.3545             145.726             
1.1372              83712               31.1029             49.2527             -12.1398            -26.0742            58.0147             143.042             
1.14068             83968               28.9428             48.0853             -13.0037            -26.8937            59.8474             139.921             
1.14416             84224               25.6782             51.4356             -15.0244            -30.4829            65.4146             154.433             
1.14764             84480               25.3154             49.5436             -16.1798            -31.1369            69.0599             148.222             
1.15111             84736               27.7212             45.2223             -15.4164            -29.7926            67.7577             131.758             
1.15459             84992               30.8544             36.054              -15.4405            -26.5747            69.0928             98.0782             
1.15807             85248               32.7191             29.9885             -15.0823            -24.053             68.5535             76.1967             
1.16155             85504               34.4343             27.4953             -13.7008            -22.3297            64.1794             66.7231             
1.16502             85760               32.4475             28.1033             -12.0565            -20.8305            57.5403             69.9814             
1.1685              86016               32.1864             35.7101             -12.1973            -23.6916            57.8865             96.0691             
1.17198             86272               31.3167             43.4026             -10.5084            -24.7837            51.7141             122.509             
1.17546             86528               32.5592             59.8216             -10.8149            -31.1004            53.2239             178.405             
1.17894             86784               32.72               73.6674             -12.0046            -36.4279            57.7432             226.524             
1.18241             87040               33.9201             81.8685             -15.095             -41.3507            69.3197             254.467             
1.18589             87296               29.3566             87.9762             -13.4135            -41.8119            61.9274             279.744             
1.18937             87552               29.6084             80.3654             -13.3562            -38.7785            61.6175             253.319             
1.19285             87808               30.852              74.3255             -11.9137            -35.2101            57.0357             231.197             
1.19632             88064               33.5123             62.2948             -12.8142            -32.0813            61.3955             186.601             
1.1998              88320               32.5324             50.0384             -13.0144            -27.3868            61.9325             144.232             
1.20328             88576               29.1071             40.6474             -11.502             -22.6787            55.0511             113.842             
1.20676             88832               28.965              41.4305             -10.71              -23.0877            52.1589             116.876             
1.21023             89088               33.4976             44.5502             -8.92122            -23.5439            47.6704             124.259             
1.21371             89344               34.4309             44.445              -9.00467            -24.1762            48.6924             121.821             
1.21719             89600               33.8587             41.8668             -12.3555            -25.757             59.9557             112.613             
1.22067             89856               31.3094             40.4627             -13.8593            -26.4937            63.8784             111.422             
1.22415             90112               28.9728             44.7809             -15.2191            -29.0918            67.5394             129.969             
1.22762             90368               27.6888             42.9273             -15.0057            -27.7168            66.1176             125.412             
1.2311              90624               27.8152             41.4696             -13.1539            -26.3987            59.6054             120.307             
1.23458             90880               31.7989             40.1638             -12.537             -26.6845            59.1782             112.251             
1.23806             91136               33.9188             37.3909             -13.1797            -27.1641            62.5891             100.313             
1.24153             91392               31.5966             36.8172             -12.6141            -25.5982            59.98               99.4025             
1.24501             91648               27.2547             39.8901             -12.9633            -26.2769            59.4334             113.583             
1.24849             91904               29.1538             43.95               -13.9421            -28.1143            63.3236             126.097             
1.25197             92160               30.7752             44.1234             -14.5415            -28.0689            65.8969             126.377             
1.25544             92416               30.5663             48.7226             -14.1026            -30.1964            64.4389             142.424             
1.25892             92672               32.24               49.5679             -16.5955            -33.4031            73.7308             143.195             
1.2624              92928               34.4617             46.5642             -14.8156            -29.9549            68.6631             130.764             
1.26588             93184               36.1707             41.8159             -12.8663            -26.166             62.8852             113.519             
1.26936             93440               35.4852             38.2106             -12.8273            -23.398             62.4298             102.216             
1.27283             93696               39.1183             43.7112             -9.67164            -22.1418            52.9082             119.37              
1.27631             93952               41.0944             45.0674             -10.1203            -22.3399            55.3007             122.727             
1.27979             94208               38.4605             43.1272             -6.81078            -19.1739            42.4537             117.9               
1.28327             94464               37.4227             42.8853             -8.77469            -21.5892            48.8585             117.56              
1.28674             94720               30.7551             45.6045             -13.9077            -27.4435            63.9469             132.266             
1.29022             94976               31.6664             46.0438             -14.0162            -28.2325            64.9423             133.057             
1.2937              95232               30.659              48.4873             -15.2811            -30.3567            68.7025             141.527             
1.29718             95488               28.11               54.9654             -15.6179            -32.2875            68.7694             164.986             
1.30065             95744               28.0685             67.962              -14.9133            -36.2735            66.437              210.061             
1.30413             96000               26.6304             69.5946             -16.5729            -37.3856            71.4008             217.934             
1.30761             96256               30.5089             74.9564             -14.3245            -37.7043            64.7164             234.726             
1.31109             96512               31.5341             67.4477             -11.2324            -33.1912            54.3563             207.721             
1.31457             96768               31.7301             58.5588             -9.68249            -28.6175            49.1937             176.072             
1.31804             97024               36.3164             50.8215             -9.20984            -25.243             49.644              145.959             
1.32152             97280               36.9335             47.7059             -9.0963             -25.1406            49.6392             135.198             
1.325               97536               36.1403             43.3027             -9.66264            -24.1304            51.5248             119.449             
1.32848             97792               31.9583             35.943              -9.91933            -21.7411            50.7956             96.8464             
1.33195             98048               31.0802             35.3679             -8.28035            -20.279             44.9834             94.6418             
1.33543             98304               31.5395             28.7106             -9.56743            -19.2663            49.2145             70.3986             
1.33891             98560               30.7036             26.9128             -7.02342            -16.623             40.3337             64.818              
1.34239             98816               29.949              25.354              -6.31716            -15.269             37.515              60.0284             
1.34586             99072               33.2809             23.581              -6.55679            -15.5659            39.9178             50.407              
1.34934             99328               33.0624             27.2643             -7.9699             -18.1311            44.3799             62.3391             
1.35282             99584               33.711              33.6997             -5.53984            -18.3083            35.9851             83.8541             
1.3563              99840               29.0906             39.7183             -7.66162            -21.6584            41.4805             109.599             
1.35978             100096              28.2488             44.7739             -7.55116            -23.2697            40.7156             129.218             
1.36325             100352              25.3285             49.0124             -7.85008            -24.1235            40.8525             147.55              
1.36673             100608              27.4485             54.7699             -7.94749            -26.1357            41.9234             166.415             
1.37021             100864              29.6235             57.5923             -6.95948            -26.1001            39.3076             174.225             
1.37369             101120              29.0924             59.9625             -7.6364             -27.406             41.4667             183.157             
1.37716             101376              30.3497             60.2568             -6.84057            -26.5857            39.2562             182.597             
1.38064             101632              27.9139             61.3385             -6.91042            -27.2669            38.239              188.857             
1.38412             101888              29.1334             55.5713             -9.89047            -27.6269            48.8579             167.222             
1.3876              102144              31.5571             52.2321             -10.7452            -27.239             52.624              152.721             
1.39107             102400              32.7955             52.1945             -9.80444            -26.3797            50.1219             151.63              
1.39455             102656              37.806              55.2623             -7.76493            -25.5075            45.0403             158.285             
1.39803             102912              37.7794             53.699              -8.46961            -25.6467            47.4545             152.326             
1.40151             103168              32.2209             53.488              -7.28015            -24.9889            41.2445             156.466             
1.40499             103424              30.0192             57.9216             -6.80785            -26.7302            38.8219             173.513             
1.40846             103680              30.7021             59.518              -5.68397            -25.6842            35.6347             177.626             
1.41194             103936              29.1526             55.636              -9.87515            -26.7138            49.5821             165.794             
1.41542             104192              32.2429             56.3722             -10.3935            -28.2014            52.574              165.832             
1.4189              104448              33.6638             60.5632             -13.4874            -33.3555            63.8091             179.47              
1.42237             104704              30.3033             61.8699             -16.2538            -35.612             71.9318             186.868             
1.42585             104960              29.7613             58.7344             -16.3843            -34.2411            72.1312             176.954             
1.42933             105216              29.3451             57.7297             -17.827             -35.7062            76.6223             175.175             
1.43281             105472              26.7552             50.1277             -18.6542            -33.3823            78.21               151.86              
1.43628             105728              30.3081             51.4787             -15.132             -31.6211            67.3801             153.84              
1.43976             105984              31.8324             51.0648             -12.7774            -29.8093            60.0196             152.098             
1.44324             106240              32.7662             47.8294             -10.1521            -26.2882            51.3382             140.21              
1.44672             106496              35.8126             43.9543             -9.68393            -24.3336            51.1516             123.55              
1.4502              106752              38.9838             42.2722             -9.85768            -23.0916            53.2128             113.582             
1.45367             107008              36.8594             41.7253             -9.41493            -21.8054            50.6581             112.348             
1.45715             107264              33.2373             44.6017             -12.02              -25.1001            57.9448             125.223             
1.46063             107520              27.6872             45.269              -12.8207            -25.9793            58.577              132.293             
1.46411             107776              25.3636             47.1991             -12.2879            -26.5388            55.8273             140.458             
1.46758             108032              31.6966             41.4062             -10.4478            -22.839             52.2637             114.612             
1.47106             108288              33.9036             40.5755             -8.57401            -21.8517            46.7033             109.144             
1.47454             108544              33.2566             42.3353             -10.1239            -24.0656            51.8538             114.763             
1.47802             108800              32.7163             46.4118             -9.25911            -25.1523            48.9606             129.49              
1.48149             109056              29.8817             51.1336             -13.4297            -29.8898            62.2109             148.213             
1.48497             109312              30.7581             55.5989             -13.1231            -30.8864            61.4952             163                 
1.48845             109568              28.9672             64.8063             -13.3694            -34.6059            61.6219             196.779             
1.49193             109824              29.0522             73.7477             -15.7728            -40.1796            70.0091             228.5               
1.49541             110080              31.2165             82.2129             -14.912             -42.54              67.7211             256.854             
1.49888             110336              29.8307             85.7574             -14.3014            -43.0957            64.983              272.061             
1.50236             110592              24.8735             83.85               -12.2027            -40.1162            55.6801             270.235             
1.50584             110848              20.7896             81.0889             -12.4904            -39.6047            54.7933             264.255             
1.50932             111104              23.5227             73.0499             -9.29591            -34.5146            44.7192             233.64              
1.51279             111360              24.0942             73.3816             -9.97295            -36.0298            47.4789             233.93              
1.51627             111616              28.9306             72.8885             -9.25936            -35.053             47.1936             227.447             
1.51975             111872              32.1305             72.1949             -7.27797            -31.7315            41.8878             221.577             
1.52323             112128              29.3779             61.6598             -7.09987            -26.3996            40.0546             186.928             
1.5267              112384              27.5388             53.2514             -8.95109            -24.9883            45.469              159.745             
1.53018             112640              26.6247             48.9831             -10.6658            -25.4161            50.8221             145.951             
1.53366             112896              29.4302             43.5711             -9.59734            -22.5396            48.0645             125.367             
1.53714             113152              29.8546             35.9626             -10.5203            -21.0594            51.5581             98.6311             
1.54062             113408              27.6567             32.0754             -8.4321             -18.2497            43.4099             87.9548             
1.54409             113664              27.9602             27.3606             -6.20298            -15.1572            35.9085             71.0872             
1.54757             113920              27.5637             29.3356             -8.59958            -18.6082            44.0157             77.7783             
1.55105             114176              28.3226             27.7111             -7.8059             -17.2092            41.5636             71.1135             
1.55453             114432              32.2643             32.2707             -8.69663            -19.6484            46.1471             83.563              
1.558               114688              33.5519             42.3179             -10.1153            -24.453             51.8986             116.669             
1.56148             114944              31.6495             48.2979             -13.1048            -28.469             61.2205             138.71              
1.56496             115200              32.0462             51.2879             -13.6239            -29.8578            63.2023             148.623             
1.56844             115456              31.3375             49.1561             -12.2933            -27.8679            58.198              142.364             
1.57191             115712              27.5693             44.0326             -11.4652            -24.7958            53.9317             127.682             
1.57539             115968              28.5683             39.5774             -12.6266            -24.6924            58.4992             111.152             
1.57887             116224              32.8715             41.4335             -13.2558            -26.9569            62.1968             114.369             
1.58235             116480              37.9631             50.5965             -9.19131            -26.8686            50.2916             142.277             
1.58582             116736              38.9066             61.2779             -10.2534            -31.9668            54.3974             178.313             
1.5893              116992              37.5758             67.3824             -10.5861            -34.1536            54.9658             200.05              
1.59278             117248              32.9803             66.1014             -11.6614            -33.4879            57.0673             198.311             
1.59626             117504              32.0468             66.2223             -11.8333            -33.1461            57.4246             199.296             
1.59974             117760              33.1288             72.7318             -14.4314            -38.2911            67.0177             221.608             
1.60321             118016              33.5311             71.3373             -16.2231            -38.9409            73.433              216.799             
1.60669             118272              30.0912             65.841              -17.5151            -38.4776            76.5653             200.992             
1.61017             118528              28.9113             59.0192             -20.0605            -37.3611            84.8558             178.402             
1.61365             118784              31.6925             52.3894             -16.7647            -32.1457            74.252              154.488             
1.61712             119040              29.6712             47.9019             -15.0134            -29.6656            67.2271             141.812             
1.6206              119296              28.1679             44.1852             -13.4063            -27.4962            60.9255             129.606             
1.62408             119552              29.4129             39.5379             -12.9329            -25.1961            59.7761             111.073             
1.62756             119808              27.8921             33.4121             -12.0385            -22.4564            56.1308             90.4838             
1.63103             120064              30.1017             31.4851             -10.1894            -19.5775            50.6474             81.1858             
1.63451             120320              30.9677             32.4431             -7.89539            -17.7721            43.0036             83.1094             
1.63799             120576              33.2812             32.3193             -8.72202            -18.5037            46.6258             80.4959             
1.64147             120832              27.5219             34.2725             -9.52686            -19.3516            47.1507             93.3433             
1.64495             121088              24.7778             42.7605             -9.66476            -23.4089            46.7366             125.068             
1.64842             121344              27.0901             46.8845             -10.8356            -25.9005            51.8414             137.942             
1.6519              121600              30.9812             49.287              -9.34796            -25.2055            48.0729             143.837             
1.65538             121856              31.8871             51.8236             -11.4919            -27.318             55.6663             152.074             
1.65886             122112              29.2325             61.8917             -13.9091            -32.3172            62.9362             188.03              
1.66233             122368              26.3266             61.8609             -14.6392            -32.3156            64.5313             190.17              
1.66581             122624              26.1499             64.9136             -12.6331            -31.2496            57.643              202.261             
1.66929             122880              27.6688             68.9686             -14.484             -34.5887            64.6775             215.684             
1.67277             123136              32.0138             67.0519             -14.8008            -34.8827            67.236              205.992             
1.67624             123392              31.467              59.9927             -15.4487            -33.2184            69.022              182.701             
1.67972             123648              31.2331             55.8531             -10.0476            -28.0633            50.3813             168.361             
1.6832              123904              34.5798             54.4164             -7.29741            -25.9345            42.2973             159.882             
1.68668             124160              36.1653             54.2325             -5.36769            -24.6442            36.3926             156.05              
1.69016             124416              33.9283             54.3153             -8.4832             -27.3384            46.5685             157.642             
1.69363             124672              32.0595             49.5885             -12.3886            -28.6451            59.1629             142.085             
1.69711             124928              31.3325             51.9216             -12.894             -29.0603            60.7716             150.742             
1.70059             125184              31.7472             59.6621             -14.3056            -32.3931            65.7304             178.718             
1.70407             125440              31.6658             61.8636             -13.9501            -32.6627            64.5882             186.868             
1.70754             125696              30.4123             57.31               -19.1193            -34.6942            81.5468             172.602             
1.71102             125952              29.1867             58.3066             -18.231             -34.1554            77.9495             176.749             
1.7145              126208              26.0417             53.7288             -16.8398            -31.3909            71.775              163.549             
1.71798             126464              24.9098             53.8026             -15.8964            -31.4878            67.8654             166.048             
1.72145             126720              30.1062             46.0337             -15.8159            -29.5471            69.9534             135.515             
1.72493             126976              31.6725             41.7917             -14.6815            -28.2581            66.6544             119.991             
1.72841             127232              29.694              36.7193             -14.1399            -26.3641            64.0519             104.086             
1.73189             127488              34.5233             35.7175             -11.8233            -24.0652            57.9851             95.2924             
1.73537             127744              38.8124             26.4272             -9.03343            -16.5046            49.9098             57.5768             
1.73884             128000              39.3531             23.6626             -8.89902            -15.209             49.9313             46.0795             
1.74232             128256              38.3588             21.5941             -8.66994            -14.2955            48.7041             39.7486             
1.7458              128512              33.9439             31.2896             -9.4348             -18.4262            49.4977             76.9337             
1.74928             128768              31.9571             41.2362             -8.49838            -21.0121            45.5806             113.487             
1.75275             129024              32.2296             44.6315             -11.1062            -23.8366            55.0554             125.324             
1.75623             129280              31.4806             48.964              -13.2425            -26.0205            62.0429             141.382             
1.75971             129536              28.6728             53.2896             -13.4667            -28.0948            61.2259             159.601             
1.76319             129792              30.7021             67.2422             -13.3797            -33.4737            61.78               206.349             
1.76666             130048              28.8295             69.9494             -14.4074            -35.2153            64.5517             217.612             
1.77014             130304              29.0689             76.3274             -13.5988            -37.3755            62.0218             239.587             
1.77362             130560              30.3687             81.7687             -12.1029            -37.7616            57.3673             257.068             
1.7771              130816              32.2052             79.6779             -14.2282            -38.4254            65.3651             247.913             
1.78058             131072              30.2213             74.3038             -14.2603            -37.1595            64.9442             231.575             
1.78405             131328              26.4856             64.2949             -17.9183            -36.837             76.0579             199.9               
1.78753             131584              25.0071             56.7682             -18.978             -35.0822            78.8147             174.855             
1.79101             131840              26.9959             46.4864             -17.089             -30.1991            73.3432             136.723             
1.79449             132096              28.3054             39.2466             -15.785             -26.6376            69.0769             110.302             
1.79796             132352              29.9195             33.558              -12.9255            -22.8598            59.877              89.1163             
1.80144             132608              31.702              28.8653             -11.6151            -20.5098            56.2437             70.5325             
1.80492             132864              29.1665             27.2506             -12.5844            -21.1447            58.5015             66.9865             
1.8084              133120              26.1431             28.8672             -11.4756            -21.1595            53.6421             75.4774             
1.81187             133376              30.319              39.2586             -13.6448            -26.9062            63.2314             106.949             
1.81535             133632              33.4165             43.4657             -12.5034            -26.6388            60.4473             117.892             
1.81883             133888              33.3818             49.4297             -17.7483            -32.4146            78.5426             137.855             
1.82231             134144              31.7014             49.2276             -18.615             -32.5093            81.159              138.965             
1.82579             134400              31.0262             49.2476             -17.5784            -32.4208            77.1854             140.505             
1.82926             134656              31.1753             46.6115             -17.1406            -31.1734            75.7749             131.935             
1.83274             134912              32.2038             47.0331             -17.4403            -31.8038            77.1035             133.975             
1.83622             135168              28.2125             47.323              -16.4682            -30.9777            71.8726             139.233             
1.8397              135424              29.6963             39.8212             -16.55              -27.388             72.5293             111.717             
1.84317             135680              30.106              40.0195             -14.4537            -25.856             65.4194             112.258             
1.84665             135936              29.9736             43.4201             -11.5913            -24.8554            55.6733             124.074             
1.85013             136192              31.2941             52.8778             -8.93558            -25.9606            46.9442             154.959             
1.85361             136448              33.8882             59.2239             -7.45023            -26.9895            43.0415             173.849             
1.85708             136704              31.0971             56.9663             -8.45896            -26.6888            45.481              168.237             
1.86056             136960              29.2235             53.6802             -10.6469            -27.4339            52.3666             159.291             
1.86404             137216              28.5571             54.505              -13.2078            -29.3441            60.8803             163.305             
1.86752             137472              28.9743             48.5304             -12.001             -26.2596            56.8038             142.322             
1.871               137728              30.3561             53.0993             -12.2909            -29.2134            58.4022             156.511             
1.87447             137984              32.3224             54.7875             -12.7525            -31.0392            61.1254             160.488             
1.87795             138240              29.8966             52.3847             -13.3693            -30.2733            62.0664             153.53              
1.88143             138496              29.1859             47.6673             -12.7617            -27.5263            59.7187             137.52              
1.88491             138752              25.9504             47.0873             -15.0503            -29.2571            66.1599             137.543             
1.88838             139008              26.7678             49.159              -15.3848            -30.3987            67.4584             144.76              
1.89186             139264              27.8554             42.3337             -14.848             -27.4662            65.6902             121.815             
1.89534             139520              32.9889             39.1374             -14.1794            -26.6857            65.4133             107.194             
1.89882             139776              32.8059             38.9186             -13.659             -26.5605            63.571              106.701             
1.90229             140032              32.6174             38.1433             -12.8879            -25.5113            60.6477             103.428             
1.90577             140288              33.5996             43.3383             -10.7384            -25.8168            53.6793             119.34              
1.90925             140544              33.941              50.5174             -8.89618            -26.8292            47.4548             144.116             
1.91273             140800              32.5331             49.9176             -12.3618            -28.8241            59.1762             143.442             
1.91621             141056              30.2511             47.2986             -14.2537            -28.1835            64.9845             137.054             
1.91968             141312              26.2807             41.5815             -16.4546            -27.5877            70.9072             121.478             
1.92316             141568              28.4421             37.9817             -15.2208            -25.6128            67.3305             107.254             
1.92664             141824              31.8767             40.6854             -12.6185            -25.0386            59.8058             113.449             
1.93012             142080              31.0848             46.0899             -13.4336            -27.9717            62.3046             132.771             
1.93359             142336              30.7701             44.4402             -11.0465            -25.0262            53.902              126.922             
1.93707             142592              30.9376             47.4209             -9.26315            -25.6358            47.9921             136.834             
1.94055             142848              31.2586             52.6185             -10.1728            -29.4327            51.3347             155.184             
1.94403             143104              31.4023             49.6746             -10.467             -28.3345            52.4171             144.207             
1.9475              143360              35.6127             50.3793             -13.6304            -30.7822            65.3614             141.486             
1.95098             143616              33.7867             53.5969             -17.1707            -34.0483            76.898              153.367             
1.95446             143872              32.915              55.2609             -19.5932            -35.1475            84.5829             159.953             
1.95794             144128              33.8427             64.9833             -17.0884            -35.8506            76.3341             192.939             
1.96142             144384              32.9219             71.7666             -15.8171            -36.9612            71.7988             218.192             
1.96489             144640              30.4417             69.5009             -13.245             -34.7562            61.728              213.194             
1.96837             144896              29.5472             69.4937             -10.8863            -33.6471            53.3359             214.33              
1.97185             145152              32.9579             67.9659             -9.81149            -31.9999            51.1876             206.705             
1.97533             145408              35.7806             58.0845             -10.0592            -28.8953            53.0422             170.935             
1.9788              145664              33.7142             53.4422             -11.8745            -29.9992            58.6081             156.771             
1.98228             145920              29.874              53.2681             -10.8658            -30.6854            53.396              159.261             
1.98576             146176              25.4656             54.7293             -10.8732            -32.3468            51.6808             167.228             
1.98924             146432              26.6947             47.5438             -13.0245            -31.4727            59.5149             140.965             
1.99271             146688              29.3155             40.2764             -11.3093            -26.5741            54.7526             113.703             
1.99619             146944              32.4568             32.5006             -9.55252            -21.3916            49.9161             84.1173             
1.99967             147200              33.2459             31.8818             -10.3446            -21.4942            52.8012             81.6203             
