#Time               nTime               force-x             force-y             force-z             moment-x            moment-y            moment-z            
0                   0                   2.62934e-05         0.00173652          -0.000678997        -0.00127838         0.00154192          0.00377541          
0.00347769          256                 0.767526            18.7807             -1.60878            -16.3857            4.21773             39.3484             
0.00695537          512                 14.0674             -329.589            77.9736             331.957             -182.784            -809.545            
0.0104331           768                 78.9354             -63.3291            -28.592             62.2548             153.095             -28.8392            
0.0139107           1024                32.636              -477.457            6.14931             460.471             21.7602             -945.941            
0.0173884           1280                20.4281             -493.683            -4.48695            482.822             31.4266             -1031.63            
0.0208661           1536                -1.0868             -332.268            3.75305             309.887             -13.2071            -707.944            
0.0243438           1792                -14.1658            49.7934             15.1707             -68.0899            -49.2262            100.231             
0.0278215           2048                -14.4681            224.186             17.6696             -233.014            -53.0385            468.428             
0.0312992           2304                -9.91821            88.3143             11.2211             -91.1469            -33.654             179.588             
0.0347769           2560                -1.09491            28.3013             5.76511             -28.1365            -12.8988            55.791              
0.0382545           2816                -0.914948           43.4781             4.34388             -46.8315            -9.74076            96.0407             
0.0417322           3072                -4.72396            35.0348             8.98164             -40.459             -24.1101            72.2779             
0.0452099           3328                -1.81177            -8.98825            9.37481             2.98698             -22.3558            -18.8196            
0.0486876           3584                2.04644             -40.8015            7.32958             34.4235             -14.0941            -83.4144            
0.0521653           3840                2.11008             -52.1482            8.59982             45.1533             -16.7952            -107.665            
0.055643            4096                1.9122              -50.807             9.39536             42.9603             -18.6988            -105.449            
0.0591207           4352                2.06136             -56.2226            10.2669             48.1915             -20.4818            -118.876            
0.0625984           4608                1.31816             -60.5653            10.6032             52.7489             -22.0233            -130.664            
0.066076            4864                0.865206            -63.2904            11.608              55.3188             -24.5408            -137.081            
0.0695537           5120                1.12393             -63.9982            12.3322             56.1122             -26.022             -138.648            
0.0730314           5376                1.18613             -67.2247            12.9403             58.9538             -27.3873            -144.484            
0.0765091           5632                0.717367            -67.9469            13.6715             59.3859             -29.4351            -145.173            
0.0799868           5888                0.368208            -68.6375            14.171              59.528              -30.805             -145.212            
0.0834645           6144                0.0941299           -69.3552            14.595              59.375              -31.8766            -144.782            
0.0869422           6400                0.0248499           -72.0502            15.6879             61.2081             -34.2295            -149.467            
0.0904198           6656                -0.00474653         -75.6851            16.7401             64.0394             -36.4746            -156.683            
0.0938975           6912                -0.0227793          -77.0669            17.263              65.0768             -37.6012            -159.935            
0.0973752           7168                -0.0673226          -77.0706            18.3295             65.1263             -40.0928            -161.163            
0.100853            7424                -0.204544           -79.4976            18.9089             67.2203             -41.829             -168.231            
0.104331            7680                -0.268721           -78.9963            19.638              66.9233             -43.6688            -169.362            
0.107808            7936                -0.220985           -74.9045            19.6557             63.4418             -43.8128            -162.199            
0.111286            8192                -0.222461           -70.6356            19.22               59.8646             -43.3055            -154.848            
0.114764            8448                0.284727            -68.1009            18.5068             58.4978             -41.9186            -151.679            
0.118241            8704                0.667457            -60.2306            17.4081             52.1854             -39.725             -136.617            
0.121719            8960                0.957337            -49.7189            15.7806             42.8428             -36.2996            -115.243            
0.125197            9216                1.09925             -39.1682            14.3165             33.9322             -33.3391            -94.0058            
0.128674            9472                0.906518            -30.1507            13.326              26.1812             -31.4879            -75.5784            
0.132152            9728                0.568329            -23.9356            12.5524             21.1807             -30.1576            -62.2447            
0.13563             9984                0.274264            -14.9942            11.5876             13.314              -27.9516            -42.5503            
0.139107            10240               0.417533            -0.824108           9.79161             0.186403            -23.1713            -11.3072            
0.142585            10496               0.509312            10.6941             8.21876             -10.6643            -19.0703            14.857              
0.146063            10752               0.641134            19.1548             6.9239              -18.6886            -15.2744            34.8907             
0.149541            11008               0.759115            25.5875             6.14167             -25.1769            -12.674             50.6129             
0.153018            11264               0.717661            34.767              5.37154             -33.8149            -10.2862            71.6697             
0.156496            11520               0.029222            38.7677             5.68679             -37.8944            -11.0004            79.9514             
0.159974            11776               0.371865            39.2753             5.99021             -38.9651            -11.124             81.6271             
0.163451            12032               0.422598            39.7793             7.52043             -38.7371            -14.1705            82.1253             
0.166929            12288               0.512498            37.768              8.02134             -36.3522            -15.167             78.6533             
0.170407            12544               0.746845            36.2634             9.72768             -35.5773            -18.4945            76.3363             
0.173884            12800               1.02682             36.3683             9.38288             -35.7361            -17.6714            77.3379             
0.177362            13056               0.437752            30.4911             10.2893             -29.7968            -20.278             65.1009             
0.18084             13312               0.328552            24.7208             10.609              -23.9665            -21.2346            53.1657             
0.184317            13568               1.06999             21.563              10.4665             -20.7855            -20.3696            46.458              
0.187795            13824               1.64747             20.4598             11.3163             -19.919             -21.6211            43.6857             
0.191273            14080               1.41121             19.2673             11.751              -18.9324            -22.8782            39.5462             
0.19475             14336               1.76142             15.6629             12.7023             -15.9922            -24.8518            30.8596             
0.198228            14592               1.78945             15.3691             14.1369             -15.6261            -27.8263            29.0233             
0.201706            14848               2.1206              19.4886             14.2099             -19.4807            -28.0802            37.4302             
0.205183            15104               1.73167             16.9748             14.3719             -16.7911            -28.9387            31.0745             
0.208661            15360               2.06603             17.1583             15.1021             -16.8037            -30.6418            31.7163             
0.212139            15616               1.83276             17.6091             15.0893             -16.7696            -31.2418            32.8193             
0.215617            15872               1.98644             15.7393             14.2895             -14.7689            -29.3017            30.4197             
0.219094            16128               1.54106             16.0437             13.5814             -14.3377            -28.3004            30.1615             
0.222572            16384               1.92101             18.5585             14.4139             -17.0337            -29.6702            34.9422             
0.22605             16640               1.06835             15.5257             14.0325             -14.5137            -29.4951            28.4232             
0.229527            16896               2.36446             15.386              14.4701             -14.0449            -28.7374            28.5966             
0.233005            17152               2.14984             19.1641             12.3497             -17.8883            -24.0902            37.3895             
0.236483            17408               1.47929             22.5517             10.5877             -20.7617            -21.0271            44.5328             
0.23996             17664               1.30943             20.5604             11.1416             -19.4145            -22.9049            40.7167             
0.243438            17920               1.66183             17.4276             11.4388             -15.9011            -22.9894            35.4512             
0.246916            18176               2.65079             15.1846             11.5593             -13.9183            -22.3059            31.1773             
0.250393            18432               1.90934             15.4135             11.1432             -13.9857            -22.0053            30.9382             
0.253871            18688               2.61733             11.8325             11.6828             -10.705             -22.5227            23.7377             
0.257349            18944               2.94162             13.9393             10.8523             -11.7946            -20.5827            27.7187             
0.260826            19200               3.42657             10.7748             12.2363             -9.53074            -22.6052            21.3464             
0.264304            19456               3.40113             15.5747             11.5392             -13.9047            -20.9518            31.2231             
0.267782            19712               2.64401             14.7528             12.5773             -13.6962            -23.9943            28.8816             
0.27126             19968               2.94483             15.3989             12.0153             -13.8475            -22.7527            30.4443             
0.274737            20224               2.85957             17.1029             13.7729             -15.0045            -26.6849            33.1348             
0.278215            20480               3.21644             14.8462             13.9333             -13.0178            -26.6538            28.5868             
0.281693            20736               3.42366             12.4715             13.4679             -10.6588            -25.6776            24.2108             
0.28517             20992               3.70955             11.56               14.9215             -9.99771            -28.7366            21.936              
0.288648            21248               4.09792             9.73746             12.7283             -6.78486            -23.5071            18.0409             
0.292126            21504               4.34158             6.88137             13.9885             -4.63317            -26.1024            11.6202             
0.295603            21760               4.54246             7.40784             13.4165             -4.62257            -24.6215            13.48               
0.299081            22016               4.96309             9.51734             13.7157             -6.85006            -25.1156            17.7278             
0.302559            22272               4.73906             7.69393             12.9789             -4.97085            -23.9068            14.126              
0.306036            22528               3.84907             9.6945              13.1272             -7.50058            -25.1563            17.1579             
0.309514            22784               4.52835             8.07123             13.1146             -5.80106            -24.5418            14.5369             
0.312992            23040               5.70883             9.45359             12.6554             -5.75724            -21.8988            17.52               
0.316469            23296               4.33249             11.8949             13.8676             -9.07169            -25.9091            22.1399             
0.319947            23552               4.2588              10.7452             12.6327             -7.91257            -23.473             20.395              
0.323425            23808               4.17768             11.349              12.8893             -8.77846            -24.146             21.7059             
0.326903            24064               3.66796             13.0821             12.5623             -10.4883            -23.5413            25.2307             
0.33038             24320               4.00921             16.7551             12.9519             -13.4194            -24.2827            33.0295             
0.333858            24576               4.59252             18.4435             12.7648             -14.41              -23.1196            37.0064             
0.337336            24832               4.64962             15.9865             13.7488             -12.881             -25.1396            31.1695             
0.340813            25088               3.86666             13.0981             15.8104             -10.939             -30.3246            24.4367             
0.344291            25344               3.56058             9.93036             16.6768             -8.53274            -32.4283            17.1157             
0.347769            25600               4.37192             10.8279             15.0838             -8.94634            -28.0744            19.6584             
0.351246            25856               4.19561             7.67613             13.9541             -5.27139            -26.148             12.5188             
0.354724            26112               5.39772             3.29323             14.1928             -1.48532            -25.814             4.08857             
0.358202            26368               3.21697             2.2968              13.7414             0.0898436           -27.2179            0.653913            
0.361679            26624               4.27085             -1.01321            14.9314             3.63018             -28.7618            -6.28761            
0.365157            26880               5.28658             -2.00562            14.3676             4.19468             -26.619             -8.29577            
0.368635            27136               4.81729             -0.960919           15.1309             2.79311             -28.8278            -6.55346            
0.372112            27392               4.8393              0.49159             15.9997             1.81047             -30.2296            -3.83118            
0.37559             27648               5.31556             1.09883             16.2858             0.976549            -30.2072            -1.35748            
0.379068            27904               4.57908             -1.37535            16.7905             2.89933             -31.9686            -6.72814            
0.382546            28160               4.67716             -0.334208           16.3826             2.64337             -31.7567            -4.68907            
0.386023            28416               4.61301             -3.10462            15.7497             5.57951             -30.3559            -10.1365            
0.389501            28672               4.35953             -4.70751            15.976              7.1589              -31.0145            -14.495             
0.392979            28928               5.51353             -0.328117           15.144              2.9016              -28.0259            -3.4743             
0.396456            29184               4.56378             -3.87889            15.2711             5.78414             -29.1299            -10.8324            
0.399934            29440               4.79655             -1.80119            15.0657             3.10405             -28.6755            -6.71165            
0.403412            29696               5.3266              0.563131            14.9567             1.52974             -28.0112            -1.69145            
0.406889            29952               3.98499             4.89355             14.5843             -2.05467            -28.5145            6.43982             
0.410367            30208               3.56125             7.85158             15.006              -4.92498            -29.6892            13.1856             
0.413845            30464               5.11056             6.57799             14.3436             -3.20803            -26.6314            11.3007             
0.417322            30720               5.71571             3.07881             13.8849             -0.48209            -25.0009            4.34739             
0.4208              30976               5.43213             1.98659             14.8641             0.443858            -27.2695            1.71255             
0.424278            31232               3.41564             5.10142             16.1214             -2.58599            -31.9073            5.86933             
0.427755            31488               4.5551              5.41619             15.5059             -3.41937            -29.4032            7.88506             
0.431233            31744               4.0515              1.21556             14.7651             -0.0327622          -28.3337            -0.699582           
0.434711            32000               4.62334             1.086               14.4066             1.00672             -27.1327            -1.21395            
0.438188            32256               4.41065             -1.06655            16.2536             2.63799             -31.3187            -6.71965            
0.441666            32512               5.03646             -1.36665            16.3967             2.85286             -30.7058            -6.92452            
0.445144            32768               4.59057             1.19773             16.3447             -0.352276           -31.073             -1.36713            
0.448622            33024               4.79396             -1.67973            15.4053             2.6378              -29.2683            -7.25024            
0.452099            33280               4.35558             -1.55993            15.6576             3.07785             -30.3219            -7.01002            
0.455577            33536               5.13598             0.246184            15.936              1.60724             -29.9846            -2.92589            
0.459055            33792               4.90431             3.01409             16.3038             -1.18285            -30.6906            2.67283             
0.462532            34048               3.64275             4.98792             16.2176             -3.35915            -31.7111            5.33039             
0.46601             34304               5.78576             0.00205336          15.956              1.20791             -29.1595            -3.04078            
0.469488            34560               4.95251             4.96757             15.7421             -3.05006            -29.4857            6.56033             
0.472965            34816               5.94233             3.19059             16.1125             -1.31462            -29.3639            3.08256             
0.476443            35072               4.92431             1.97837             16.4421             -0.721598           -31.1176            0.731505            
0.479921            35328               5.06865             -0.433555           16.0449             0.972386            -30.1793            -3.36634            
0.483398            35584               4.7241              4.83492             15.3205             -2.71332            -28.8736            8.11219             
0.486876            35840               5.48534             2.91746             16.5599             -0.99107            -31.2172            4.46714             
0.490354            36096               5.31452             2.56872             15.9406             -1.43721            -29.6025            3.11259             
0.493831            36352               4.51406             4.692               16.2663             -3.66702            -31.3457            7.21928             
0.497309            36608               4.88376             6.04471             16.3125             -5.11971            -30.9283            9.5507              
0.500787            36864               4.70555             5.7702              16.0607             -3.6149             -30.1129            8.85403             
0.504265            37120               4.75015             3.48131             16.8384             -2.36529            -31.7051            3.63005             
0.507742            37376               4.58771             5.51454             15.8189             -3.70995            -29.8167            7.39611             
0.51122             37632               4.97507             2.63863             16.3895             -0.361182           -31.0961            1.17674             
0.514698            37888               4.53673             3.94637             16.0829             -1.21216            -31.0902            3.27589             
0.518175            38144               4.92656             2.33647             17.512              -0.629499           -33.735             0.375942            
0.521653            38400               4.69757             3.37541             16.2478             -2.23631            -31.4364            2.77678             
0.525131            38656               4.04264             1.74526             15.7061             -0.10759            -30.85              -0.925836           
0.528608            38912               5.37255             0.247077            16.0653             1.39291             -30.288             -2.86949            
0.532086            39168               5.73565             -2.25564            15.7408             4.11822             -29.0797            -8.04861            
0.535564            39424               4.88216             -0.127925           15.8706             1.16479             -30.2683            -4.38662            
0.539041            39680               5.18931             2.00241             15.6916             -1.13592            -29.5472            0.413325            
0.542519            39936               4.85839             -0.0735586          16.6735             1.43187             -31.9699            -4.47236            
0.545997            40192               3.87068             2.49573             16.4283             -0.748076           -32.1816            1.47433             
0.549474            40448               4.33554             -0.184439           16.1071             2.20563             -30.7995            -3.67473            
0.552952            40704               4.2798              0.559855            15.8543             0.384121            -30.4112            -2.10344            
0.55643             40960               3.80844             -1.29831            16.1287             1.97994             -31.38              -6.39123            
0.559907            41216               4.28404             -0.870404           14.1543             2.77686             -26.8228            -4.75347            
0.563385            41472               4.15799             0.42395             16.2231             0.613152            -31.3713            -2.24929            
0.566863            41728               4.24161             -0.420773           17.0335             1.13031             -32.933             -4.36468            
0.570341            41984               5.13054             2.11122             16.2362             -1.29117            -30.7718            1.49255             
0.573818            42240               4.38086             0.690427            15.7151             1.13032             -30.3816            -2.78709            
0.577296            42496               5.83684             -3.04076            15.6989             5.17031             -28.6518            -9.05376            
0.580774            42752               5.54543             -1.62987            15.6375             2.70545             -28.8384            -6.59175            
0.584251            43008               6.04262             0.006956            15.8999             1.12648             -29.1698            -4.20501            
0.587729            43264               6.49941             4.34074             15.6086             -2.41099            -28.3458            5.49802             
0.591207            43520               5.76265             6.33371             15.1702             -3.39496            -27.992             10.058              
0.594684            43776               5.71901             8.76407             16.3991             -6.18507            -30.5933            14.4172             
0.598162            44032               5.34364             9.49364             15.2433             -6.39116            -28.453             16.5485             
0.60164             44288               4.74814             5.39038             15.1985             -2.5253             -28.7614            8.18815             
0.605117            44544               4.75981             5.17655             16.111              -2.57573            -30.5904            7.47595             
0.608595            44800               4.54311             6.06203             16.2212             -3.12613            -30.9565            9.19463             
0.612073            45056               5.00009             3.72304             16.2998             -1.99256            -30.7808            4.00855             
0.61555             45312               4.4015              4.34617             16.677              -2.83728            -32.4841            4.86915             
0.619028            45568               4.79045             3.49097             15.9567             -1.31617            -30.7045            3.2493              
0.622506            45824               4.3035              -1.10497            17.4299             2.17455             -34.3417            -6.83587            
0.625984            46080               3.85796             -3.77056            16.4251             4.702               -32.4037            -11.6902            
0.629461            46336               4.14115             -9.9573             16.8783             10.2445             -33.1738            -25.2551            
0.632939            46592               5.92579             -11.3116            16.0331             12.4825             -29.8638            -26.4113            
0.636417            46848               4.48481             -9.37142            17.0375             9.8821              -33.4665            -23.1693            
0.639894            47104               4.8336              -6.04001            15.9817             7.2448              -30.2857            -16.5601            
0.643372            47360               4.81745             -6.25312            16.0515             7.57141             -30.3578            -17.0602            
0.64685             47616               4.58473             -6.43339            16.0084             8.79789             -30.5673            -17.7124            
0.650327            47872               5.17684             -5.56509            16.9334             6.51536             -32.0171            -15.7339            
0.653805            48128               5.31858             1.52683             16.4542             0.116884            -30.6264            -0.430347           
0.657283            48384               5.15135             1.94646             16.0898             -0.334262           -30.3828            0.0490082           
0.66076             48640               5.49421             3.06353             15.8296             -1.45398            -29.9456            2.32136             
0.664238            48896               5.53787             6.18643             17.0089             -4.62413            -31.9955            9.05956             
0.667716            49152               5.59117             10.5893             16.4399             -8.67241            -30.6583            18.9629             
0.671193            49408               3.98459             9.34575             16.0983             -7.53629            -31.1604            16.1812             
0.674671            49664               5.02041             10.3942             16.5346             -8.47782            -30.944             18.3952             
0.678149            49920               4.11312             8.22091             16.869              -6.4009             -32.9251            13.4791             
0.681626            50176               4.70961             6.47399             15.697              -4.41438            -30.02              10.3241             
0.685104            50432               4.37622             5.59312             16.0288             -3.53739            -30.7892            8.16615             
0.688582            50688               4.17827             1.35609             15.6988             0.6933              -30.5457            -1.24112            
0.69206             50944               4.37929             0.744613            16.3894             1.48638             -32.1379            -3.34396            
0.695537            51200               4.65225             0.625808            16.9064             1.1555              -32.5798            -2.9622             
0.699015            51456               4.72335             -2.48738            16.4572             4.34368             -31.5738            -9.95367            
0.702493            51712               4.88755             -2.96841            16.3575             4.77236             -31.5513            -11.0327            
0.70597             51968               5.5205              -6.63819            16.4926             7.933               -31.5371            -18.1734            
0.709448            52224               5.74202             -6.00265            15.3805             8.61453             -28.7005            -16.4312            
0.712926            52480               5.25137             -5.78283            16.6467             8.05494             -31.5019            -16.4104            
0.716403            52736               5.62069             -3.71612            15.7123             5.53277             -28.9649            -10.7183            
0.719881            52992               5.88666             -4.19911            15.2712             6.20791             -28.0116            -11.662             
0.723359            53248               5.80354             -6.85817            15.6067             8.7825              -28.7464            -16.6949            
0.726836            53504               5.8508              -4.72076            15.3152             7.71772             -28.1432            -12.2772            
0.730314            53760               5.03284             -2.14455            15.5637             3.77868             -29.3188            -6.62023            
0.733792            54016               5.27637             -2.59447            15.5394             4.16523             -29.2072            -8.09813            
0.73727             54272               5.11442             -2.56793            16.1132             4.22902             -30.7297            -8.78227            
0.740747            54528               5.99806             -3.74344            17.0741             5.33168             -31.7783            -10.9021            
0.744225            54784               4.88357             -0.628878           16.7859             3.07309             -32.0627            -5.5938             
0.747703            55040               4.58985             -0.295016           15.5271             2.2903              -29.602             -4.61992            
0.75118             55296               5.20478             -0.29561            15.9447             2.43085             -30.1772            -4.21627            
0.754658            55552               5.62874             -0.240945           15.7009             3.1029              -29.2079            -3.2789             
0.758136            55808               5.0646              -0.437569           16.1356             3.22165             -30.6127            -5.25727            
0.761613            56064               6.37313             -0.0378148          15.0138             2.75363             -26.8214            -2.90624            
0.765091            56320               5.02915             3.03048             15.8876             -0.88529            -30.3942            3.30437             
0.768569            56576               5.36246             3.10015             17.2505             -2.00575            -32.8829            2.65845             
0.772046            56832               5.07512             1.32228             16.5916             0.376599            -31.8346            -1.83249            
0.775524            57088               4.37363             2.36888             16.076              -0.236186           -31.2228            1.04296             
0.779002            57344               5.38447             0.398877            15.8589             1.4318              -29.7584            -3.07756            
0.782479            57600               5.78855             -0.560516           15.7071             2.49996             -28.904             -4.62114            
0.785957            57856               4.81145             -2.08706            16.9531             3.57814             -32.5072            -8.33531            
0.789435            58112               5.33638             -2.23135            17.4433             4.17941             -32.6494            -8.65491            
0.792912            58368               5.44437             -2.60113            17.2614             4.17523             -32.4716            -9.57061            
0.79639             58624               4.83804             -2.55404            15.9894             4.2425              -30.8531            -9.86668            
0.799868            58880               5.02888             -2.54162            16.9627             3.72078             -32.3722            -9.38114            
0.803346            59136               5.49642             -1.99709            18.1487             3.66764             -34.3726            -8.60571            
0.806823            59392               4.0311              2.92852             17.0024             -0.777239           -32.999             1.82386             
0.810301            59648               5.21159             4.66861             16.8149             -3.10852            -31.2712            6.15729             
0.813779            59904               4.6872              7.59884             16.4445             -5.11057            -31.5553            11.928              
0.817256            60160               4.44315             6.14653             15.8036             -2.74656            -30.701             8.91927             
0.820734            60416               5.31245             6.17275             15.0149             -2.84697            -28.017             9.65357             
0.824212            60672               4.12502             3.46166             14.8836             -1.04555            -29.1114            3.66268             
0.827689            60928               3.97988             4.98604             16.1109             -3.03502            -31.6322            6.79507             
0.831167            61184               3.95449             1.79621             15.1828             0.187756            -30.0035            0.618586            
0.834645            61440               5.75368             1.14213             15.6015             1.25921             -28.281             -0.207086           
0.838122            61696               4.28678             -0.663489           15.8338             2.19485             -30.3491            -5.27962            
0.8416              61952               4.71559             -1.38569            15.4952             3.05347             -29.2671            -6.68188            
0.845078            62208               4.52633             -1.75324            14.6367             4.68945             -27.7328            -6.8905             
0.848555            62464               5.10526             0.31784             14.8905             2.72646             -27.5261            -2.93307            
0.852033            62720               4.80382             3.64538             16.2347             -1.49851            -30.873             4.14794             
0.855511            62976               4.68958             2.57925             15.6841             -0.177832           -29.7041            1.79063             
0.858989            63232               5.27841             1.68634             17.1919             0.592438            -32.0338            0.379212            
0.862466            63488               5.07252             2.37788             17.2068             -0.362953           -32.343             0.907146            
0.865944            63744               5.12708             5.48394             17.44               -4.22375            -32.6298            8.51306             
0.869422            64000               4.14379             6.49091             16.9215             -5.06718            -32.5189            10.3279             
0.872899            64256               5.63637             4.46381             17.0024             -2.82919            -31.3805            6.64421             
0.876377            64512               4.2847              2.58832             18.2124             -1.51833            -35.4324            1.08243             
0.879855            64768               4.56727             -2.18347            16.8461             3.12976             -32.5997            -8.73794            
0.883332            65024               5.99475             -2.92466            16.6723             4.90568             -31.2019            -9.48413            
0.88681             65280               5.01226             -2.80757            16.9873             4.63299             -32.8029            -10.3468            
0.890288            65536               5.56871             0.671719            17.5854             0.977779            -33.5939            -2.47185            
0.893765            65792               4.79037             -2.08976            17.1081             4.03651             -33.3538            -9.3961             
0.897243            66048               5.2603              -2.64519            16.7303             5.06992             -32.0663            -9.04508            
0.900721            66304               5.14725             0.871692            16.8512             1.45879             -32.4659            -1.4113             
0.904198            66560               6.01803             1.39933             15.9519             0.91419             -29.3386            1.01302             
0.907676            66816               6.0666              2.05501             15.9472             -0.470899           -28.8884            2.52589             
0.911154            67072               3.99482             1.27884             16.3372             -0.258192           -31.8243            0.163223            
0.914631            67328               4.88767             -1.37117            15.6843             2.36737             -29.4777            -5.50211            
0.918109            67584               5.74341             0.280354            14.6076             1.85655             -26.1678            -2.20498            
0.921587            67840               4.81811             3.77576             15.7175             -2.40339            -29.7306            3.81221             
0.925065            68096               4.91853             4.42847             14.5642             -1.96997            -27.3276            5.25362             
0.928542            68352               5.76576             2.5357              15.3108             0.366563            -28.2347            1.70199             
0.93202             68608               5.83134             4.4139              15.2524             -1.21345            -27.6009            5.10191             
0.935498            68864               4.75395             5.7132              15.6537             -2.60572            -29.8282            6.90799             
0.938975            69120               5.74984             3.86696             15.5952             -0.890721           -29.0559            4.95756             
0.942453            69376               5.39056             4.45389             16.1469             -1.36962            -30.5388            5.46535             
0.945931            69632               5.09756             3.92004             16.3051             -1.55404            -31.3379            4.63636             
0.949408            69888               3.92191             2.74071             16.8594             -0.676259           -33.6268            1.68525             
0.952886            70144               4.33922             -2.99317            16.972              4.55471             -33.7054            -9.88888            
0.956364            70400               5.22947             -4.99464            16.7324             7.03452             -31.9095            -13.8302            
0.959841            70656               5.27685             -3.15189            16.7668             4.81802             -31.6691            -10.57              
0.963319            70912               4.63903             -3.56069            17.1367             3.92542             -33.3076            -11.9093            
0.966797            71168               5.10862             -4.93743            15.4064             6.37971             -29.3041            -14.4187            
0.970275            71424               5.30729             -9.59044            16.955              10.3034             -32.5812            -25.3122            
0.973752            71680               5.15067             -8.13717            16.7299             10.1154             -31.5309            -21.943             
0.97723             71936               4.35596             -6.74463            17.0469             8.43731             -33.3123            -18.7844            
0.980708            72192               5.39744             -3.68771            16.8044             6.29808             -31.4443            -10.9459            
0.984185            72448               4.76892             -1.83428            15.1498             4.02531             -28.4944            -6.0568             
0.987663            72704               5.13043             -3.09655            16.2776             5.14641             -30.6608            -9.50543            
0.991141            72960               5.9819              -1.60894            15.7637             4.52372             -28.9355            -5.76752            
0.994618            73216               5.10392             1.73175             16.9456             0.354037            -32.2961            0.315432            
0.998096            73472               4.83825             1.18182             16.7287             1.30889             -32.1532            -1.10741            
1.00157             73728               5.92808             1.37749             16.855              1.02253             -31.3733            -0.54136            
1.00505             73984               5.74672             -0.590508           15.5554             3.61365             -28.8877            -5.34968            
1.00853             74240               5.84838             2.54265             16.9754             0.186766            -31.8434            1.15431             
1.01201             74496               5.13096             6.10157             16.8088             -3.38858            -31.6153            8.42286             
1.01548             74752               4.48368             4.47816             16.0515             -2.55095            -31.0903            4.0267              
1.01896             75008               5.23476             3.49253             16.5931             -1.33177            -31.8937            2.65833             
1.02244             75264               4.92573             1.79438             17.0217             0.797966            -33.0286            -0.933927           
1.02592             75520               6.04416             -1.70662            17.0851             4.67832             -31.8329            -6.106              
1.0294              75776               5.8384              -3.70067            17.3691             5.79377             -32.6934            -10.1587            
1.03287             76032               5.30137             -7.38237            16.7722             8.65496             -31.8719            -18.8634            
1.03635             76288               6.10134             -8.02276            15.74               9.50033             -28.968             -19.3202            
1.03983             76544               5.62903             -5.13042            15.7367             7.18074             -29.6125            -14.7599            
1.04331             76800               4.91601             -7.23869            15.538              9.19348             -29.8493            -19.0935            
1.04678             77056               5.88779             -8.63464            15.3393             10.1445             -28.1161            -21.0209            
1.05026             77312               4.67678             -4.26869            16.5567             5.65573             -31.5332            -12.5441            
1.05374             77568               5.635               -2.39442            16.4451             3.71394             -30.482             -8.68627            
1.05722             77824               5.32624             -3.52934            15.7766             4.98446             -29.6741            -11.3383            
1.06069             78080               4.84091             -3.80115            16.514              5.12279             -32.0605            -12.6553            
1.06417             78336               5.15979             2.21736             17.4445             -1.56297            -33.1979            0.278726            
1.06765             78592               3.92696             3.74579             16.3439             -3.40162            -32.326             3.84875             
1.07113             78848               4.96063             2.29846             15.2483             -0.848705           -29.1198            1.56771             
1.07461             79104               5.40209             -1.50497            15.8979             2.92248             -29.9666            -7.08549            
1.07808             79360               4.00997             -1.07033            16.517              2.20292             -32.1559            -7.02588            
1.08156             79616               5.08331             0.0836533           16.9019             0.499521            -31.7569            -3.77358            
1.08504             79872               5.42765             0.725579            16.1414             0.587448            -30.1224            -2.33875            
1.08852             80128               4.51897             -0.375661           16.3502             1.90973             -31.3425            -4.98657            
1.09199             80384               4.52166             -0.389967           18.0185             1.20426             -35.1943            -5.03964            
1.09547             80640               4.67221             -2.84712            16.1301             4.4142              -31.2               -10.7748            
1.09895             80896               6.48356             -2.52056            16.2461             4.4265              -29.9633            -8.13602            
1.10243             81152               5.97494             -0.325143           16.1668             2.84688             -30.0112            -4.76863            
1.1059              81408               5.82698             -1.11347            16.4646             2.97859             -30.3393            -6.48974            
1.10938             81664               4.74015             -0.0710298          15.4595             1.91514             -29.6749            -4.76876            
1.11286             81920               6.04972             -2.88766            16.3929             5.0273              -30.7608            -10.2091            
1.11634             82176               5.56531             -0.336608           15.4866             3.5586              -28.8983            -5.00165            
1.11981             82432               5.20088             4.0144              15.8599             -1.69917            -29.8674            4.61124             
1.12329             82688               5.41782             4.06853             16.1734             -2.21524            -30.3703            4.80438             
1.12677             82944               5.68593             0.424287            15.4602             1.46684             -28.3769            -2.82615            
1.13025             83200               5.79923             0.376644            14.5438             3.30343             -26.5674            -2.76756            
1.13373             83456               4.53167             1.86161             15.1345             0.939963            -28.8404            0.336404            
1.1372              83712               4.67999             0.883526            16.0488             0.534653            -30.8188            -1.94886            
1.14068             83968               5.25064             1.72041             15.5711             0.511701            -29.0012            0.437991            
1.14416             84224               5.30697             -2.05478            15.15               4.44629             -27.8738            -7.24368            
1.14764             84480               5.82507             -4.12826            14.9714             5.89923             -27.2808            -11.6926            
1.15111             84736               4.41583             -0.749376           16.3378             1.97453             -31.9079            -4.95189            
1.15459             84992               4.16625             2.13409             17.8529             -1.09625            -35.1441            -0.204852           
1.15807             85248               5.28066             0.848556            16.7033             0.693492            -31.7499            -1.81341            
1.16155             85504               5.38835             -0.694392           16.4842             2.25371             -30.5474            -4.45099            
1.16502             85760               4.77106             -2.01023            15.7548             3.17484             -30.0799            -7.24086            
1.1685              86016               5.12203             -0.743043           16.2711             1.99327             -30.4831            -4.70456            
1.17198             86272               5.08722             2.56903             16.7803             -1.50674            -31.5979            2.19179             
1.17546             86528               4.73883             -1.38749            16.0011             2.46303             -30.4441            -6.29152            
1.17894             86784               5.41675             0.758056            15.3022             0.96181             -28.3757            -0.888678           
1.18241             87040               5.85133             2.83964             15.5569             -0.61117            -29.0157            2.64684             
1.18589             87296               4.80815             4.92058             16.5412             -2.62296            -31.8159            6.12067             
1.18937             87552               4.9449              4.25389             15.7247             -1.6652             -29.9908            4.98711             
1.19285             87808               5.29135             1.66348             15.3411             1.59543             -28.9301            -0.437565           
1.19632             88064               5.30536             4.76072             16.3588             -2.21366            -30.842             6.24001             
1.1998              88320               4.97553             2.80612             16.0385             -0.155221           -30.6422            1.58979             
1.20328             88576               6.09969             -2.43198            15.4792             4.44356             -28.5484            -8.58822            
1.20676             88832               5.41921             -4.01327            15.4339             6.34793             -28.9347            -12.003             
1.21023             89088               4.74004             -1.67426            17.7022             2.83513             -34.2368            -7.52938            
1.21371             89344               5.37265             -1.53227            16.4708             2.84629             -30.9937            -6.96746            
1.21719             89600               4.90377             0.31931             16.2529             1.64508             -31.0823            -3.62174            
1.22067             89856               4.37499             -1.2238             16.6434             3.29409             -32.5775            -7.35901            
1.22415             90112               5.37622             -1.71416            17.1974             3.5396              -32.5974            -7.82444            
1.22762             90368               4.65753             -1.7845             17.1231             3.38479             -33.379             -8.61442            
1.2311              90624               4.14922             -1.18855            17.0033             2.71385             -33.6188            -7.71485            
1.23458             90880               5.4045              -4.08643            17.4081             5.71339             -33.4803            -12.7005            
1.23806             91136               4.55711             -3.41141            16.3071             6.02617             -31.483             -11.5634            
1.24153             91392               4.65793             -2.27689            17.5936             3.91135             -33.9416            -8.5536             
1.24501             91648               4.30725             -2.41429            15.9607             3.76047             -30.9777            -8.46015            
1.24849             91904               5.12121             -5.75719            15.9056             7.17442             -30.2204            -14.9427            
1.25197             92160               5.01852             -6.63782            15.7122             8.14338             -29.8932            -17.0036            
1.25544             92416               5.80426             -2.31299            14.8384             4.29523             -26.8423            -7.01278            
1.25892             92672               5.8357              -2.49601            14.2921             4.08996             -26.1714            -7.7207             
1.2624              92928               6.3894              -5.25153            15.9198             6.32682             -29.1413            -13.5162            
1.26588             93184               5.58182             -2.40183            17.0324             3.5588              -31.8547            -8.2512             
1.26936             93440               4.95022             -2.23392            16.1169             4.02543             -30.496             -9.19034            
1.27283             93696               5.49629             0.0342293           15.9035             1.92806             -29.5406            -4.4434             
1.27631             93952               5.37901             3.54329             16.4409             -0.693527           -30.8723            2.57248             
1.27979             94208               5.12049             4.12762             16.5708             -0.854935           -31.2293            3.38217             
1.28327             94464               5.14367             4.57501             16.9436             -1.6464             -32.314             5.66316             
1.28674             94720               6.23688             3.20693             16.2884             -0.107789           -29.8726            3.65948             
1.29022             94976               5.25426             2.52394             17.0829             -0.27962            -32.4745            1.21112             
1.2937              95232               5.20059             0.559017            16.5964             1.56544             -31.6118            -2.69582            
1.29718             95488               4.80664             0.509537            16.3554             1.78804             -31.6906            -2.75743            
1.30065             95744               5.44391             2.39081             16.7653             0.0815875           -31.749             1.26661             
1.30413             96000               4.36213             -3.06034            16.2781             4.79162             -31.7578            -10.5442            
1.30761             96256               4.77358             -0.112663           16.5308             2.09336             -32.0386            -4.64311            
1.31109             96512               5.38633             0.791009            15.7996             1.60249             -29.7592            -1.77692            
1.31457             96768               5.02519             2.93122             15.8141             -0.743895           -29.9492            2.66276             
1.31804             97024               4.56267             2.86365             15.9252             -1.73593            -30.8384            2.71696             
1.32152             97280               5.42196             -3.41446            16.2503             4.53133             -30.7421            -9.62446            
1.325               97536               5.58532             -1.73184            17.8639             2.45122             -33.5698            -6.34548            
1.32848             97792               4.56687             1.38704             17.1251             -0.876907           -32.987             -1.27187            
1.33195             98048               4.34343             1.79158             16.8149             -1.26698            -32.3521            -0.152105           
1.33543             98304               4.33855             -2.69602            16.8547             3.87091             -32.7726            -10.0307            
1.33891             98560               4.9731              -0.746868           16.8604             2.4157              -31.8689            -4.72045            
1.34239             98816               4.44762             0.282633            16.846              2.17108             -32.3929            -4.51518            
1.34586             99072               4.25669             -1.33127            17.379              2.8198              -34.09              -7.71698            
1.34934             99328               5.67898             0.140341            16.9736             2.17502             -31.9828            -3.94768            
1.35282             99584               5.45787             3.94426             17.774              -1.70706            -33.7071            4.01106             
1.3563              99840               4.72398             3.56635             16.8426             -1.85891            -32.1042            3.07972             
1.35978             100096              5.78988             4.04068             15.6933             -1.33936            -28.6097            5.15156             
1.36325             100352              6.17907             2.26425             16.1633             0.0547822           -29.1008            1.73537             
1.36673             100608              4.45523             5.39724             17.6368             -3.8611             -34.2697            6.07432             
1.37021             100864              5.72036             4.75293             16.0994             -2.89963            -30.0615            5.66701             
1.37369             101120              5.6714              1.9701              17.4191             -0.0101221          -32.9923            -0.252196           
1.37716             101376              6.04267             7.33422             16.6276             -5.08941            -30.6176            12.1119             
1.38064             101632              5.96506             6.27724             16.1643             -4.0446             -29.9259            10.1235             
1.38412             101888              4.50828             4.58082             15.5847             -2.32668            -30.3765            5.96956             
1.3876              102144              4.87263             2.35836             17.3404             -0.50354            -33.2731            1.29543             
1.39107             102400              4.32351             4.30053             16.5692             -2.64158            -31.8159            5.10949             
1.39455             102656              5.45006             -0.414786           16.0044             2.13918             -29.7228            -3.87107            
1.39803             102912              4.98202             -1.274              15.5208             3.17463             -29.3526            -5.87096            
1.40151             103168              5.32366             -1.04572            16.1603             2.64824             -30.0724            -4.70883            
1.40499             103424              3.69997             -0.537757           16.8414             2.50582             -33.396             -5.66804            
1.40846             103680              4.56519             -6.06597            16.5354             8.3229              -32.1364            -16.9424            
1.41194             103936              6.93044             -7.24313            17.3087             9.43461             -31.5973            -18.1881            
1.41542             104192              5.05628             -4.08655            16.1558             6.21004             -30.919             -12.6226            
1.4189              104448              6.68554             -3.26552            17.3844             4.73719             -32.1047            -10.6489            
1.42237             104704              5.66534             -2.52693            16.8026             4.80826             -31.4466            -9.13338            
1.42585             104960              5.72853             -4.36455            17.0171             6.15868             -32.0889            -12.3204            
1.42933             105216              6.56967             -3.95259            17.2926             5.90529             -31.3852            -11.5041            
1.43281             105472              5.014               -5.59206            16.7546             7.43979             -31.8571            -15.4807            
1.43628             105728              5.07251             -6.53175            17.6654             7.90162             -33.8549            -17.9254            
1.43976             105984              5.38417             -6.37325            17.8465             7.63526             -34.1975            -16.6702            
1.44324             106240              4.3119              -3.82012            18.1266             4.33009             -35.6808            -11.7496            
1.44672             106496              4.94699             -1.88001            17.5444             2.29403             -33.8665            -7.04092            
1.4502              106752              5.23839             -1.92353            16.8556             3.62028             -32.2351            -7.75828            
1.45367             107008              4.34846             -0.799389           15.958              3.21184             -31.3927            -6.36022            
1.45715             107264              4.82285             -1.42772            14.7402             4.25112             -28.6571            -7.84582            
1.46063             107520              4.2662              -4.35652            16.2036             6.49872             -31.8507            -12.7926            
1.46411             107776              5.38506             -7.19781            15.6263             9.65002             -29.0532            -18.1001            
1.46758             108032              5.77396             -2.45889            15.4999             4.77672             -28.3644            -7.32649            
1.47106             108288              4.90744             -4.59427            16.2512             6.23537             -30.8595            -12.3507            
1.47454             108544              5.31319             -4.86818            16.0679             5.84021             -30.2345            -12.9381            
1.47802             108800              5.08445             -2.3438             15.9565             3.10233             -30.269             -7.76217            
1.48149             109056              5.89431             1.3327              16.1489             -0.256323           -29.8751            -0.224027           
1.48497             109312              5.85272             4.6517              16.8215             -3.90688            -31.0782            6.25445             
1.48845             109568              4.57772             5.82022             16.2294             -4.24816            -31.3096            7.69095             
1.49193             109824              4.65737             2.85925             15.9837             -1.3366             -30.4574            1.94715             
1.49541             110080              4.47723             2.22487             16.2397             -1.48128            -31.5335            0.5004              
1.49888             110336              3.19858             -1.92477            16.4007             2.55171             -33.0501            -8.05336            
1.50236             110592              3.27472             -0.193743           16.2397             1.62613             -32.6488            -4.87102            
1.50584             110848              4.80535             1.53945             16.3129             0.0503632           -31.3456            -0.562284           
1.50932             111104              4.76996             -6.47358            16.6074             6.69915             -32.077             -17.7657            
1.51279             111360              5.02907             -9.77264            16.2362             10.0166             -31.1779            -23.9029            
1.51627             111616              5.7545              -8.25667            16.8237             8.23148             -31.5806            -20.2323            
1.51975             111872              5.17798             -6.83958            16.5182             7.91367             -31.2744            -18.2844            
1.52323             112128              4.83488             -8.3149             16.0915             10.0465             -30.9566            -21.7493            
1.5267              112384              5.44696             -6.37877            16.2444             8.44663             -30.713             -17.2551            
1.53018             112640              5.17488             -6.13846            15.115              8.86373             -28.4021            -16.4744            
1.53366             112896              4.63553             -3.96751            14.8813             7.12467             -28.4802            -13.0126            
1.53714             113152              4.60451             -2.45015            14.8697             5.33252             -28.6193            -9.13637            
1.54062             113408              5.02397             0.513589            15.3245             2.20429             -29.3641            -2.79545            
1.54409             113664              5.13144             2.32322             15.5138             0.428897            -29.1149            1.30402             
1.54757             113920              4.59815             6.99353             15.7228             -4.85078            -30.1767            10.5551             
1.55105             114176              4.36135             5.31857             17.6078             -3.95422            -34.2258            7.19725             
1.55453             114432              5.21685             3.60397             17.6468             -1.94522            -33.4992            4.60682             
1.558               114688              5.1236              -1.38695            15.7241             3.59051             -29.6707            -6.54574            
1.56148             114944              5.52271             -4.72071            15.0981             6.50404             -28.3283            -13.0544            
1.56496             115200              6.04882             -4.65447            15.4524             7.17848             -28.807             -12.8715            
1.56844             115456              4.73746             -0.00509893         15.3857             2.62812             -30.0184            -4.24636            
1.57191             115712              6.40411             -0.463241           15.6917             2.9171              -28.8095            -4.97135            
1.57539             115968              5.17861             -0.782523           16.1766             3.25158             -30.9311            -6.63334            
1.57887             116224              6.13637             -6.30122            16.8885             8.37201             -31.4532            -17.4761            
1.58235             116480              5.54529             -2.97629            16.1606             5.19001             -30.0434            -10.5715            
1.58582             116736              5.1259              -2.71237            16.7293             4.90891             -31.9375            -10.453             
1.5893              116992              6.5504              -1.97747            15.6875             4.91732             -28.0593            -7.78019            
1.59278             117248              4.89116             0.504812            15.9889             2.29313             -30.4683            -4.11736            
1.59626             117504              5.54997             0.856634            16.7728             2.54283             -31.6395            -2.6331             
1.59974             117760              5.68225             3.87024             17.5165             -0.886198           -32.7456            4.68317             
1.60321             118016              5.0544              3.93016             17.3105             -2.09802            -33.032             4.04671             
1.60669             118272              4.94238             -1.68599            16.944              2.64622             -32.5929            -7.19075            
1.61017             118528              5.44589             -7.38972            17.849              8.6231              -34.1588            -18.664             
1.61365             118784              5.07995             -9.3475             16.6557             11.3514             -32.1381            -23.3608            
1.61712             119040              5.64157             -7.81151            16.1812             9.95929             -29.9998            -19.4441            
1.6206              119296              4.89716             -7.91431            15.7742             9.37415             -30.1187            -20.7721            
1.62408             119552              5.50332             -12.4674            16.1352             13.8492             -30.7824            -29.5355            
1.62756             119808              4.22731             -9.22454            15.0574             11.6084             -29.657             -23.863             
1.63103             120064              5.92099             -11.8753            16.3983             13.2499             -30.6138            -28.6274            
1.63451             120320              4.85892             -6.78955            16.1745             7.70461             -30.9973            -18.2251            
1.63799             120576              5.57484             -11.0352            15.9584             11.5765             -29.6972            -26.2017            
1.64147             120832              6.76188             -6.45433            14.7819             8.00639             -25.8911            -15.4681            
1.64495             121088              5.94528             -3.39673            16.3431             5.61758             -29.9256            -9.95234            
1.64842             121344              5.25689             0.0248615           16.0859             2.06533             -29.8463            -3.19647            
1.6519              121600              5.07661             4.72401             16.0145             -2.08242            -30.3082            6.12606             
1.65538             121856              4.81986             6.15482             15.992              -3.76805            -30.3125            8.32408             
1.65886             122112              5.50166             10.3526             16.5514             -8.19418            -30.5439            18.002              
1.66233             122368              5.29965             9.97312             15.239              -6.61771            -28.3462            16.7997             
1.66581             122624              5.08225             9.92397             15.6966             -6.60929            -29.7273            16.2721             
1.66929             122880              4.73718             6.76001             16.3803             -3.637              -31.5888            10.0961             
1.67277             123136              5.71324             6.24099             16.5764             -3.43226            -31.3884            9.10814             
1.67624             123392              5.71817             2.87926             16.6372             -0.116111           -31.2342            2.15934             
1.67972             123648              5.90556             0.913103            16.2789             1.33483             -30.5657            -1.24562            
1.6832              123904              6.85681             -3.12502            17.0301             5.30107             -30.9104            -9.22439            
1.68668             124160              4.8142              0.506256            16.9352             0.998356            -32.5586            -2.25809            
1.69016             124416              4.57654             -1.1783             16.3986             2.49169             -31.9358            -6.40759            
1.69363             124672              6.08334             -4.7006             16.5134             6.47519             -30.8757            -13.4556            
1.69711             124928              6.90284             -7.77413            16.0132             9.57842             -29.0081            -19.6236            
1.70059             125184              5.27783             -2.64014            16.3291             4.86233             -30.7647            -9.91283            
1.70407             125440              4.96435             -2.0583             17.8387             3.70413             -34.0247            -8.63417            
1.70754             125696              5.76204             1.43748             16.6773             0.826073            -31.0791            -1.16809            
1.71102             125952              4.95258             3.36905             16.1225             -0.139408           -30.8761            2.54217             
1.7145              126208              4.54029             4.52768             16.4711             -1.43776            -31.5925            4.48307             
1.71798             126464              5.1429              2.86963             16.3831             0.180148            -30.8061            0.605434            
1.72145             126720              5.33198             5.80393             17.5414             -3.5002             -33.5177            7.21336             
1.72493             126976              4.67166             5.55438             16.5603             -2.63808            -32.2382            6.52888             
1.72841             127232              5.01726             8.27391             15.8987             -5.00473            -30.107             12.8577             
1.73189             127488              5.70693             3.45937             15.1801             -0.175344           -28.1919            4.35978             
1.73537             127744              5.68527             2.01545             16.1308             0.450415            -30.3603            1.80528             
1.73884             128000              5.43781             0.424027            16.6768             1.56588             -31.6323            -0.770264           
1.74232             128256              6.31171             2.15204             17.1266             -0.243794           -31.4825            3.252               
1.7458              128512              5.21193             0.969085            15.7643             1.06829             -29.7833            -0.582575           
1.74928             128768              5.0977              -2.23223            16.4574             3.16244             -31.2776            -7.55795            
1.75275             129024              5.61014             -1.7439             16.5334             2.83044             -30.8667            -7.05966            
1.75623             129280              4.71911             -1.09118            15.708              2.70981             -30.1117            -6.6427             
1.75971             129536              4.28748             -2.44819            16.5055             4.30217             -31.9406            -9.40854            
1.76319             129792              4.19117             -5.94483            16.5966             7.62532             -32.7224            -17.2685            
1.76666             130048              5.06124             -4.36072            17.1575             5.64103             -32.7192            -13.2016            
1.77014             130304              4.58176             -6.0648             16.0549             7.61228             -30.9536            -16.9908            
1.77362             130560              5.37067             -3.01237            16.5446             4.91927             -30.9909            -10.4019            
1.7771              130816              4.75813             -2.06092            18.123              3.10688             -34.9676            -9.44432            
1.78058             131072              5.02548             -1.98696            18.2429             2.75281             -35.4746            -8.91644            
1.78405             131328              4.91411             -5.52892            18.2445             6.46961             -35.4574            -17.9554            
1.78753             131584              5.69259             -6.70907            17.5722             7.82749             -33.0607            -18.939             
1.79101             131840              5.01695             -1.80414            17.4338             2.71615             -33.6677            -9.05563            
1.79449             132096              4.4387              -0.338828           16.8287             1.46448             -32.9054            -6.01859            
1.79796             132352              3.86423             -0.695751           16.6657             2.53742             -33.2194            -6.60445            
1.80144             132608              4.99394             -2.66741            16.3715             3.74449             -31.3019            -9.62564            
1.80492             132864              4.70361             -1.41524            16.4033             2.2198              -31.3926            -6.51298            
1.8084              133120              4.91509             -0.578038           16.1065             1.92638             -30.8372            -5.15102            
1.81187             133376              5.78946             -4.61896            16.559              6.34636             -30.7294            -13.1032            
1.81535             133632              4.8799              -1.9439             15.6025             3.42664             -29.6213            -8.0485             
1.81883             133888              5.83422             -6.67305            16.2818             7.23003             -30.2518            -17.7661            
1.82231             134144              5.66122             -3.06768            16.0374             4.12543             -29.9812            -9.46361            
1.82579             134400              5.06832             -1.93942            16.4877             3.62886             -31.1208            -7.99474            
1.82926             134656              5.10541             -3.57144            15.8643             5.44371             -29.7255            -11.2002            
1.83274             134912              5.31126             0.130886            15.6172             1.60818             -29.3042            -2.72366            
1.83622             135168              5.69973             -2.9459             15.34               4.73041             -28.629             -8.85575            
1.8397              135424              5.63435             -0.886946           16.2959             3.02971             -30.9195            -4.75243            
1.84317             135680              5.43916             -1.79828            16.7622             3.65984             -31.5782            -7.54506            
1.84665             135936              5.19396             -4.32537            15.3723             6.09141             -28.9669            -12.4902            
1.85013             136192              5.60183             -8.08613            17.0273             8.92719             -32.2555            -19.8861            
1.85361             136448              4.23584             -4.50825            16.837              5.76908             -33.188             -14.0306            
1.85708             136704              6.0275              -2.17754            15.4287             4.85647             -28.3595            -7.72694            
1.86056             136960              4.61533             -1.32325            16.8889             3.31372             -32.8917            -7.07423            
1.86404             137216              5.15491             -4.10779            16.9405             5.70424             -32.5918            -13.0751            
1.86752             137472              4.59608             -4.74615            17.3014             6.13779             -33.9118            -14.7129            
1.871               137728              5.34526             -7.49842            16.4301             8.8925              -31.2001            -19.2887            
1.87447             137984              4.59529             -4.995              16.9933             6.09297             -33.189             -14.7598            
1.87795             138240              5.35278             -2.7626             17.0777             3.77199             -32.6386            -10.1038            
1.88143             138496              5.78203             -5.40287            16.9928             5.99378             -32.0278            -15.5036            
1.88491             138752              5.38731             -3.56554            17.3761             4.30622             -33.1135            -11.427             
1.88838             139008              4.78352             0.299812            17.6253             0.786258            -33.7333            -3.50554            
1.89186             139264              5.21854             -5.49109            16.9557             6.81779             -32.184             -15.2981            
1.89534             139520              6.46316             -4.03349            17.1329             5.71024             -31.5357            -11.3215            
1.89882             139776              6.23486             -1.32541            17.3748             3.14309             -32.4407            -5.4655             
1.90229             140032              5.37913             -1.56206            17.0189             3.25866             -32.3693            -7.43021            
1.90577             140288              5.8416              4.33371             16.9073             -1.57754            -31.6961            5.64474             
1.90925             140544              4.68861             3.54981             17.1065             -1.23764            -33.395             3.20844             
1.91273             140800              4.96444             1.60986             16.7808             0.40808             -32.2167            -0.206874           
1.91621             141056              5.49049             4.61305             17.0635             -2.66948            -31.896             6.24642             
1.91968             141312              4.67816             3.25052             16.6865             -0.760806           -32.4484            2.57428             
1.92316             141568              5.52084             0.0315927           15.2245             1.69849             -28.8942            -3.31976            
1.92664             141824              5.12177             -0.542738           16.136              2.70141             -31.1917            -4.94912            
1.93012             142080              4.9141              0.346773            15.7666             1.62511             -30.5288            -3.00769            
1.93359             142336              5.2722              -3.07117            16.1378             5.07701             -30.498             -10.0158            
1.93707             142592              6.01721             -3.59012            16.8053             4.95241             -31.087             -11.1904            
1.94055             142848              5.13296             -0.83074            17.043              2.19331             -32.6681            -5.99969            
1.94403             143104              4.49689             -3.34857            17.4434             4.75978             -34.1399            -11.3932            
1.9475              143360              4.49005             -1.34954            16.5675             3.30208             -31.8294            -6.68161            
1.95098             143616              5.66637             -3.06281            16.5296             4.22798             -30.8044            -9.04679            
1.95446             143872              4.55244             -2.24184            17.2853             2.83826             -33.6114            -8.48542            
1.95794             144128              5.76223             -4.8797             18.0366             4.81789             -34.2789            -13.6971            
1.96142             144384              5.829               -9.36256            17.29               10.8192             -32.8254            -24.0475            
1.96489             144640              4.88248             -4.62026            17.5084             6.11726             -34.0945            -14.7545            
1.96837             144896              5.08216             -4.28807            16.7667             6.07717             -32.1547            -13.5621            
1.97185             145152              5.52005             -3.45573            16.7824             5.00956             -31.8297            -11.4512            
1.97533             145408              5.09735             -2.48408            16.2323             5.04849             -30.9694            -10.1902            
1.9788              145664              6.17158             1.1464              15.9537             2.3208              -29.3204            -1.94778            
1.98228             145920              5.12941             -0.234405           15.7955             2.99337             -29.6868            -4.98066            
1.98576             146176              5.62659             -4.13136            15.8243             6.2841              -29.853             -12.6183            
1.98924             146432              4.58015             -3.52313            15.817              6.01394             -30.7713            -11.5775            
1.99271             146688              5.15204             2.12375             15.1185             1.58432             -28.573             0.407406            
1.99619             146944              5.46045             -1.48414            16.3623             3.555               -31.1525            -6.69821            
1.99967             147200              5.00828             -3.87297            15.9964             5.66583             -30.3528            -11.4265            
