#Time               nTime               force-x             force-y             force-z             moment-x            moment-y            moment-z            
0                   0                   -1.4883e-06         -4.96101e-07        -3.63808e-06        5.9003e-07          4.66203e-06         -4.14079e-07        
0.00347769          256                 0.00645742          -0.00139636         0.00511861          0.00113269          -0.00309811         -0.00339435         
0.00695537          512                 0.00575676          0.00332388          0.00162953          -0.00303305         0.00214298          0.00442127          
0.0104331           768                 0.125259            -0.17378            -0.275408           0.129762            0.548106            -0.292979           
0.0139107           1024                -0.142475           -0.0504345          -0.318957           0.0374998           0.397251            -0.0511172          
0.0173884           1280                -0.133022           -0.0928839          0.114072            0.1142              -0.293136           -0.125142           
0.0208661           1536                -0.0451743          0.108428            0.108971            -0.0697895          -0.213552           0.183219            
0.0243438           1792                0.0775268           -0.000166194        0.105649            -0.00584268         -0.106018           -0.0162455          
0.0278215           2048                0.104595            -0.0115836          0.0185084           -0.00690722         0.056607            -0.0385263          
0.0312992           2304                0.0248494           0.146298            0.0763007           -0.133098           -0.103283           0.226985            
0.0347769           2560                0.0305679           0.101845            0.167812            -0.0785839          -0.246242           0.15576             
0.0382545           2816                0.0259805           0.0255964           0.0407565           -0.02976            -0.0441614          0.0340998           
0.0417322           3072                0.0372334           0.01272             0.0423664           -0.0178934          -0.0375021          0.0118867           
0.0452099           3328                0.0255386           0.0389795           0.0515143           -0.035193           -0.0623185          0.0567473           
0.0486876           3584                0.012999            0.0361426           0.047184            -0.0319307          -0.0655301          0.0543724           
0.0521653           3840                0.0120195           0.0280555           0.0438802           -0.0237899          -0.0609793          0.0419434           
0.055643            4096                0.0117973           0.0212479           0.0250057           -0.0198271          -0.0306845          0.0311974           
0.0591207           4352                0.0110814           0.0219965           0.02899             -0.0193076          -0.0377567          0.0326532           
0.0625984           4608                0.00747608          0.0120235           0.022543            -0.0113276          -0.0302083          0.0172299           
0.066076            4864                0.0066127           0.0169723           0.0258674           -0.0147331          -0.03633            0.025404            
0.0695537           5120                0.00713758          0.0199795           0.0288819           -0.0170908          -0.0407834          0.0301158           
0.0730314           5376                0.00873618          0.0183989           0.0290613           -0.0160519          -0.0397484          0.0272591           
0.0765091           5632                0.00932456          0.0183007           0.0289687           -0.0164484          -0.0390812          0.0269029           
0.0799868           5888                0.0108522           0.0196102           0.0312079           -0.017605           -0.0414557          0.0286989           
0.0834645           6144                0.0121537           0.0228326           0.0350176           -0.0203243          -0.0465572          0.0335693           
0.0869422           6400                0.0133291           0.0239013           0.0373902           -0.0214507          -0.0494108          0.0349852           
0.0904198           6656                0.0144954           0.0246337           0.0395922           -0.0222676          -0.0519987          0.0358719           
0.0938975           6912                0.0155508           0.028506            0.0429134           -0.0255932          -0.0565061          0.0418284           
0.0973752           7168                0.0168061           0.0299323           0.0447216           -0.0269088          -0.0584             0.0438538           
0.100853            7424                0.0168185           0.0301218           0.0445769           -0.0272804          -0.0581447          0.0441095           
0.104331            7680                0.0170694           0.0299095           0.0457224           -0.0270442          -0.0597901          0.043705            
0.107808            7936                0.017523            0.0306579           0.0463466           -0.0276424          -0.0604309          0.0448325           
0.111286            8192                0.0168529           0.0287211           0.0431772           -0.0262218          -0.0558469          0.041865            
0.114764            8448                0.0155855           0.030882            0.0441891           -0.0277247          -0.0585382          0.0455735           
0.118241            8704                0.015206            0.0296596           0.0442253           -0.02646            -0.0589095          0.0437167           
0.121719            8960                0.0155438           0.0267685           0.0419049           -0.0241416          -0.0548818          0.0390582           
0.125197            9216                0.0157778           0.028331            0.0420934           -0.0254573          -0.0550063          0.0415349           
0.128674            9472                0.0151012           0.0262995           0.0408549           -0.0238749          -0.0535316          0.0383729           
0.132152            9728                0.0150368           0.0270628           0.0412907           -0.0244114          -0.0543027          0.0396219           
0.13563             9984                0.0157944           0.0286942           0.0429024           -0.0256933          -0.0562982          0.0421075           
0.139107            10240               0.0165843           0.0271976           0.0431466           -0.0245439          -0.0560342          0.0395462           
0.142585            10496               0.0166058           0.0280139           0.0427481           -0.025436           -0.0553608          0.0408228           
0.146063            10752               0.0161484           0.0279662           0.0425814           -0.025417           -0.0554674          0.0408114           
0.149541            11008               0.0163396           0.0293363           0.0445851           -0.0263042          -0.0585623          0.0429885           
0.153018            11264               0.0164783           0.027906            0.0435291           -0.025219           -0.0567397          0.0406696           
0.156496            11520               0.0167568           0.0299065           0.043429            -0.0269488          -0.0563576          0.0438456           
0.159974            11776               0.0158832           0.026188            0.0407929           -0.0240873          -0.0527856          0.0380051           
0.163451            12032               0.0156274           0.0260389           0.0410759           -0.0236487          -0.0534697          0.0378678           
0.166929            12288               0.0150737           0.0287539           0.042286            -0.0255694          -0.0559064          0.0423709           
0.170407            12544               0.0144706           0.0261809           0.0398558           -0.0235223          -0.0524552          0.0383675           
0.173884            12800               0.0140253           0.0244765           0.0378162           -0.0222579          -0.0495227          0.0357125           
0.177362            13056               0.0141804           0.0264315           0.0394523           -0.0234786          -0.0520626          0.038889            
0.18084             13312               0.0134035           0.0260508           0.0384201           -0.023257           -0.0510218          0.0383994           
0.184317            13568               0.0139294           0.0257754           0.0392772           -0.0229235          -0.0519771          0.0378755           
0.187795            13824               0.0141591           0.0256079           0.038285            -0.0229056          -0.0501827          0.0375763           
0.191273            14080               0.0139869           0.0252261           0.0370917           -0.0227278          -0.0483964          0.0369899           
0.19475             14336               0.0139092           0.0251667           0.0378463           -0.0225626          -0.0496736          0.0369097           
0.198228            14592               0.0133911           0.0226216           0.0358582           -0.0205095          -0.046879           0.0329288           
0.201706            14848               0.0139801           0.024491            0.0365327           -0.0219711          -0.0475045          0.0358597           
0.205183            15104               0.0141391           0.0240847           0.0353874           -0.0216391          -0.0455331          0.0352167           
0.208661            15360               0.01271             0.025935            0.036475            -0.0230936          -0.0484645          0.0383942           
0.212139            15616               0.0129734           0.0234514           0.0364383           -0.0209798          -0.0481616          0.0343646           
0.215617            15872               0.0133102           0.0198573           0.033447            -0.0182642          -0.0430422          0.0285489           
0.219094            16128               0.0136838           0.0241084           0.0354691           -0.0216362          -0.0460293          0.0353257           
0.222572            16384               0.0133911           0.0204627           0.0345017           -0.0186556          -0.0446857          0.0295055           
0.22605             16640               0.0138892           0.0250343           0.0367803           -0.0222458          -0.0480007          0.036783            
0.229527            16896               0.0132644           0.0272317           0.0379782           -0.0241661          -0.050438           0.0403583           
0.233005            17152               0.0133666           0.0243402           0.0376467           -0.0217163          -0.0497978          0.0357011           
0.236483            17408               0.013929            0.0228493           0.0359627           -0.0207307          -0.0466023          0.0332086           
0.23996             17664               0.0147519           0.0243477           0.0365648           -0.0219074          -0.0469354          0.0354992           
0.243438            17920               0.0139882           0.0262408           0.0371148           -0.0235081          -0.0484475          0.0386419           
0.246916            18176               0.0141852           0.0228506           0.0362533           -0.0206804          -0.0468736          0.0331747           
0.250393            18432               0.0134348           0.0232711           0.0354759           -0.0210762          -0.0462257          0.033979            
0.253871            18688               0.0136519           0.0231815           0.0365136           -0.0208528          -0.0477362          0.0338023           
0.257349            18944               0.01449             0.024416            0.0370422           -0.0219256          -0.0479124          0.035643            
0.260826            19200               0.0142576           0.0283041           0.0386699           -0.0251897          -0.0507466          0.0418891           
0.264304            19456               0.0137958           0.0261682           0.0372575           -0.0235337          -0.0488206          0.0385292           
0.267782            19712               0.0152478           0.0234788           0.0370852           -0.0214778          -0.0473518          0.0339364           
0.27126             19968               0.0153198           0.0253486           0.0393709           -0.0228455          -0.050985           0.0369131           
0.274737            20224               0.0151933           0.024237            0.0373047           -0.0222071          -0.0477431          0.0351372           
0.278215            20480               0.0142753           0.0256582           0.0382144           -0.0232463          -0.0499608          0.0375699           
0.281693            20736               0.0155027           0.0262102           0.0395194           -0.0234851          -0.0510901          0.0382893           
0.28517             20992               0.0145965           0.0258656           0.0386995           -0.023345           -0.0505059          0.0378559           
0.288648            21248               0.0148374           0.0238195           0.0369804           -0.021756           -0.0474969          0.0345545           
0.292126            21504               0.0151478           0.0232137           0.0373918           -0.0210871          -0.0479325          0.0335538           
0.295603            21760               0.0142297           0.0235931           0.0373191           -0.0214104          -0.0485597          0.0343007           
0.299081            22016               0.0140995           0.0244849           0.0378704           -0.0221512          -0.0495564          0.035742            
0.302559            22272               0.0149887           0.022695            0.0370841           -0.0207851          -0.047546           0.0327203           
0.306036            22528               0.0155182           0.0267986           0.0402285           -0.0239817          -0.0522278          0.0392092           
0.309514            22784               0.0154835           0.0244823           0.039167            -0.0222812          -0.050514           0.0354588           
0.312992            23040               0.0156199           0.0247662           0.0400098           -0.022548           -0.0517724          0.035859            
0.316469            23296               0.0164924           0.0271468           0.0427416           -0.0243888          -0.0554749          0.0395166           
0.319947            23552               0.0168359           0.0272193           0.0429581           -0.0245684          -0.0555394          0.0395468           
0.323425            23808               0.0169943           0.0274101           0.0425063           -0.0249993          -0.0546776          0.0397791           
0.326903            24064               0.0169589           0.02853             0.0443002           -0.0257594          -0.0576065          0.0415734           
0.33038             24320               0.0170465           0.0276276           0.0440388           -0.0249121          -0.0571196          0.0401355           
0.333858            24576               0.016624            0.0293915           0.0444293           -0.0264154          -0.0580998          0.0430226           
0.337336            24832               0.0174666           0.0313637           0.0456122           -0.0278348          -0.0593395          0.0460974           
0.340813            25088               0.0162013           0.0283529           0.0422288           -0.0257134          -0.0548785          0.0414431           
0.344291            25344               0.0164668           0.027641            0.043313            -0.0248477          -0.0564333          0.0402837           
0.347769            25600               0.016547            0.0241132           0.0411245           -0.0221004          -0.0528115          0.0346077           
0.351246            25856               0.0165625           0.0293988           0.0435433           -0.0261278          -0.0567518          0.0431432           
0.354724            26112               0.0152105           0.0269219           0.0403309           -0.024327           -0.0526331          0.0393903           
0.358202            26368               0.0148243           0.0259311           0.0404647           -0.0231995          -0.0531852          0.0379145           
0.361679            26624               0.0147603           0.0261396           0.0396742           -0.0233693          -0.0519587          0.0382899           
0.365157            26880               0.0139798           0.0217125           0.0357515           -0.0199315          -0.0462442          0.0313313           
0.368635            27136               0.014343            0.027068            0.0395631           -0.0238287          -0.0521465          0.0399276           
0.372112            27392               0.0138151           0.023393            0.0371598           -0.0209787          -0.0486719          0.0341053           
0.37559             27648               0.0144015           0.0218081           0.0359864           -0.0195949          -0.0462984          0.0315175           
0.379068            27904               0.0131222           0.0205708           0.0337198           -0.0186217          -0.0436796          0.0297693           
0.382546            28160               0.0129623           0.0226507           0.0340655           -0.0201924          -0.0443896          0.0331764           
0.386023            28416               0.0117116           0.0203866           0.0332489           -0.0183231          -0.0440734          0.0297301           
0.389501            28672               0.0134511           0.0178231           0.033168            -0.0162111          -0.0425187          0.0253367           
0.392979            28928               0.0136911           0.0210813           0.0343322           -0.0189294          -0.0442225          0.0305171           
0.396456            29184               0.0137114           0.0248621           0.0367929           -0.0221833          -0.0481709          0.0365083           
0.399934            29440               0.0143241           0.0214225           0.0376453           -0.0193897          -0.0490259          0.0308225           
0.403412            29696               0.0143939           0.0254128           0.0400303           -0.0227063          -0.0528404          0.0371701           
0.406889            29952               0.0159748           0.0247682           0.0416171           -0.0223056          -0.0540848          0.0358153           
0.410367            30208               0.0176139           0.0249678           0.0414056           -0.0227027          -0.0523995          0.0358488           
0.413845            30464               0.01762             0.0278622           0.0427243           -0.0251926          -0.0545344          0.0404521           
0.417322            30720               0.0159654           0.0247528           0.0417474           -0.0227118          -0.0542774          0.0356837           
0.4208              30976               0.0166807           0.0254034           0.0425134           -0.023002           -0.0549403          0.0366661           
0.424278            31232               0.0162037           0.027683            0.0431693           -0.0248533          -0.0564192          0.0404001           
0.427755            31488               0.0165979           0.0272823           0.0433599           -0.0244163          -0.0564061          0.039716            
0.431233            31744               0.0156837           0.0248383           0.0401834           -0.0227522          -0.051998           0.0359229           
0.434711            32000               0.0158691           0.02641             0.0413044           -0.0237315          -0.0536694          0.0384754           
0.438188            32256               0.0156328           0.0265748           0.0421756           -0.0237565          -0.055281           0.0387725           
0.441666            32512               0.0162314           0.0254682           0.0406224           -0.0230345          -0.0522654          0.0369058           
0.445144            32768               0.0155066           0.0226589           0.0375808           -0.0210488          -0.0479232          0.0324934           
0.448622            33024               0.015374            0.0255019           0.0406213           -0.0228564          -0.0529813          0.0371321           
0.452099            33280               0.01487             0.0237621           0.0398211           -0.02145            -0.0520956          0.0344151           
0.455577            33536               0.0149366           0.0249135           0.0405503           -0.0224069          -0.0532026          0.0362423           
0.459055            33792               0.0157729           0.0222315           0.0389367           -0.0204395          -0.0499043          0.0317802           
0.462532            34048               0.0152975           0.0252349           0.040069            -0.0228809          -0.0521301          0.0366716           
0.46601             34304               0.016285            0.0260119           0.0414341           -0.0233151          -0.0535423          0.037787            
0.469488            34560               0.016272            0.0227271           0.0387103           -0.020892           -0.04915            0.0325008           
0.472965            34816               0.0153696           0.024176            0.0386777           -0.0221119          -0.0498311          0.034969            
0.476443            35072               0.015378            0.0256149           0.0401809           -0.0232107          -0.0522391          0.0372673           
0.479921            35328               0.0146203           0.0233644           0.0398715           -0.0213236          -0.0523438          0.0337589           
0.483398            35584               0.0167145           0.0240827           0.0422776           -0.0216765          -0.0545479          0.0345901           
0.486876            35840               0.0162225           0.0265365           0.0415336           -0.0239359          -0.0537414          0.0385945           
0.490354            36096               0.0165789           0.0264702           0.0408202           -0.0240691          -0.0522965          0.0384132           
0.493831            36352               0.016186            0.0269611           0.0420365           -0.0243764          -0.0545802          0.0392465           
0.497309            36608               0.0168182           0.0249377           0.0403423           -0.0228697          -0.051314           0.0359039           
0.500787            36864               0.0167335           0.0268037           0.0424683           -0.0242095          -0.0548294          0.0389076           
0.504265            37120               0.0177877           0.0257969           0.0426884           -0.0233482          -0.0543336          0.0371262           
0.507742            37376               0.0163856           0.0244214           0.0405612           -0.0225799          -0.0520082          0.0350927           
0.51122             37632               0.0166369           0.0261546           0.0425045           -0.0237296          -0.0549591          0.0378589           
0.514698            37888               0.0155797           0.0244284           0.0409361           -0.022381           -0.0532715          0.0352593           
0.518175            38144               0.0163887           0.0259468           0.0418509           -0.0234798          -0.0541209          0.0375991           
0.521653            38400               0.0160894           0.0266483           0.042737            -0.0240083          -0.0557898          0.0387604           
0.525131            38656               0.0163143           0.0232779           0.041021            -0.0212289          -0.0528255          0.0333399           
0.528608            38912               0.0158071           0.0247768           0.0404827           -0.0225222          -0.0523708          0.03584             
0.532086            39168               0.0157988           0.0271587           0.0411805           -0.0244144          -0.0535197          0.0396843           
0.535564            39424               0.0152101           0.0244373           0.0392211           -0.0222242          -0.0508259          0.0354256           
0.539041            39680               0.0147941           0.0231436           0.038283            -0.0211366          -0.0496519          0.0334318           
0.542519            39936               0.0151663           0.0226915           0.0387115           -0.0206295          -0.0500442          0.0326658           
0.545997            40192               0.0154511           0.0245026           0.0402652           -0.022041           -0.0523347          0.0355179           
0.549474            40448               0.0162847           0.0235073           0.0393276           -0.02147            -0.050114           0.0337604           
0.552952            40704               0.0166043           0.0256431           0.040279            -0.0233386          -0.0513985          0.0371057           
0.55643             40960               0.016442            0.0231082           0.0397791           -0.0212894          -0.0506999          0.0330404           
0.559907            41216               0.0166027           0.0247551           0.0412659           -0.0225481          -0.0529896          0.0356497           
0.563385            41472               0.0164689           0.0254417           0.0423886           -0.0230494          -0.0549017          0.0367585           
0.566863            41728               0.0170434           0.0237808           0.039655            -0.0219534          -0.0500132          0.0340159           
0.570341            41984               0.0169324           0.0240196           0.0395986           -0.0221217          -0.0500315          0.0344223           
0.573818            42240               0.0164633           0.0263322           0.0413433           -0.0238417          -0.0532292          0.0382176           
0.577296            42496               0.0156234           0.0218964           0.0383539           -0.0203221          -0.0490607          0.0312412           
0.580774            42752               0.015016            0.023056            0.0404427           -0.0210436          -0.0529383          0.0331892           
0.584251            43008               0.0169819           0.0258322           0.0448944           -0.0230024          -0.0585455          0.0373198           
0.587729            43264               0.0176045           0.0269482           0.0430449           -0.0244861          -0.0550333          0.038959            
0.591207            43520               0.0172582           0.0243536           0.0395093           -0.0228353          -0.049577           0.034816            
0.594684            43776               0.0170123           0.0251141           0.042145            -0.0229491          -0.0540668          0.0361125           
0.598162            44032               0.017326            0.0291818           0.0466534           -0.0259667          -0.0611336          0.0425664           
0.60164             44288               0.0173296           0.0274607           0.0453199           -0.0248683          -0.0589324          0.0397586           
0.605117            44544               0.0172291           0.0265669           0.0425154           -0.0245107          -0.054465           0.0383314           
0.608595            44800               0.0166174           0.0288533           0.0431767           -0.0262649          -0.0560476          0.0421236           
0.612073            45056               0.016411            0.028925            0.0449723           -0.0259587          -0.059138           0.0422979           
0.61555             45312               0.0165736           0.0247872           0.0422356           -0.0226663          -0.0545572          0.0356547           
0.619028            45568               0.0164626           0.0275677           0.0414886           -0.0250237          -0.0534698          0.0401697           
0.622506            45824               0.0154969           0.0254492           0.0406907           -0.0231746          -0.0529501          0.0369416           
0.625984            46080               0.0159781           0.0241575           0.0397523           -0.0219455          -0.0510501          0.0348577           
0.629461            46336               0.0138642           0.0231383           0.0363176           -0.0212626          -0.0472331          0.0335935           
0.632939            46592               0.0135315           0.0265444           0.0395179           -0.0236035          -0.0527009          0.0391528           
0.636417            46848               0.0127276           0.019703            0.0360165           -0.0182374          -0.0476524          0.0282708           
0.639894            47104               0.014692            0.0197725           0.0361959           -0.01819            -0.0463553          0.0281148           
0.643372            47360               0.013992            0.0216557           0.0360317           -0.0198671          -0.0466706          0.0312326           
0.64685             47616               0.0145606           0.0224544           0.0380974           -0.0204205          -0.0495355          0.0323979           
0.650327            47872               0.0153358           0.025261            0.0393063           -0.0228283          -0.0508605          0.0367568           
0.653805            48128               0.0146917           0.021829            0.0386172           -0.020158           -0.0502463          0.0312888           
0.657283            48384               0.0170227           0.0227836           0.0414673           -0.0208627          -0.0529563          0.0324152           
0.66076             48640               0.0158182           0.0280471           0.0433556           -0.0252755          -0.0569832          0.0410162           
0.664238            48896               0.0168942           0.0262664           0.0443695           -0.0238182          -0.0577266          0.0379454           
0.667716            49152               0.0181279           0.0265494           0.0448165           -0.0242313          -0.057435           0.0381642           
0.671193            49408               0.0183103           0.0277785           0.0457548           -0.0253141          -0.058806           0.0400732           
0.674671            49664               0.0173086           0.0267802           0.0450708           -0.024551           -0.0584926          0.0386169           
0.678149            49920               0.0177938           0.0312754           0.0465818           -0.028011           -0.0605779          0.0458187           
0.681626            50176               0.0180422           0.0280987           0.044344            -0.0255726          -0.0567542          0.0406787           
0.685104            50432               0.0169943           0.0258426           0.0425782           -0.0236571          -0.0547451          0.0372604           
0.688582            50688               0.0156596           0.0270817           0.0431226           -0.0243933          -0.0567327          0.0395075           
0.69206             50944               0.0150524           0.0285255           0.0443753           -0.0254037          -0.0592561          0.0419334           
0.695537            51200               0.0154374           0.0227365           0.0399664           -0.0209265          -0.0517841          0.0326038           
0.699015            51456               0.0152067           0.0225382           0.0375494           -0.0207975          -0.0480866          0.0323878           
0.702493            51712               0.0151337           0.024938            0.039622            -0.0222983          -0.0515339          0.0363212           
0.70597             51968               0.013973            0.0241757           0.0382906           -0.0217013          -0.0503234          0.035297            
0.709448            52224               0.0138627           0.0236303           0.0368795           -0.0214049          -0.0481258          0.0344433           
0.712926            52480               0.0143578           0.0223838           0.0378777           -0.0201797          -0.0493359          0.0323722           
0.716403            52736               0.0139562           0.0178641           0.0342479           -0.0167515          -0.0437816          0.0251755           
0.719881            52992               0.0134139           0.0255295           0.0381689           -0.0228786          -0.0505922          0.0375554           
0.723359            53248               0.0135872           0.0216026           0.0370584           -0.0196989          -0.0486202          0.0312119           
0.726836            53504               0.0151035           0.0213717           0.0385377           -0.0194515          -0.0497978          0.0305777           
0.730314            53760               0.0150145           0.0247391           0.0404772           -0.0222826          -0.0530083          0.0359528           
0.733792            54016               0.0145761           0.0228947           0.038976            -0.0210852          -0.0509157          0.0330091           
0.73727             54272               0.0159564           0.0249903           0.0416839           -0.022591           -0.0541894          0.0361541           
0.740747            54528               0.0158126           0.0238765           0.0404577           -0.0218191          -0.0523055          0.0343821           
0.744225            54784               0.0152612           0.0250716           0.0411468           -0.022696           -0.0538859          0.0363952           
0.747703            55040               0.0151657           0.0240335           0.0409735           -0.0219049          -0.0536734          0.0347215           
0.75118             55296               0.0156404           0.0268345           0.042335            -0.0241747          -0.0554977          0.0391414           
0.754658            55552               0.0149667           0.0248816           0.0419257           -0.0226731          -0.0553621          0.036072            
0.758136            55808               0.0158422           0.0245721           0.0419092           -0.0223351          -0.0546311          0.0354641           
0.761613            56064               0.0149174           0.0288719           0.0430155           -0.0258655          -0.0571976          0.0425106           
0.765091            56320               0.0141733           0.0271695           0.0439033           -0.0243231          -0.0592231          0.0398734           
0.768569            56576               0.0152254           0.0263031           0.0427138           -0.0237828          -0.056434           0.0383199           
0.772046            56832               0.0156652           0.0300927           0.0450541           -0.0267569          -0.0598795          0.0443336           
0.775524            57088               0.0156328           0.0255646           0.0432156           -0.0231974          -0.0569137          0.0370419           
0.779002            57344               0.0156485           0.0248775           0.0415192           -0.0227545          -0.054155           0.0359566           
0.782479            57600               0.0149494           0.0258862           0.0411157           -0.023592           -0.0540932          0.0376979           
0.785957            57856               0.0139557           0.0265075           0.0430456           -0.0236864          -0.0580227          0.0388859           
0.789435            58112               0.0140623           0.0238774           0.0408531           -0.0216211          -0.0543833          0.0346703           
0.792912            58368               0.014629            0.0262542           0.0401824           -0.0236815          -0.0528646          0.0384234           
0.79639             58624               0.0133407           0.0239174           0.0392815           -0.0217593          -0.0524503          0.0348642           
0.799868            58880               0.01362             0.0234964           0.0396888           -0.0212928          -0.0528696          0.0341609           
0.803346            59136               0.0135457           0.0253108           0.0414422           -0.0226984          -0.0557761          0.0370656           
0.806823            59392               0.0145606           0.0240191           0.0423752           -0.0216766          -0.0564494          0.0347877           
0.810301            59648               0.0155258           0.0267081           0.0426156           -0.0240902          -0.0560479          0.0389349           
0.813779            59904               0.0145306           0.024176            0.0403031           -0.0222857          -0.0531066          0.0349953           
0.817256            60160               0.0153863           0.0274779           0.043905            -0.0245854          -0.0582536          0.0401853           
0.820734            60416               0.0143656           0.0245764           0.0419414           -0.0223976          -0.0558931          0.0356615           
0.824212            60672               0.0145827           0.0246212           0.0423809           -0.022298           -0.056415           0.0357221           
0.827689            60928               0.0148214           0.0248598           0.0418002           -0.0226017          -0.0552808          0.0360652           
0.831167            61184               0.0141227           0.0253361           0.041163            -0.0229208          -0.0548197          0.0369753           
0.834645            61440               0.0145756           0.026127            0.0425776           -0.0233573          -0.0567584          0.0381892           
0.838122            61696               0.0147684           0.0231211           0.0402682           -0.0210401          -0.0528578          0.0333424           
0.8416              61952               0.0138634           0.0274036           0.0420013           -0.0243586          -0.0564108          0.0403862           
0.845078            62208               0.0136757           0.0256413           0.0426644           -0.022906           -0.057608           0.0375447           
0.848555            62464               0.0143463           0.0230912           0.0407822           -0.0210797          -0.054013           0.0333219           
0.852033            62720               0.0150473           0.0260204           0.0429548           -0.0233924          -0.0569585          0.0379034           
0.855511            62976               0.0151463           0.0253526           0.0429007           -0.0229226          -0.0567786          0.0367922           
0.858989            63232               0.0154288           0.0271731           0.0436096           -0.0244045          -0.0577024          0.0396722           
0.862466            63488               0.0153381           0.0306359           0.0463716           -0.0271499          -0.0622441          0.0452142           
0.865944            63744               0.0156075           0.0260609           0.043669            -0.0236638          -0.0576316          0.037805            
0.869422            64000               0.0164165           0.0267357           0.0433503           -0.024242           -0.0564684          0.0387819           
0.872899            64256               0.0151314           0.0272604           0.0417932           -0.0247522          -0.0550096          0.0398505           
0.876377            64512               0.0135236           0.0263068           0.041234            -0.0237671          -0.0554152          0.0386131           
0.879855            64768               0.0133312           0.0279609           0.0412965           -0.0249948          -0.0556891          0.0413453           
0.883332            65024               0.0137423           0.0271981           0.0415119           -0.024266           -0.0557097          0.04007             
0.88681             65280               0.0145078           0.0227563           0.0387005           -0.0207959          -0.0505147          0.0328328           
0.890288            65536               0.0137607           0.0277665           0.0395857           -0.0248051          -0.0525798          0.041036            
0.893765            65792               0.0130081           0.0237672           0.037587            -0.0215343          -0.0499539          0.0347453           
0.897243            66048               0.0135328           0.0246683           0.0397443           -0.0220583          -0.0530321          0.0361034           
0.900721            66304               0.013769            0.0235369           0.0379617           -0.0215066          -0.0499211          0.0342129           
0.904198            66560               0.0150676           0.0285969           0.0405103           -0.0256049          -0.05301            0.0421296           
0.907676            66816               0.0146507           0.0280734           0.0415556           -0.025229           -0.0550314          0.0412949           
0.911154            67072               0.0157395           0.0247135           0.0406428           -0.02257            -0.0526294          0.0357163           
0.914631            67328               0.0164988           0.027231            0.0405988           -0.0248162          -0.0519708          0.0396293           
0.918109            67584               0.0157081           0.0325353           0.0440874           -0.029072           -0.0582569          0.0482262           
0.921587            67840               0.0163199           0.0282173           0.0433419           -0.0255275          -0.0565211          0.0411853           
0.925065            68096               0.0165987           0.0282411           0.0426483           -0.0255628          -0.0551841          0.0412015           
0.928542            68352               0.0165318           0.0283925           0.0423406           -0.0257804          -0.0547316          0.041445            
0.93202             68608               0.0160848           0.0257553           0.0413016           -0.0236186          -0.0534013          0.0372828           
0.935498            68864               0.0165795           0.0270539           0.0413881           -0.0245352          -0.0531597          0.0393418           
0.938975            69120               0.0158665           0.0307327           0.0442241           -0.0273861          -0.0583385          0.0453363           
0.942453            69376               0.016414            0.0250559           0.0415272           -0.0228771          -0.0534817          0.0361407           
0.945931            69632               0.0169978           0.0260382           0.0401592           -0.0238508          -0.050805           0.037646            
0.949408            69888               0.016987            0.0262583           0.0405829           -0.0239093          -0.0515128          0.0380154           
0.952886            70144               0.0162857           0.026658            0.0405608           -0.0241228          -0.0520394          0.0387945           
0.956364            70400               0.0159728           0.0258489           0.0395588           -0.0234796          -0.0506642          0.0375617           
0.959841            70656               0.01633             0.0246223           0.0402495           -0.0223175          -0.0514847          0.0355415           
0.963319            70912               0.0168446           0.0222012           0.0385137           -0.0204311          -0.048252           0.0315857           
0.966797            71168               0.0169395           0.02515             0.0387091           -0.0228386          -0.0485158          0.0363332           
0.970275            71424               0.0151924           0.0256448           0.0385466           -0.0231182          -0.0496633          0.0374265           
0.973752            71680               0.0149733           0.0237904           0.0383281           -0.0215133          -0.0494927          0.0344871           
0.97723             71936               0.016867            0.0228251           0.0382524           -0.0206755          -0.0478197          0.0326659           
0.980708            72192               0.0173215           0.02159             0.0374471           -0.0198198          -0.0461531          0.0305869           
0.984185            72448               0.0178425           0.0240584           0.0390347           -0.0218978          -0.0482969          0.0344338           
0.987663            72704               0.0174471           0.0252426           0.0393341           -0.023044           -0.0490818          0.0363559           
0.991141            72960               0.0180573           0.0257711           0.0399241           -0.0234149          -0.0495325          0.0371175           
0.994618            73216               0.0180179           0.0240229           0.0391522           -0.0220246          -0.0483355          0.0343063           
0.998096            73472               0.0178969           0.0255099           0.0410304           -0.0231667          -0.0514605          0.0366842           
1.00157             73728               0.0181686           0.0259635           0.0410959           -0.0237494          -0.0513266          0.0373261           
1.00505             73984               0.0182921           0.0270901           0.0419217           -0.0246997          -0.0525558          0.039096            
1.00853             74240               0.0186385           0.0243796           0.0410383           -0.0225266          -0.0508381          0.0346795           
1.01201             74496               0.0189952           0.0267614           0.0426543           -0.0244459          -0.0531711          0.0384312           
1.01548             74752               0.0186819           0.0274991           0.0428828           -0.0249615          -0.0537899          0.0396861           
1.01896             75008               0.0181861           0.0285505           0.0425164           -0.0258727          -0.0536028          0.0414594           
1.02244             75264               0.0187113           0.0252512           0.041317            -0.023078           -0.0512303          0.036112            
1.02592             75520               0.0186673           0.0243348           0.0396779           -0.0223647          -0.0486307          0.0346809           
1.0294              75776               0.0174876           0.0254173           0.0392208           -0.0232046          -0.0488595          0.0366316           
1.03287             76032               0.0166129           0.0239756           0.0383905           -0.0219327          -0.0482193          0.0344808           
1.03635             76288               0.0166589           0.0258547           0.0398201           -0.0232581          -0.0505042          0.037519            
1.03983             76544               0.0159273           0.0231817           0.037417            -0.0212227          -0.0472116          0.0333457           
1.04331             76800               0.0161478           0.0256823           0.0397118           -0.0230338          -0.0507628          0.0373377           
1.04678             77056               0.0165151           0.0254568           0.0409561           -0.0228243          -0.0524658          0.0368842           
1.05026             77312               0.0175592           0.0237198           0.0389714           -0.0217336          -0.0483947          0.0339098           
1.05374             77568               0.0173683           0.0212131           0.0362204           -0.0198981          -0.0440921          0.0299235           
1.05722             77824               0.0165977           0.0238631           0.0388684           -0.0216692          -0.0490244          0.0343276           
1.06069             78080               0.0162457           0.0261358           0.0419207           -0.0234837          -0.0542479          0.0379608           
1.06417             78336               0.0173837           0.0244462           0.0421911           -0.022339           -0.0537379          0.0349955           
1.06765             78592               0.0191818           0.0248633           0.041381            -0.0230137          -0.0509442          0.0353551           
1.07113             78848               0.0184689           0.0266739           0.0409513           -0.0246578          -0.050843           0.0383573           
1.07461             79104               0.0185742           0.0301714           0.044798            -0.0271419          -0.0569795          0.0439612           
1.07808             79360               0.0187073           0.025384            0.0420792           -0.0234777          -0.0524606          0.036228            
1.08156             79616               0.018255            0.0266863           0.0417058           -0.0245224          -0.0522239          0.0384174           
1.08504             79872               0.0178056           0.0278076           0.0435352           -0.0251213          -0.0555549          0.0403113           
1.08852             80128               0.0174583           0.026174            0.042865            -0.0237385          -0.0547469          0.0377535           
1.09199             80384               0.0181777           0.0275745           0.0431499           -0.0248466          -0.0546403          0.0399108           
1.09547             80640               0.017724            0.0264979           0.0417187           -0.0241057          -0.0526901          0.0382483           
1.09895             80896               0.0175656           0.0243478           0.0399906           -0.0223666          -0.0500091          0.0348484           
1.10243             81152               0.0172875           0.0263134           0.0409365           -0.0238038          -0.0517707          0.0380773           
1.1059              81408               0.017451            0.023728            0.038725            -0.0217471          -0.0480626          0.0339308           
1.10938             81664               0.0171988           0.023292            0.038178            -0.0213465          -0.0473868          0.0332898           
1.11286             81920               0.016116            0.028058            0.0410258           -0.0250566          -0.052883           0.0411055           
1.11634             82176               0.0170793           0.0247292           0.0402953           -0.0224935          -0.0508886          0.0355689           
1.11981             82432               0.0177288           0.0254267           0.0390776           -0.0232884          -0.0483884          0.0365875           
1.12329             82688               0.01784             0.0253576           0.0383281           -0.0232814          -0.0471009          0.03647             
1.12677             82944               0.0177111           0.0249823           0.0393012           -0.0229095          -0.048774           0.0358661           
1.13025             83200               0.0174528           0.0262843           0.0414127           -0.0237263          -0.0523971          0.0380015           
1.13373             83456               0.0179442           0.0271778           0.0410592           -0.0245682          -0.0514179          0.0393633           
1.1372              83712               0.0184533           0.0252072           0.0398498           -0.0231399          -0.0490341          0.0361001           
1.14068             83968               0.0182853           0.028245            0.0407448           -0.0256513          -0.050623           0.0410028           
1.14416             84224               0.0177039           0.0249134           0.0397812           -0.0228751          -0.049521           0.0357463           
1.14764             84480               0.0187235           0.0272558           0.0417314           -0.0245726          -0.0518595          0.0393757           
1.15111             84736               0.0176157           0.026676            0.039513            -0.0245186          -0.0491442          0.0385759           
1.15459             84992               0.0185621           0.0279671           0.0416069           -0.0253766          -0.05177            0.040506            
1.15807             85248               0.0196646           0.0259132           0.0411526           -0.0237912          -0.0501383          0.0370169           
1.16155             85504               0.0201948           0.0292925           0.0424129           -0.0265335          -0.051763           0.0423707           
1.16502             85760               0.0186198           0.0232754           0.0386104           -0.0220125          -0.0468587          0.0329044           
1.1685              86016               0.0197311           0.0299601           0.042625            -0.0270425          -0.0525175          0.0435254           
1.17198             86272               0.0184197           0.0290573           0.0407847           -0.0266833          -0.0506049          0.0422286           
1.17546             86528               0.0187918           0.029135            0.0415668           -0.0267357          -0.0515612          0.0422822           
1.17894             86784               0.0183768           0.0264513           0.039152            -0.0248222          -0.0479951          0.0380156           
1.18241             87040               0.0188909           0.0288096           0.0403982           -0.0266752          -0.0496199          0.0417302           
1.18589             87296               0.0176534           0.0280006           0.0391267           -0.026059           -0.048574           0.0406345           
1.18937             87552               0.0182168           0.0288099           0.038935            -0.0267702          -0.0478205          0.0418537           
1.19285             87808               0.0177728           0.0300513           0.0395251           -0.0276743          -0.049123           0.0439354           
1.19632             88064               0.0171891           0.0251375           0.0357936           -0.023826           -0.043537           0.0361579           
1.1998              88320               0.0175096           0.0262221           0.0351795           -0.0244582          -0.0423213          0.0379431           
1.20328             88576               0.0161694           0.0290886           0.03762             -0.0264466          -0.0473773          0.042775            
1.20676             88832               0.0161954           0.0268234           0.0385988           -0.0244299          -0.048911           0.0391163           
1.21023             89088               0.0171362           0.0292091           0.0390609           -0.02668            -0.0488805          0.0427482           
1.21371             89344               0.0185499           0.027586            0.0375825           -0.0255546          -0.0453319          0.0399141           
1.21719             89600               0.0177052           0.0267213           0.0364747           -0.0249549          -0.0442202          0.0386456           
1.22067             89856               0.0168289           0.0283495           0.0380343           -0.0258647          -0.0474756          0.0414529           
1.22415             90112               0.0172126           0.0288761           0.039               -0.0261446          -0.0487286          0.0422501           
1.22762             90368               0.0166182           0.0283558           0.0385205           -0.0258246          -0.0484066          0.0414869           
1.2311              90624               0.0170345           0.0252345           0.0352753           -0.0234418          -0.0428177          0.0364424           
1.23458             90880               0.0162819           0.0267867           0.037542            -0.0243903          -0.0471104          0.0390597           
1.23806             91136               0.0173346           0.0272196           0.0395773           -0.024496           -0.0495502          0.0395967           
1.24153             91392               0.0176094           0.0265363           0.0380708           -0.0241923          -0.0468815          0.03844             
1.24501             91648               0.0169582           0.0273436           0.0367396           -0.0251195          -0.04525            0.0398205           
1.24849             91904               0.0173206           0.0262517           0.0375734           -0.0240253          -0.0463206          0.038019            
1.25197             92160               0.0172837           0.0251193           0.0387602           -0.022927           -0.0482715          0.0361943           
1.25544             92416               0.0173406           0.0281924           0.0400633           -0.025553           -0.050334           0.0410877           
1.25892             92672               0.018174            0.0279173           0.0392888           -0.025494           -0.0483968          0.0405093           
1.2624              92928               0.0169954           0.02617             0.0373068           -0.0241506          -0.0461589          0.0379              
1.26588             93184               0.016824            0.0251264           0.0376743           -0.0231301          -0.0469046          0.0362656           
1.26936             93440               0.0169381           0.0242106           0.0384194           -0.0222676          -0.0480233          0.0347713           
1.27283             93696               0.0166452           0.0277053           0.0403598           -0.0252022          -0.0514006          0.0403855           
1.27631             93952               0.0176541           0.0264728           0.0411129           -0.024316           -0.0517846          0.0381934           
1.27979             94208               0.0175038           0.0308092           0.0418253           -0.0279651          -0.0530613          0.0451851           
1.28327             94464               0.0177098           0.0257424           0.0384164           -0.0240644          -0.0473853          0.0370159           
1.28674             94720               0.0174036           0.02817             0.040544            -0.0256909          -0.0511167          0.0410027           
1.29022             94976               0.0162741           0.0301124           0.0409218           -0.0273511          -0.0526445          0.044284            
1.2937              95232               0.0165513           0.0268692           0.0398793           -0.0246943          -0.0507076          0.0390425           
1.29718             95488               0.0166976           0.0261366           0.0390691           -0.0241436          -0.0492863          0.0378545           
1.30065             95744               0.0170778           0.0292139           0.0401672           -0.0265185          -0.0507943          0.0427727           
1.30413             96000               0.0151919           0.0287676           0.0404207           -0.0261375          -0.0527318          0.0423237           
1.30761             96256               0.016099            0.0272224           0.040356            -0.0248218          -0.0518691          0.0397138           
1.31109             96512               0.0158218           0.0270071           0.0393344           -0.0248587          -0.050446           0.0393879           
1.31457             96768               0.0176126           0.0280732           0.0416141           -0.0255795          -0.0526909          0.0408099           
1.31804             97024               0.0162883           0.0290247           0.0403345           -0.0265669          -0.0516863          0.0425362           
1.32152             97280               0.0163664           0.0268662           0.0398942           -0.0247537          -0.0509125          0.0390588           
1.325               97536               0.0158557           0.0249035           0.0397819           -0.0230828          -0.0511223          0.035981            
1.32848             97792               0.0171511           0.0250849           0.0396188           -0.0232681          -0.0498239          0.0360797           
1.33195             98048               0.0173708           0.0316354           0.0424451           -0.0285202          -0.0542514          0.0465694           
1.33543             98304               0.0168646           0.0280132           0.0401688           -0.0258383          -0.0509555          0.0407936           
1.33891             98560               0.0168142           0.0292882           0.0422672           -0.0265995          -0.054396           0.0428602           
1.34239             98816               0.0169339           0.0268232           0.0402934           -0.0248127          -0.0510854          0.0388687           
1.34586             99072               0.0165131           0.0280919           0.0412728           -0.025702           -0.0530234          0.0409832           
1.34934             99328               0.0162288           0.0295749           0.0431344           -0.0267098          -0.0562642          0.043411            
1.35282             99584               0.0165023           0.0273749           0.0417413           -0.0250558          -0.0537715          0.0398255           
1.3563              99840               0.0171843           0.0286576           0.0419049           -0.0261354          -0.0534901          0.0417869           
1.35978             100096              0.0166768           0.026088            0.0391856           -0.0243132          -0.0495114          0.0377249           
1.36325             100352              0.0168451           0.0283914           0.0422735           -0.0257562          -0.05438            0.041428            
1.36673             100608              0.0162563           0.0273717           0.0406405           -0.0251586          -0.0521975          0.0398645           
1.37021             100864              0.0166047           0.0284383           0.0407114           -0.0260436          -0.0520318          0.041532            
1.37369             101120              0.0165607           0.0260586           0.0410807           -0.0239365          -0.0526579          0.0377147           
1.37716             101376              0.0159164           0.0293384           0.0424823           -0.0264991          -0.0554585          0.0430938           
1.38064             101632              0.0167927           0.030768            0.0437963           -0.027703           -0.0568699          0.0452239           
1.38412             101888              0.0169789           0.0327902           0.0449463           -0.0293798          -0.0585805          0.0484212           
1.3876              102144              0.0171616           0.0273244           0.0417572           -0.02518            -0.0532386          0.0395968           
1.39107             102400              0.0164443           0.0239106           0.0391811           -0.022355           -0.0496494          0.0342734           
1.39455             102656              0.0167219           0.0303131           0.0418941           -0.0272259          -0.0538522          0.0445823           
1.39803             102912              0.0153419           0.0248697           0.0388404           -0.022913           -0.0500114          0.0360494           
1.40151             103168              0.0161149           0.0272763           0.039429            -0.0245885          -0.0503462          0.0398813           
1.40499             103424              0.0150912           0.0247609           0.0362865           -0.0226845          -0.0461084          0.0360264           
1.40846             103680              0.0144412           0.0237011           0.0371901           -0.021443           -0.0481006          0.034467            
1.41194             103936              0.0138508           0.0248638           0.0378143           -0.0223758          -0.0495894          0.0364174           
1.41542             104192              0.0149735           0.02678             0.0382326           -0.0239847          -0.0493696          0.0393267           
1.4189              104448              0.0145161           0.0224006           0.035739            -0.0206628          -0.0456831          0.032331            
1.42237             104704              0.0154536           0.0250286           0.0381343           -0.0225173          -0.048819           0.0364325           
1.42585             104960              0.0142857           0.0255828           0.0373282           -0.0232159          -0.0484569          0.0374641           
1.42933             105216              0.0151005           0.0225073           0.0370303           -0.0206234          -0.0472955          0.0324              
1.43281             105472              0.0146543           0.0249281           0.0385916           -0.0224228          -0.0501997          0.0363675           
1.43628             105728              0.0134572           0.0260463           0.0405219           -0.0231911          -0.0542771          0.0383206           
1.43976             105984              0.0149237           0.0251431           0.0406773           -0.0224523          -0.0533373          0.0366381           
1.44324             106240              0.0159667           0.023645            0.0400784           -0.0214402          -0.0515051          0.034027            
1.44672             106496              0.0163427           0.0236771           0.0400407           -0.0214879          -0.0511377          0.0340161           
1.4502              106752              0.015625            0.0277341           0.0428954           -0.0244806          -0.0563431          0.0406636           
1.45367             107008              0.0155142           0.0229776           0.0408553           -0.020659           -0.0531223          0.0330355           
1.45715             107264              0.0155324           0.0208854           0.0386344           -0.0191185          -0.0494944          0.0296816           
1.46063             107520              0.0161904           0.0250617           0.0420019           -0.0222278          -0.0544331          0.0362962           
1.46411             107776              0.0152386           0.0237621           0.042095            -0.021131           -0.0553342          0.0343377           
1.46758             108032              0.0160949           0.0241525           0.04153             -0.0215126          -0.0537242          0.0348469           
1.47106             108288              0.0156088           0.0253534           0.0421407           -0.0224724          -0.0551078          0.0368412           
1.47454             108544              0.0159563           0.0254646           0.0437714           -0.0225362          -0.0574607          0.0369189           
1.47802             108800              0.0169989           0.0273289           0.0467276           -0.0241138          -0.0613784          0.0396687           
1.48149             109056              0.01835             0.0255813           0.0466337           -0.0229514          -0.0600932          0.0365846           
1.48497             109312              0.0189617           0.0276089           0.0470124           -0.0247826          -0.0602158          0.0397163           
1.48845             109568              0.0187622           0.028105            0.0484941           -0.0251706          -0.0627744          0.0404991           
1.49193             109824              0.0189145           0.029972            0.0488008           -0.0267036          -0.0631362          0.0434882           
1.49541             110080              0.0172728           0.0287392           0.0461502           -0.0258495          -0.0601923          0.0417838           
1.49888             110336              0.0177823           0.0265732           0.0463504           -0.0236842          -0.060122           0.0382946           
1.50236             110592              0.0171497           0.025471            0.0451075           -0.0226692          -0.0586326          0.0366745           
1.50584             110848              0.0159035           0.0240657           0.0422258           -0.0215918          -0.0550018          0.0346627           
1.50932             111104              0.0154324           0.0233393           0.0414099           -0.0208683          -0.0540688          0.0336181           
1.51279             111360              0.015031            0.0239028           0.0413972           -0.0211637          -0.0543821          0.0346309           
1.51627             111616              0.0146206           0.0231762           0.0402535           -0.02045            -0.0528844          0.0335829           
1.51975             111872              0.014637            0.0219565           0.0380573           -0.0196042          -0.0493215          0.0316453           
1.52323             112128              0.0144134           0.0216542           0.0385491           -0.0191258          -0.0503225          0.0312259           
1.5267              112384              0.013511            0.0219804           0.0392926           -0.0194477          -0.0522415          0.0318498           
1.53018             112640              0.0147033           0.0216894           0.0398852           -0.0193061          -0.0522178          0.0311635           
1.53366             112896              0.0152629           0.0199957           0.0400661           -0.0180129          -0.0520398          0.0283143           
1.53714             113152              0.0163604           0.0238762           0.0435893           -0.0211263          -0.0568661          0.0343232           
1.54062             113408              0.0165521           0.02815             0.0475831           -0.0246805          -0.0631645          0.0410601           
1.54409             113664              0.0175785           0.0259142           0.0454632           -0.0233979          -0.0588548          0.0372379           
1.54757             113920              0.0193554           0.024872            0.0440551           -0.0226806          -0.0551587          0.0353028           
1.55105             114176              0.0181588           0.0282477           0.0454182           -0.025217           -0.0583628          0.0409444           
1.55453             114432              0.0166561           0.0277205           0.0454254           -0.024726           -0.0595953          0.0403271           
1.558               114688              0.0171266           0.0268297           0.0453824           -0.0239677          -0.059142           0.0388299           
1.56148             114944              0.0166751           0.0246457           0.0431673           -0.0223318          -0.0559235          0.0354016           
1.56496             115200              0.0169483           0.0298144           0.0463883           -0.0263087          -0.0609495          0.0436735           
1.56844             115456              0.0161288           0.0278702           0.0440095           -0.0248587          -0.0577439          0.0407003           
1.57191             115712              0.0157846           0.0238826           0.0425384           -0.0214966          -0.0556482          0.0343752           
1.57539             115968              0.0169857           0.026154            0.0454693           -0.022991           -0.0594365          0.0378643           
1.57887             116224              0.0155997           0.0277218           0.0436159           -0.0245639          -0.0575599          0.0405961           
1.58235             116480              0.015741            0.0258938           0.0420413           -0.0231314          -0.0549024          0.0376584           
1.58582             116736              0.0158551           0.0237423           0.0409699           -0.0213759          -0.053082           0.0341955           
1.5893              116992              0.0166123           0.024981            0.0419039           -0.0222895          -0.0539922          0.0360824           
1.59278             117248              0.0155619           0.027163            0.0424061           -0.0240786          -0.0556653          0.0397487           
1.59626             117504              0.0157104           0.0271324           0.0433475           -0.0240678          -0.0570543          0.0396445           
1.59974             117760              0.0167036           0.0261257           0.0432351           -0.0233171          -0.0560692          0.0378577           
1.60321             118016              0.0170902           0.0243116           0.0400121           -0.0222128          -0.0505321          0.0348841           
1.60669             118272              0.0162156           0.0285644           0.0419025           -0.0254241          -0.0543455          0.0418884           
1.61017             118528              0.0146932           0.027058            0.0422774           -0.0240271          -0.0561737          0.0397067           
1.61365             118784              0.015392            0.0253691           0.0414488           -0.0225941          -0.0542667          0.0369155           
1.61712             119040              0.0158688           0.0238268           0.0392749           -0.0215278          -0.0503616          0.0343769           
1.6206              119296              0.0147919           0.0247118           0.0389349           -0.0222498          -0.0506925          0.0359789           
1.62408             119552              0.0148235           0.0287709           0.0418657           -0.0252985          -0.0554291          0.0425078           
1.62756             119808              0.0146105           0.0226174           0.0382139           -0.0205053          -0.0496743          0.0326519           
1.63103             120064              0.0155792           0.0230947           0.0384427           -0.020826           -0.0492682          0.0332917           
1.63451             120320              0.0142317           0.021955            0.037244            -0.02005            -0.0484248          0.0316467           
1.63799             120576              0.0149472           0.0250209           0.0395471           -0.0224645          -0.0515719          0.0364487           
1.64147             120832              0.0155954           0.0235347           0.039535            -0.0212405          -0.0510265          0.0339526           
1.64495             121088              0.0157186           0.0253268           0.040127            -0.0228614          -0.0518856          0.0367737           
1.64842             121344              0.0155009           0.0259239           0.0419609           -0.023479           -0.0550076          0.0376799           
1.6519              121600              0.018011            0.0273871           0.0452109           -0.0247031          -0.0582252          0.0395634           
1.65538             121856              0.0178448           0.028457            0.0455877           -0.025856           -0.0589472          0.0412387           
1.65886             122112              0.0190007           0.0299273           0.046387            -0.0272164          -0.059314           0.0433805           
1.66233             122368              0.018685            0.0311719           0.0468521           -0.0282525          -0.0603159          0.0454207           
1.66581             122624              0.0178279           0.0297272           0.0450802           -0.0272041          -0.058144           0.0432366           
1.66929             122880              0.0184545           0.0294919           0.0457824           -0.0267801          -0.0587836          0.0427979           
1.67277             123136              0.017607            0.0274557           0.0423527           -0.0253877          -0.0539191          0.0396783           
1.67624             123392              0.0171004           0.0291663           0.0440588           -0.0263383          -0.0570972          0.0425739           
1.67972             123648              0.0154532           0.0292055           0.0434955           -0.0262095          -0.0575452          0.0429348           
1.6832              123904              0.0167651           0.0267557           0.0417845           -0.0242553          -0.0537123          0.0388276           
1.68668             124160              0.0170317           0.0246966           0.0398024           -0.022621           -0.0502984          0.035511            
1.69016             124416              0.0165772           0.0234515           0.0373776           -0.0216872          -0.0467553          0.0336238           
1.69363             124672              0.0157489           0.0256789           0.0386711           -0.023268           -0.0495329          0.0373634           
1.69711             124928              0.0145052           0.0248246           0.0383385           -0.0224887          -0.0499908          0.0361968           
1.70059             125184              0.0158478           0.0244532           0.0400767           -0.0219943          -0.0517237          0.0353859           
1.70407             125440              0.0168792           0.0269191           0.0411094           -0.0242113          -0.0525504          0.0391417           
1.70754             125696              0.0165136           0.0268477           0.0403006           -0.0244871          -0.0515257          0.0390251           
1.71102             125952              0.0172111           0.02772             0.0423229           -0.0250782          -0.0542303          0.0402969           
1.7145              126208              0.0171229           0.0271004           0.0415285           -0.0246949          -0.053008           0.0393057           
1.71798             126464              0.0175506           0.0271516           0.0418318           -0.0247181          -0.0531542          0.0393209           
1.72145             126720              0.0176604           0.0270197           0.0416581           -0.0246094          -0.0527735          0.0391003           
1.72493             126976              0.017558            0.02694             0.0421693           -0.024487           -0.053693           0.0389828           
1.72841             127232              0.0174829           0.028308            0.0415318           -0.0256703          -0.0527246          0.041214            
1.73189             127488              0.0174773           0.0252282           0.039601            -0.0233268          -0.0495922          0.0362567           
1.73537             127744              0.0176232           0.0255659           0.0417322           -0.0233601          -0.052922           0.0367686           
1.73884             128000              0.0179192           0.0281744           0.0431183           -0.0255255          -0.0549272          0.0408898           
1.74232             128256              0.0189737           0.0278857           0.0426303           -0.0253914          -0.0532763          0.0402612           
1.7458              128512              0.0179506           0.0294676           0.0424377           -0.0267679          -0.0538011          0.0429529           
1.74928             128768              0.0180817           0.0279892           0.0436202           -0.0254179          -0.0555901          0.0405393           
1.75275             129024              0.0175853           0.0283727           0.0430492           -0.0258423          -0.0550549          0.0412266           
1.75623             129280              0.0177335           0.0290639           0.0432063           -0.0264375          -0.0551955          0.0423097           
1.75971             129536              0.0182038           0.0263028           0.0430229           -0.0240041          -0.0545126          0.037824            
1.76319             129792              0.0182329           0.0291132           0.0434739           -0.0262945          -0.0552252          0.042353            
1.76666             130048              0.0163274           0.0259967           0.0391603           -0.0240049          -0.049788           0.0376737           
1.77014             130304              0.016548            0.0250624           0.0408182           -0.0227644          -0.0522991          0.0361912           
1.77362             130560              0.0163887           0.0255831           0.0412555           -0.023088           -0.0531419          0.0370669           
1.7771              130816              0.0167146           0.0246223           0.0399697           -0.0225032          -0.0507786          0.0354622           
1.78058             131072              0.0172179           0.0257268           0.0404288           -0.0232341          -0.0511289          0.0371999           
1.78405             131328              0.016082            0.0292275           0.0423719           -0.0260149          -0.0552097          0.0429791           
1.78753             131584              0.0163925           0.0241929           0.0411625           -0.0220536          -0.0529392          0.0348002           
1.79101             131840              0.0182638           0.0230155           0.0403817           -0.021149           -0.0501614          0.0326325           
1.79449             132096              0.0181562           0.0242962           0.0399186           -0.0224132          -0.0495132          0.034677            
1.79796             132352              0.0185874           0.0287889           0.0442718           -0.0257389          -0.0562174          0.041818            
1.80144             132608              0.0180214           0.0267842           0.0418723           -0.0245348          -0.0527577          0.0386355           
1.80492             132864              0.0179592           0.0255835           0.0403884           -0.0236197          -0.0504007          0.036737            
1.8084              133120              0.0182598           0.0265543           0.041828            -0.0240282          -0.0525122          0.0383063           
1.81187             133376              0.0177834           0.0262509           0.0410071           -0.0238169          -0.0515758          0.037903            
1.81535             133632              0.0170737           0.0230302           0.0384952           -0.0214639          -0.0480631          0.0328156           
1.81883             133888              0.0177259           0.0276142           0.0405788           -0.0249324          -0.0509359          0.0401318           
1.82231             134144              0.0164193           0.0237446           0.0385353           -0.0219633          -0.048678           0.0340838           
1.82579             134400              0.0177604           0.0265804           0.0412326           -0.0239048          -0.0519724          0.0384757           
1.82926             134656              0.0169245           0.0272942           0.0396135           -0.0248545          -0.0500153          0.0397177           
1.83274             134912              0.0179699           0.0244413           0.039344            -0.0224728          -0.0487226          0.0349688           
1.83622             135168              0.0172719           0.0212206           0.0372354           -0.0200084          -0.0458455          0.0298908           
1.8397              135424              0.0171464           0.0265719           0.0394363           -0.0240997          -0.0495395          0.0385565           
1.84317             135680              0.0166237           0.0235835           0.0381775           -0.021708           -0.0478973          0.0338285           
1.84665             135936              0.0179954           0.0252699           0.0391526           -0.0230234          -0.0483725          0.0363355           
1.85013             136192              0.0166235           0.0266517           0.0390591           -0.0242937          -0.0493205          0.0387379           
1.85361             136448              0.0169668           0.0265373           0.040714            -0.0240229          -0.0517005          0.0384912           
1.85708             136704              0.0178429           0.0234694           0.038937            -0.0217572          -0.0480956          0.0334009           
1.86056             136960              0.0188487           0.0264645           0.0403125           -0.0241808          -0.0495193          0.0380568           
1.86404             137216              0.0178201           0.0268316           0.0393481           -0.0245518          -0.0488037          0.0388144           
1.86752             137472              0.0173804           0.0273213           0.0414331           -0.024731           -0.0525437          0.039654            
1.871               137728              0.0175304           0.0253428           0.0408323           -0.0231416          -0.0514399          0.0364481           
1.87447             137984              0.0173384           0.0276749           0.0404223           -0.0252109          -0.050945           0.0402237           
1.87795             138240              0.0178621           0.0264427           0.040513            -0.024104           -0.0506784          0.0381732           
1.88143             138496              0.0178001           0.0277271           0.0417284           -0.024979           -0.0527136          0.0402603           
1.88491             138752              0.0165972           0.0258105           0.0391781           -0.0238024          -0.0495311          0.0373312           
1.88838             139008              0.0166728           0.0250979           0.0387869           -0.0230649          -0.0488443          0.0362183           
1.89186             139264              0.0170016           0.024619            0.0394768           -0.0225685          -0.0497067          0.0353952           
1.89534             139520              0.0176257           0.0264824           0.0410034           -0.0239033          -0.0516842          0.0383132           
1.89882             139776              0.0167087           0.0277937           0.0410529           -0.0251947          -0.0524969          0.0405154           
1.90229             140032              0.0175355           0.0252286           0.0402638           -0.0231491          -0.0505168          0.0362644           
1.90577             140288              0.0178446           0.0280453           0.0419029           -0.0253801          -0.0529647          0.0407314           
1.90925             140544              0.0178132           0.0279543           0.0430809           -0.0253486          -0.0548829          0.0405413           
1.91273             140800              0.018453            0.0294165           0.0433163           -0.0267695          -0.0547503          0.0427519           
1.91621             141056              0.0176481           0.0287289           0.0424463           -0.0263729          -0.0539952          0.0417466           
1.91968             141312              0.0170541           0.0269413           0.0418447           -0.0248334          -0.0535122          0.0389824           
1.92316             141568              0.0167059           0.0268674           0.0419179           -0.024587           -0.0539307          0.0389597           
1.92664             141824              0.0163586           0.0275044           0.0409753           -0.0252105          -0.0527048          0.0400499           
1.93012             142080              0.0160758           0.0281394           0.0412545           -0.0256137          -0.0534099          0.0411362           
1.93359             142336              0.0159344           0.0270427           0.0405469           -0.0248041          -0.0523926          0.039386            
1.93707             142592              0.0151179           0.025369            0.0399881           -0.0233767          -0.0521353          0.0368352           
1.94055             142848              0.0152602           0.0271212           0.0408055           -0.0246552          -0.0533645          0.0396586           
1.94403             143104              0.0142752           0.026575            0.0403028           -0.0241949          -0.0533495          0.0389402           
1.9475              143360              0.0146044           0.0259337           0.0406132           -0.0236376          -0.0535794          0.037853            
1.95098             143616              0.0146616           0.0233811           0.0389003           -0.021713           -0.0507451          0.0337358           
1.95446             143872              0.01464             0.0267749           0.0400185           -0.0244088          -0.0525893          0.039209            
1.95794             144128              0.0142685           0.0269226           0.0405201           -0.0244098          -0.0536872          0.0395161           
1.96142             144384              0.0144218           0.023484            0.0394202           -0.0214969          -0.0517887          0.0339918           
1.96489             144640              0.0146532           0.0263709           0.0413892           -0.0236226          -0.0547939          0.0386169           
1.96837             144896              0.014358            0.0272284           0.0402793           -0.0246252          -0.0532249          0.0400122           
1.97185             145152              0.0149758           0.0275108           0.041165            -0.0247301          -0.0541538          0.0403792           
1.97533             145408              0.0146987           0.0251088           0.040127            -0.0228243          -0.052689           0.0365539           
1.9788              145664              0.015656            0.0232991           0.0386471           -0.0213483          -0.0495229          0.0335344           
1.98228             145920              0.01484             0.0242666           0.0376531           -0.0221939          -0.0485885          0.0352367           
1.98576             146176              0.0137491           0.0233694           0.0380713           -0.0213207          -0.0501325          0.0339652           
1.98924             146432              0.0145315           0.0228154           0.0390164           -0.0206947          -0.0510166          0.0329653           
1.99271             146688              0.0163794           0.0258881           0.0402454           -0.023284           -0.0515103          0.0376027           
1.99619             146944              0.0163816           0.028097            0.0399079           -0.0254226          -0.0509407          0.0411043           
1.99967             147200              0.0160342           0.0260966           0.0403005           -0.0237147          -0.0518356          0.037921            
