#Time               nTime               force-x             force-y             force-z             moment-x            moment-y            moment-z            
0                   0                   0.000192157         6.0359e-05          -0.00011493         -7.54431e-05        0.000306555         0.00011207          
0.00347769          256                 3.93084             0.75857             -5.54159            -1.00096            8.62262             0.167426            
0.00695537          512                 399.47              13.1645             111.224             -30.8807            335.394             -4.22136            
0.0104331           768                 353.41              43.3273             33.3467             -49.9238            334.225             12.2439             
0.0139107           1024                -152.762            -22.045             -14.5531            30.6089             -162.303            -0.416721           
0.0173884           1280                -203.478            -4.96684            -61.1845            14.6036             -140.717            6.48941             
0.0208661           1536                -371.123            -35.5079            -60.3155            43.0264             -353.598            -7.69873            
0.0243438           1792                59.9185             5.46776             20.0147             1.01902             62.8415             -2.37172            
0.0278215           2048                88.5397             -1.57873            33.5951             2.13511             68.522              -9.36527            
0.0312992           2304                21.6231             -2.10572            7.05736             0.0207561           9.31972             -3.50539            
0.0347769           2560                31.9926             3.48086             30.2251             -4.09763            9.83738             -0.127942           
0.0382545           2816                3.02486             -1.85187            -20.0504            0.980692            18.6235             -4.28486            
0.0417322           3072                34.1888             2.11322             19.3044             -2.01939            21.3768             -0.0492114          
0.0452099           3328                26.46               -1.68685            6.63913             0.59691             22.2971             -3.74335            
0.0486876           3584                6.75454             0.888313            0.168455            -0.945808           6.96144             0.575414            
0.0521653           3840                7.07453             -0.0829869          4.01892             -0.173002           4.23479             -1.0959             
0.055643            4096                1.10853             -1.50263            -0.45853            1.493               1.00312             -1.37622            
0.0591207           4352                4.28805             -0.455999           3.2799              0.611814            1.75841             -0.783799           
0.0625984           4608                2.20418             -0.891867           -0.141223           0.826366            2.62057             -1.33672            
0.066076            4864                -4.81997            -0.923314           -0.650283           1.1519              -4.56592            -0.728912           
0.0695537           5120                -5.26259            -0.910134           0.114705            1.08242             -5.7565             -0.648836           
0.0730314           5376                -6.43263            -1.03185            -0.644372           1.35828             -6.36284            -0.608696           
0.0765091           5632                -4.75346            -0.366771           -0.125738           0.507314            -5.06154            -0.533096           
0.0799868           5888                -4.5887             -1.19559            0.505023            1.27216             -5.45328            -1.13927            
0.0834645           6144                -4.77174            -0.791183           0.480133            0.921589            -5.62873            -0.807619           
0.0869422           6400                -4.65274            -0.714145           0.578751            0.832106            -5.59547            -1.0039             
0.0904198           6656                -4.04692            -0.690663           0.849585            0.837749            -5.16423            -1.04161            
0.0938975           6912                -2.31166            -0.536728           1.37392             0.638958            -3.80531            -1.07967            
0.0973752           7168                -1.19036            -0.62946            2.20611             0.80351             -3.36019            -1.09372            
0.100853            7424                -2.29806            -0.638731           1.78732             0.826254            -4.20981            -0.960961           
0.104331            7680                -1.89991            -1.09787            1.72726             1.19307             -3.74826            -1.63773            
0.107808            7936                -0.792598           -0.405872           2.37354             0.500306            -3.05533            -1.13916            
0.111286            8192                -1.79512            -0.761818           1.73534             0.979934            -3.65905            -1.11748            
0.114764            8448                -0.995822           -0.574387           2.27782             0.748192            -3.21008            -1.01158            
0.118241            8704                -1.7209             -0.91575            1.81733             0.922586            -3.61547            -1.47876            
0.121719            8960                -2.76094            -1.16535            1.6756              1.1215              -4.54701            -1.6604             
0.125197            9216                -3.41105            -0.360087           1.20242             0.60854             -4.90165            -1.02825            
0.128674            9472                -3.98616            -0.498729           1.52145             0.661314            -5.81014            -0.840778           
0.132152            9728                -4.00788            -0.850157           1.2959              0.927386            -5.64243            -1.37149            
0.13563             9984                -3.17812            -0.888191           1.48033             1.02071             -4.91664            -1.38547            
0.139107            10240               -2.76163            -0.842993           1.69961             0.785746            -4.61661            -1.40879            
0.142585            10496               -1.86222            -0.370553           1.93512             0.538825            -3.77162            -1.01464            
0.146063            10752               -2.36082            -0.805353           1.96023             1.03566             -4.41456            -1.3127             
0.149541            11008               -2.90675            -0.753942           1.92063             0.95789             -4.97131            -1.33234            
0.153018            11264               -2.91306            -0.576525           1.4127              0.701747            -4.54587            -1.29587            
0.156496            11520               -1.72613            -0.251024           2.12961             0.5057              -3.86257            -0.992369           
0.159974            11776               -1.55223            -0.45522            1.72307             0.602708            -3.43513            -1.1779             
0.163451            12032               -3.72996            -1.16635            1.75983             1.32175             -5.6822             -1.70897            
0.166929            12288               -3.53453            -0.40065            0.992897            0.4191              -4.81124            -1.15623            
0.170407            12544               -3.98536            -0.78035            1.00693             1.04178             -5.40365            -1.10476            
0.173884            12800               -3.23201            -0.942426           1.70934             1.14884             -5.06399            -1.46781            
0.177362            13056               -4.80903            -0.953592           0.681023            1.16722             -6.01237            -1.35077            
0.18084             13312               -5.31325            -1.01477            1.01303             1.21084             -6.76489            -1.30746            
0.184317            13568               -3.80709            -0.791299           1.08026             0.818035            -5.16386            -1.45628            
0.187795            13824               -4.6571             -0.554024           1.05731             0.828941            -6.08676            -0.888788           
0.191273            14080               -4.59618            -0.679194           1.05597             0.899038            -6.00722            -0.990325           
0.19475             14336               -3.24579            -0.501063           1.5802              0.598743            -5.00501            -1.23135            
0.198228            14592               -5.15871            -0.919179           0.707469            1.2367              -6.32875            -1.0391             
0.201706            14848               -2.92798            -0.382536           1.80789             0.552145            -4.80937            -1.02712            
0.205183            15104               -3.4439             -1.30395            1.5896              1.41683             -5.32488            -1.67255            
0.208661            15360               -4.89119            -0.256287           1.0262              0.637177            -6.31063            -0.628268           
0.212139            15616               -5.01021            -0.754494           1.20069             1.13261             -6.46129            -1.01983            
0.215617            15872               -4.94018            -0.591004           0.839093            0.73002             -6.14973            -1.10874            
0.219094            16128               -3.64502            -0.708539           1.20809             0.974592            -5.03904            -1.09595            
0.222572            16384               -4.40677            -1.06214            1.15023             1.43584             -5.76728            -1.34287            
0.22605             16640               -4.78469            -0.896222           1.35545             1.26753             -6.36915            -1.24799            
0.229527            16896               -3.2397             -0.353826           1.14165             0.682266            -4.64648            -0.725841           
0.233005            17152               -5.35716            -0.552678           0.767938            0.859488            -6.47742            -0.754883           
0.236483            17408               -3.73107            -1.2701             0.777641            1.60157             -4.88767            -1.64066            
0.23996             17664               -3.18587            -0.563729           1.63491             0.771335            -5.01396            -1.03141            
0.243438            17920               -3.22245            -0.712751           1.59464             1.12063             -5.01889            -1.06585            
0.246916            18176               -3.56188            -0.584412           0.797186            0.793269            -4.68606            -0.995223           
0.250393            18432               -4.18525            -0.757959           0.91078             0.994757            -5.38561            -1.11032            
0.253871            18688               -3.89334            -0.981631           0.750703            1.21238             -4.9923             -1.15291            
0.257349            18944               -2.80892            -1.19975            1.40617             1.30018             -4.43485            -1.47275            
0.260826            19200               -1.63819            0.357675            1.52428             -0.0528287          -3.16939            -0.681213           
0.264304            19456               -3.14207            -0.780713           1.12225             1.04422             -4.57983            -0.885643           
0.267782            19712               -3.75382            -1.08196            1.3598              1.30958             -5.38479            -1.64392            
0.27126             19968               -1.84115            -0.533325           1.5884              0.6978              -3.45043            -1.22526            
0.274737            20224               -2.73263            -0.569977           0.995023            0.887761            -4.02709            -1.00685            
0.278215            20480               -1.22068            -0.244286           1.81201             0.42301             -3.02381            -0.96858            
0.281693            20736               -0.610913           -1.38242            2.36656             1.54577             -2.78391            -2.05068            
0.28517             20992               -1.53701            0.0842054           1.2944              0.317686            -2.94131            -0.591204           
0.288648            21248               -3.04535            -0.537491           1.17696             0.696916            -4.39158            -1.1246             
0.292126            21504               -2.14427            -1.20723            1.4964              1.19356             -3.73345            -1.8496             
0.295603            21760               -1.93758            -0.648609           1.00325             0.911769            -3.00731            -1.14511            
0.299081            22016               -2.51453            0.0968921           0.967841            0.0979567           -3.64385            -0.640777           
0.302559            22272               -1.84505            -0.785161           1.77706             1.06427             -3.61003            -1.29919            
0.306036            22528               -0.496987           -0.801023           1.87874             0.955863            -2.31572            -1.35717            
0.309514            22784               -2.10998            -0.638369           1.26936             0.679436            -3.41751            -1.5527             
0.312992            23040               -2.26797            -0.951747           1.51118             1.14818             -3.87506            -1.46573            
0.316469            23296               -2.3118             -0.832842           1.53446             1.08694             -3.89639            -1.41527            
0.319947            23552               -0.892098           -0.867158           1.54233             1.09598             -2.40877            -1.6957             
0.323425            23808               -1.16656            -0.257537           1.56382             0.354891            -2.78481            -1.18187            
0.326903            24064               -0.983082           -0.783893           2.04366             0.841588            -2.91197            -1.47353            
0.33038             24320               -1.98089            -1.1643             1.65406             1.39831             -3.72469            -1.57401            
0.333858            24576               -1.62764            -0.231439           1.72586             0.611676            -3.39697            -0.900612           
0.337336            24832               -1.04118            -0.0769328          1.99047             0.267399            -2.98535            -0.889616           
0.340813            25088               -1.16904            -0.620112           1.41254             0.821666            -2.71517            -1.11014            
0.344291            25344               -1.64261            -0.796336           1.60025             0.958973            -3.2842             -1.45796            
0.347769            25600               -2.08795            -1.09107            1.66075             1.17944             -3.82076            -1.72873            
0.351246            25856               -1.32844            -0.717077           1.64107             1.05596             -2.95811            -1.03676            
0.354724            26112               -1.59361            -0.663055           1.34306             0.808207            -3.04832            -1.18518            
0.358202            26368               -2.57913            -0.490322           1.13328             0.602995            -3.94279            -1.03787            
0.361679            26624               -2.70809            -0.257758           1.5235              0.645255            -4.25043            -0.705359           
0.365157            26880               -3.32155            -0.477513           1.01214             0.700719            -4.57622            -0.821304           
0.368635            27136               -2.6049             -0.872788           1.62231             1.06321             -4.28008            -1.2492             
0.372112            27392               -3.11965            -0.789015           0.824905            0.859911            -4.22697            -1.35345            
0.37559             27648               -3.26065            -0.911619           1.28081             1.11197             -4.70124            -1.33856            
0.379068            27904               -1.7482             -0.819904           0.86968             0.923832            -2.74397            -1.33016            
0.382546            28160               -2.91941            -0.399349           0.842903            0.586688            -3.97308            -0.82033            
0.386023            28416               -4.12403            -0.311807           0.612523            0.415524            -5.00068            -0.863202           
0.389501            28672               -3.59003            -1.2007             0.488771            1.27619             -4.26476            -1.70915            
0.392979            28928               -4.27035            -0.407714           0.0895475           0.6709              -4.66912            -0.675615           
0.396456            29184               -3.29284            -0.252147           0.554173            0.453728            -4.10191            -0.763467           
0.399934            29440               -3.70811            -0.718692           0.710715            1.03332             -4.49922            -1.22813            
0.403412            29696               -4.04966            -0.634101           0.262929            0.653873            -4.59656            -1.28826            
0.406889            29952               -2.46468            -0.885622           1.27673             1.13059             -3.75899            -1.33396            
0.410367            30208               -1.50116            -0.751369           1.55535             0.830219            -2.93932            -1.4055             
0.413845            30464               -0.695579           -0.862779           1.34068             0.930571            -2.03867            -1.55959            
0.417322            30720               -1.31476            -0.232521           1.30683             0.276947            -2.57269            -1.10487            
0.4208              30976               -2.49332            -0.818581           1.15983             0.776196            -3.63091            -1.70709            
0.424278            31232               -2.69789            -0.607953           1.10102             0.6748              -3.93362            -1.04035            
0.427755            31488               -1.26704            -0.776788           1.71713             0.870515            -2.8462             -1.48382            
0.431233            31744               -1.79519            0.00110349          1.43473             0.27421             -3.1922             -0.730285           
0.434711            32000               -2.4475             -1.29301            0.868977            1.29733             -3.44104            -1.94438            
0.438188            32256               -1.68525            -0.505338           1.54649             0.415735            -3.15281            -1.34845            
0.441666            32512               -1.21941            -0.190483           1.47219             0.353841            -2.47291            -0.918778           
0.445144            32768               -2.11677            -0.267882           0.813577            0.339432            -3.06652            -0.805418           
0.448622            33024               -3.56949            -0.90271            1.15682             0.974211            -4.82617            -1.78439            
0.452099            33280               -4.12714            -0.666765           0.342093            0.770512            -4.73462            -1.25956            
0.455577            33536               -2.23956            -0.666007           1.13893             0.779545            -3.31232            -1.17744            
0.459055            33792               -2.59495            -0.405081           0.591673            0.603207            -3.17061            -0.977752           
0.462532            34048               -1.57741            -0.217563           1.1946              0.365351            -2.69999            -0.914861           
0.46601             34304               -0.616004           -1.16466            1.94483             1.06344             -2.39641            -1.9791             
0.469488            34560               -1.40205            -1.142              1.46519             1.04611             -2.69972            -1.68307            
0.472965            34816               -2.5797             -0.369399           0.763858            0.765827            -3.37626            -0.903873           
0.476443            35072               -2.50618            0.424181            0.852889            -0.329383           -3.35225            -0.317546           
0.479921            35328               -3.64469            -0.999156           0.703557            1.04471             -4.39684            -1.45106            
0.483398            35584               -3.59975            -1.19799            0.818375            1.30352             -4.51195            -1.81811            
0.486876            35840               -1.02582            -0.43552            1.58775             0.449861            -2.44504            -1.33233            
0.490354            36096               -0.463596           -0.727583           1.34037             0.956315            -1.65358            -1.42502            
0.493831            36352               -0.897182           0.0299319           1.95084             0.091998            -2.59615            -0.58008            
0.497309            36608               -2.78531            -0.526606           0.824113            0.750941            -3.70014            -0.979237           
0.500787            36864               -1.92263            -0.486417           1.34613             0.555829            -3.21117            -1.52611            
0.504265            37120               -1.97369            -1.07835            1.37024             1.23658             -3.26113            -1.78311            
0.507742            37376               -2.97919            -0.168092           0.652442            0.344451            -3.77035            -0.900137           
0.51122             37632               -3.30741            -0.664572           1.39804             0.764414            -4.6886             -1.24538            
0.514698            37888               -2.75646            -0.553025           0.239314            0.787142            -3.26229            -1.12806            
0.518175            38144               -3.75573            -0.597646           1.52891             0.81991             -5.36318            -1.18203            
0.521653            38400               -3.56078            -0.791984           1.09594             1.15353             -4.73743            -1.3052             
0.525131            38656               -3.30585            -0.723806           0.774023            0.904972            -4.27976            -1.54428            
0.528608            38912               -1.85409            -0.464984           1.48187             0.740435            -3.18631            -1.05228            
0.532086            39168               -2.07312            -0.0795955          1.04251             0.302259            -3.16837            -0.712381           
0.535564            39424               -2.42992            -0.139443           0.61948             0.453969            -3.18176            -0.552457           
0.539041            39680               -1.57936            -0.540849           1.19587             0.606848            -2.64714            -1.3896             
0.542519            39936               -3.47588            -1.23105            0.891512            1.34785             -4.49913            -1.67454            
0.545997            40192               -3.6638             -0.426092           0.371644            0.511545            -4.32477            -0.820377           
0.549474            40448               -2.02856            -0.597436           1.33383             0.924054            -3.28867            -0.984501           
0.552952            40704               -1.70224            0.19939             1.55558             0.00294562          -3.20578            -0.507274           
0.55643             40960               -1.97927            -0.848697           0.923711            1.13328             -2.89879            -1.11686            
0.559907            41216               -2.40184            -0.673382           1.43101             0.934943            -3.76494            -1.04403            
0.563385            41472               -0.667342           -0.0276156          1.41644             0.157243            -1.85685            -0.815073           
0.566863            41728               -0.881538           -0.749126           1.53737             0.734286            -2.31672            -1.59516            
0.570341            41984               -0.227537           -0.813821           2.28646             1.08729             -2.21055            -1.34422            
0.573818            42240               -0.581172           0.0224926           1.66358             0.102034            -1.99678            -0.615182           
0.577296            42496               -4.72332            -0.582478           0.330943            0.905958            -5.36824            -0.898473           
0.580774            42752               -3.9976             -1.04359            1.36954             1.25432             -5.3515             -1.44251            
0.584251            43008               -2.08407            -1.55263            1.12439             1.65665             -3.04488            -2.20545            
0.587729            43264               -1.22296            0.262513            0.930987            -0.0507159          -2.13591            -0.277732           
0.591207            43520               -1.40066            -0.011728           1.81341             0.515831            -3.03377            -0.590107           
0.594684            43776               -2.79358            -1.0427             1.07677             1.09112             -4.00732            -1.71101            
0.598162            44032               -3.31657            -1.08723            1.25968             1.2129              -4.65239            -1.65757            
0.60164             44288               -2.28361            -0.378015           1.20509             0.774438            -3.52303            -1.14233            
0.605117            44544               -1.25242            0.00376078          1.70546             0.116658            -2.87288            -0.837807           
0.608595            44800               -1.57652            -0.647234           1.39336             0.886109            -3.09681            -1.03216            
0.612073            45056               -2.88952            -0.485792           1.11524             0.539867            -4.2249             -1.12298            
0.61555             45312               -1.77685            -1.20155            1.67752             1.20948             -3.38146            -1.64858            
0.619028            45568               -1.32965            -0.404504           1.09318             0.605515            -2.52573            -0.942153           
0.622506            45824               -0.471731           -0.326003           1.80035             0.371431            -2.12968            -1.17137            
0.625984            46080               -2.05062            -0.368433           1.48906             0.916526            -3.46083            -0.827889           
0.629461            46336               -3.87477            -0.506537           0.341015            0.605268            -4.67473            -0.966022           
0.632939            46592               -3.17035            -0.522598           1.16707             0.802709            -4.45661            -0.815739           
0.636417            46848               -5.91542            -0.224817           -0.106036           0.654196            -6.30459            -0.341272           
0.639894            47104               -3.54357            -0.948772           0.643841            1.04108             -4.32251            -1.44354            
0.643372            47360               -3.02482            -0.542868           0.449206            0.63209             -3.73128            -1.01665            
0.64685             47616               -2.24161            -0.66049            1.31706             1.0801              -3.39315            -0.770318           
0.650327            47872               -3.18434            -0.016987           0.295465            0.189556            -3.77871            -0.553343           
0.653805            48128               -3.36496            -1.09446            1.06883             1.29457             -4.47905            -1.5674             
0.657283            48384               -3.08835            -0.382543           0.539011            0.641296            -3.62471            -0.983907           
0.66076             48640               -3.39111            -0.325835           1.23751             0.639353            -4.73031            -0.706012           
0.664238            48896               -2.01141            -0.76252            1.11422             1.04715             -3.01904            -1.25597            
0.667716            49152               -1.01934            -0.274373           1.48413             0.325772            -2.35484            -1.10694            
0.671193            49408               -1.43628            -0.518079           1.54003             0.995676            -2.95244            -1.11137            
0.674671            49664               1.43861             -0.0200767          2.13882             0.0519988           -0.300775           -0.996736           
0.678149            49920               1.06844             -0.658125           2.10753             0.686415            -0.800993           -1.36461            
0.681626            50176               0.225262            -0.334187           2.15494             0.455182            -1.71272            -1.05299            
0.685104            50432               -1.02918            -0.342866           1.65552             0.393951            -2.63668            -1.19009            
0.688582            50688               -3.78107            -0.922222           1.06612             1.23866             -5.11134            -1.29985            
0.69206             50944               -2.30548            0.229815            1.4171              -0.0119816          -3.72784            -0.56192            
0.695537            51200               -1.03233            -0.00879852         0.784766            0.206878            -1.81587            -0.615855           
0.699015            51456               -1.00019            -0.719884           1.92702             0.843093            -2.71178            -1.21289            
0.702493            51712               -0.744923           -1.01018            1.35465             1.04835             -2.05741            -1.6662             
0.70597             51968               -1.99801            0.216928            1.09448             0.0376477           -3.11492            -0.330997           
0.709448            52224               -3.57955            -0.260862           0.985887            0.644066            -4.75549            -0.579873           
0.712926            52480               -0.902153           -0.575361           1.27643             0.589805            -2.11556            -1.28699            
0.716403            52736               -3.48626            -1.03854            0.75687             1.43878             -4.3954             -1.03355            
0.719881            52992               -3.19144            0.810758            0.640559            -0.486154           -4.02353            0.443952            
0.723359            53248               -2.29355            -0.637717           0.694573            0.843221            -3.00454            -1.15714            
0.726836            53504               -1.95939            -1.12654            1.33086             1.12735             -3.23329            -1.68641            
0.730314            53760               -1.79157            -0.195579           0.654844            0.40417             -2.50654            -0.685314           
0.733792            54016               -2.93519            -0.411576           1.5994              0.501328            -4.51788            -0.935825           
0.73727             54272               -0.613665           -0.782937           1.57953             1.20392             -1.98197            -1.14279            
0.740747            54528               -1.49105            -0.424573           0.982837            0.575327            -2.50475            -1.04989            
0.744225            54784               -1.68488            -0.645925           1.10541             0.8275              -2.76509            -1.15754            
0.747703            55040               0.157557            -0.118881           1.63969             0.206613            -1.11353            -1.02092            
0.75118             55296               -1.90066            -0.709061           1.36025             0.910294            -3.29562            -1.37485            
0.754658            55552               -2.50511            -0.444135           1.1206              0.768736            -3.67452            -0.802014           
0.758136            55808               -2.29835            -0.622093           1.32819             0.737379            -3.62368            -1.03228            
0.761613            56064               -3.20863            -0.642582           0.629844            0.986282            -4.09369            -1.09592            
0.765091            56320               -1.99945            -0.12912            1.65402             0.369793            -3.57749            -0.783486           
0.768569            56576               -2.23915            -0.811202           1.4205              1.08077             -3.6545             -1.29568            
0.772046            56832               -2.33554            -0.889628           1.3657              1.2439              -3.75162            -1.10537            
0.775524            57088               -1.5748             -0.697999           1.23966             0.776064            -2.81451            -1.18283            
0.779002            57344               -0.880864           -0.613224           1.71701             0.700316            -2.53136            -1.32997            
0.782479            57600               -1.65777            -0.393192           1.2277              0.590006            -2.89049            -1.14422            
0.785957            57856               -3.74612            -0.313271           0.706515            0.589676            -4.72279            -0.929507           
0.789435            58112               -1.56092            -0.686752           1.65126             0.801294            -3.09216            -1.44274            
0.792912            58368               -1.25541            -0.386863           1.26815             0.426787            -2.48993            -1.00097            
0.79639             58624               -1.91491            -0.700031           1.46537             0.797662            -3.43039            -1.40107            
0.799868            58880               -4.35038            -0.485975           0.495826            0.814117            -5.13112            -0.897637           
0.803346            59136               -3.86622            -0.742109           0.545956            0.968625            -4.73142            -1.04737            
0.806823            59392               -3.36568            -0.648909           1.20493             0.978199            -4.56381            -1.11672            
0.810301            59648               -1.91757            -0.102622           1.00864             0.457846            -2.96084            -0.708964           
0.813779            59904               -1.11401            -0.658289           2.28042             0.694166            -3.32365            -1.28984            
0.817256            60160               -1.56942            -0.595326           1.6041              0.705917            -3.08572            -1.45655            
0.820734            60416               -3.45633            -0.565257           1.1275              0.816294            -4.74601            -0.815803           
0.824212            60672               -1.6759             -1.05441            1.98202             1.2255              -3.49484            -1.60485            
0.827689            60928               -0.996333           -0.228775           1.40285             0.482273            -2.30491            -0.664314           
0.831167            61184               -1.43256            -0.607939           1.44479             0.685513            -2.85259            -1.27979            
0.834645            61440               -0.971035           -0.512434           1.78687             0.688138            -2.58439            -1.08954            
0.838122            61696               -1.08326            -1.06464            1.91114             1.3072              -2.83162            -1.6949             
0.8416              61952               -1.96159            -0.508321           1.01187             0.681608            -3.08912            -1.26915            
0.845078            62208               -1.7662             -0.621498           1.42653             0.958656            -3.11961            -1.10928            
0.848555            62464               -3.12789            -0.566937           0.409853            0.797849            -3.72553            -1.18546            
0.852033            62720               -2.1936             -0.673125           1.67941             0.961869            -3.71543            -1.30765            
0.855511            62976               -3.16318            -0.475194           0.679556            0.761111            -4.08061            -0.88966            
0.858989            63232               -2.29797            -0.926852           1.44474             1.06297             -3.76573            -1.52085            
0.862466            63488               0.11937             -0.0253981          1.94912             0.252523            -1.48035            -0.892095           
0.865944            63744               -1.80937            -0.791507           1.54256             0.942093            -3.35023            -1.51096            
0.869422            64000               0.878093            -0.698346           2.39515             0.63484             -1.07844            -1.90031            
0.872899            64256               -0.354289           -0.555545           1.44074             0.758736            -1.77785            -1.30955            
0.876377            64512               -2.86132            -0.343357           1.06106             0.673081            -4.09512            -0.473182           
0.879855            64768               -2.89148            -0.472389           1.39776             0.740472            -4.35266            -1.01878            
0.883332            65024               -2.81582            -0.340941           1.09771             0.387888            -4.03543            -1.03439            
0.88681             65280               -2.1544             -0.796854           1.35218             1.21813             -3.37108            -1.2722             
0.890288            65536               -1.94106            -0.048864           0.68103             0.203914            -2.73828            -0.79475            
0.893765            65792               -3.69644            -1.24481            1.23337             1.51541             -4.97336            -1.38288            
0.897243            66048               -4.02407            -0.770029           0.138017            1.02744             -4.46503            -1.24418            
0.900721            66304               -1.85947            -0.281158           0.709852            0.554454            -2.55285            -0.831706           
0.904198            66560               -2.56146            -0.530747           1.57371             0.886887            -4.04457            -1.19143            
0.907676            66816               -2.89873            -0.0551356          0.849799            0.174221            -3.97358            -0.683367           
0.911154            67072               -1.22894            -1.21088            1.48704             1.43302             -2.46952            -1.73069            
0.914631            67328               -0.991668           -0.43669            1.67668             0.533486            -2.62032            -1.19136            
0.918109            67584               -0.467832           0.133876            1.76226             0.0606477           -2.17614            -0.809023           
0.921587            67840               -0.258485           -0.821522           1.97994             1.04443             -1.92506            -1.53669            
0.925065            68096               -1.50217            -0.724396           1.56916             0.754519            -3.11034            -1.36807            
0.928542            68352               -0.362579           -0.563966           1.63533             0.71895             -1.8051             -1.30953            
0.93202             68608               -1.18943            -0.255049           1.95979             0.531006            -2.90676            -0.969393           
0.935498            68864               -2.97489            -0.977495           1.22352             1.1198              -4.38147            -1.57495            
0.938975            69120               -2.5029             -0.331866           1.13778             0.444587            -3.85758            -1.02169            
0.942453            69376               -1.27459            -0.798586           1.78589             1.17128             -2.82895            -1.31881            
0.945931            69632               -0.449239           -0.622162           1.25475             0.664708            -1.69914            -1.34844            
0.949408            69888               -0.324171           -0.652066           2.1404              0.832995            -2.23603            -1.26394            
0.952886            70144               -2.08546            -0.0997003          1.29809             0.314589            -3.49473            -0.941541           
0.956364            70400               -3.03728            -0.488918           0.78546             0.707271            -4.04852            -0.975081           
0.959841            70656               -1.99043            -0.431203           1.19438             0.669051            -3.11407            -1.19862            
0.963319            70912               -0.608203           -0.921685           2.03492             0.952137            -2.38085            -1.61315            
0.966797            71168               0.858205            -0.521144           1.66693             0.72944             -0.537104           -1.23565            
0.970275            71424               -2.87395            -0.444587           0.751269            1.02076             -3.82493            -0.844574           
0.973752            71680               -4.2401             0.240166            0.375203            -0.023574           -4.87584            -0.357897           
0.97723             71936               -2.29641            -1.0816             0.881684            1.29857             -3.26967            -1.55478            
0.980708            72192               -0.835596           -1.38058            1.48565             1.4613              -2.16786            -2.23242            
0.984185            72448               -0.951696           -0.368252           1.64998             0.679099            -2.40258            -1.08439            
0.987663            72704               -2.06184            0.347727            1.41461             -0.0218732          -3.48488            -0.12365            
0.991141            72960               -1.2601             -0.965404           1.62408             1.11498             -2.73441            -1.52039            
0.994618            73216               -1.2897             -0.968327           1.63342             1.11742             -2.85185            -1.65835            
0.998096            73472               -1.41117            -0.716632           1.50249             0.994561            -2.77266            -1.41417            
1.00157             73728               -1.64446            -0.375259           1.17584             0.760597            -2.84068            -0.897291           
1.00505             73984               -1.14522            -0.603336           2.06596             0.819819            -2.97455            -1.15716            
1.00853             74240               -2.24411            -0.981794           1.4555              1.18787             -3.79388            -1.47338            
1.01201             74496               -1.17417            -0.790975           1.83025             0.995723            -2.85353            -1.37779            
1.01548             74752               0.333667            -0.32094            2.49199             0.458573            -1.81254            -1.23414            
1.01896             75008               -1.74995            -0.434297           1.61011             0.604947            -3.47418            -0.84382            
1.02244             75264               0.39894             -0.970194           2.27162             1.03328             -1.51181            -1.69978            
1.02592             75520               0.728348            -0.993827           2.34361             1.22394             -1.26067            -1.70394            
1.0294              75776               -1.33074            -0.638381           1.76267             0.857227            -3.01375            -0.967024           
1.03287             76032               -1.64789            -0.700898           1.59179             0.966414            -3.23112            -1.31521            
1.03635             76288               -2.82566            -0.319531           1.38986             0.612627            -4.29169            -0.46545            
1.03983             76544               -3.83136            -0.702306           1.09794             0.960502            -5.06882            -1.10457            
1.04331             76800               -4.46668            -0.836285           0.959309            1.13921             -5.69494            -1.1929             
1.04678             77056               -3.2157             -0.789624           1.25877             1.054               -4.55476            -1.15958            
1.05026             77312               -2.9522             -0.218394           0.772445            0.570017            -3.8015             -0.433554           
1.05374             77568               -3.10731            -0.73704            1.408               1.11855             -4.50149            -0.952319           
1.05722             77824               -4.55801            -1.0285             0.645073            1.40284             -5.48071            -1.39844            
1.06069             78080               -4.4039             -0.804041           0.825886            0.999505            -5.45627            -1.20961            
1.06417             78336               -2.6551             -0.684196           0.906432            1.00481             -3.58825            -1.22536            
1.06765             78592               -1.18653            -0.568167           2.20543             1.05319             -3.14533            -1.21037            
1.07113             78848               0.85641             -0.377897           1.56871             0.414416            -0.645464           -1.1458             
1.07461             79104               0.0797017           -0.438931           2.45635             0.682709            -2.08249            -1.32093            
1.07808             79360               -0.963692           -0.195577           1.79849             0.394141            -2.64508            -0.918811           
1.08156             79616               -2.15487            -0.676865           1.37848             0.964649            -3.60659            -1.09748            
1.08504             79872               -1.12948            -0.933743           1.98111             1.14427             -2.97155            -1.51692            
1.08852             80128               -2.83309            -0.539301           1.30747             0.814896            -4.13952            -1.12944            
1.09199             80384               -1.40603            -0.764474           1.61053             0.921959            -3.0034             -1.45381            
1.09547             80640               -1.01613            -0.324199           2.10039             0.567632            -2.96769            -1.06249            
1.09895             80896               -1.73135            -1.12004            1.44984             1.26963             -3.20767            -1.75626            
1.10243             81152               -1.70991            -0.160847           1.83193             0.467189            -3.48073            -0.728682           
1.1059              81408               -1.35204            -0.556056           1.3859              0.624769            -2.70058            -1.42214            
1.10938             81664               -2.21867            -0.999348           1.68819             1.36551             -3.80225            -1.46112            
1.11286             81920               -3.10728            -0.244507           0.725956            0.375477            -4.08933            -0.98607            
1.11634             82176               -2.21258            -0.0219912          1.45407             0.33619             -3.57078            -0.608742           
1.11981             82432               0.616633            -0.397094           2.08836             0.542853            -1.15503            -1.07436            
1.12329             82688               -0.846017           -0.775794           1.86128             0.950213            -2.68355            -1.48523            
1.12677             82944               -2.67799            -1.14811            1.59272             1.38861             -4.30179            -1.49394            
1.13025             83200               -2.69165            -0.596135           1.60609             0.907091            -4.21955            -1.09487            
1.13373             83456               -2.99063            -0.485977           0.931404            0.640804            -4.0872             -0.976231           
1.1372              83712               0.20632             -0.59245            2.52359             0.874371            -1.84867            -1.11609            
1.14068             83968               -1.26134            -0.0172068          1.73366             0.309512            -2.8898             -0.767977           
1.14416             84224               -3.61019            -1.17942            1.02341             1.37406             -4.87502            -1.39637            
1.14764             84480               -2.43842            -0.666453           1.85799             0.865423            -4.09842            -1.29745            
1.15111             84736               -1.61024            -0.193821           1.44609             0.437114            -2.96972            -0.731462           
1.15459             84992               -2.09364            -0.601409           1.16001             0.71455             -3.32816            -1.36677            
1.15807             85248               -1.54165            -1.00152            2.31897             1.44361             -3.49883            -1.51641            
1.16155             85504               -1.79376            -0.570963           1.54904             0.793125            -3.30068            -1.34433            
1.16502             85760               -1.48516            -0.833243           1.15307             0.964775            -2.58078            -1.36527            
1.1685              86016               -0.589622           -0.987317           2.24109             1.17165             -2.57716            -1.72259            
1.17198             86272               -1.60208            -0.271037           1.36598             0.334944            -3.03928            -1.15453            
1.17546             86528               -1.64151            -0.259927           1.58907             0.633082            -3.08112            -0.832964           
1.17894             86784               -1.30733            -0.764358           1.55589             0.81567             -2.79946            -1.64146            
1.18241             87040               -1.54494            -0.757379           1.98598             1.09445             -3.3892             -1.33129            
1.18589             87296               -1.22404            -0.538019           1.32662             0.707084            -2.57348            -1.26374            
1.18937             87552               -1.49344            -0.81263            1.99116             0.929749            -3.41005            -1.587              
1.19285             87808               -0.525238           -0.26189            1.49149             0.547163            -1.9681             -0.965518           
1.19632             88064               0.616279            -0.134267           1.19651             0.239859            -0.334652           -1.04397            
1.1998              88320               -1.45634            -0.887485           2.04018             1.13095             -3.32638            -1.55898            
1.20328             88576               -4.31502            -0.558354           0.211697            0.69368             -4.89385            -1.3233             
1.20676             88832               -4.29851            -1.20003            0.939462            1.45534             -5.37488            -1.60833            
1.21023             89088               -0.210778           -0.602896           1.56274             0.715723            -1.52376            -1.42287            
1.21371             89344               -0.654918           -0.624258           1.68426             0.781995            -2.22283            -1.34553            
1.21719             89600               -0.381956           -0.448535           2.5079              1.02791             -2.48095            -0.912897           
1.22067             89856               -2.11082            -0.957585           1.29033             1.03481             -3.51173            -1.82766            
1.22415             90112               -4.52052            -0.87514            0.958382            1.16423             -5.80918            -1.33782            
1.22762             90368               -2.36075            0.294958            1.51643             0.104022            -3.71934            -0.390893           
1.2311              90624               -2.84187            -1.08182            1.09242             1.36741             -4.02803            -1.36797            
1.23458             90880               -2.12904            -0.862217           1.40206             0.788465            -3.58545            -1.65421            
1.23806             91136               -1.62439            -1.45905            1.30597             1.73434             -2.76924            -2.20409            
1.24153             91392               -2.62453            -0.386475           0.863218            0.675479            -3.59769            -0.717756           
1.24501             91648               -1.37698            0.0707563           1.99071             0.284628            -3.13126            -0.641468           
1.24849             91904               -2.95411            -1.1987             1.21654             1.65446             -4.3002             -1.63459            
1.25197             92160               -2.89401            -1.1957             0.636507            1.44802             -3.60291            -1.73941            
1.25544             92416               -0.391383           -0.340166           1.75975             0.541242            -1.89025            -1.17276            
1.25892             92672               0.425042            -0.10696            2.0728              0.354529            -1.29625            -0.928943           
1.2624              92928               -0.192639           -0.648477           1.97167             0.746329            -1.95958            -1.1688             
1.26588             93184               -2.74434            -1.17351            0.950607            1.61093             -3.82709            -1.51705            
1.26936             93440               -3.0511             -0.928256           1.2236              1.02313             -4.20723            -1.53779            
1.27283             93696               -2.20383            -0.824307           1.00928             1.13687             -3.25997            -1.54734            
1.27631             93952               -1.37602            -0.386865           1.66972             0.574999            -2.79015            -1.01452            
1.27979             94208               0.125695            -0.128097           1.65789             0.325967            -1.368              -0.964455           
1.28327             94464               -0.410596           -1.20083            1.87615             1.34428             -2.17817            -1.88295            
1.28674             94720               -1.35054            -1.09253            1.9816              1.25491             -3.18403            -1.83992            
1.29022             94976               -2.82653            -0.165374           1.33021             0.277464            -4.26777            -0.711163           
1.2937              95232               -3.16438            -0.965283           0.984596            1.37798             -4.17182            -1.06133            
1.29718             95488               -0.505355           -0.562876           1.69691             0.697968            -1.98452            -1.43718            
1.30065             95744               -1.82091            -0.963318           1.9663              1.3262              -3.60928            -1.62238            
1.30413             96000               -3.46091            -0.29011            0.684869            0.563831            -4.45442            -0.682207           
1.30761             96256               -4.2615             -0.692208           1.22292             1.09012             -5.56419            -0.997563           
1.31109             96512               -2.6507             -0.805692           0.970863            0.884244            -3.62666            -1.39793            
1.31457             96768               -2.46193            -1.06705            1.84334             1.30162             -4.3011             -1.31538            
1.31804             97024               -3.24621            -0.431808           0.949095            0.899823            -4.40537            -0.718796           
1.32152             97280               -2.56622            -0.631606           1.40916             0.674464            -3.93392            -1.53458            
1.325               97536               -3.97269            -0.756902           0.243073            1.07311             -4.45535            -1.13492            
1.32848             97792               -1.96115            -0.961266           1.5659              1.27262             -3.34714            -1.51004            
1.33195             98048               0.247706            -0.241202           1.97299             0.438952            -1.41794            -0.868673           
1.33543             98304               -0.95263            -0.936431           1.88794             1.11288             -2.73721            -1.48483            
1.33891             98560               -1.97368            -0.252888           1.88236             0.673968            -3.74648            -0.66463            
1.34239             98816               -0.972738           -0.681742           1.95547             1.12747             -2.61375            -1.30403            
1.34586             99072               -1.79405            -0.347662           1.49228             0.504603            -3.22877            -1.13012            
1.34934             99328               -2.74973            -0.859126           1.24954             1.12697             -3.91453            -1.14508            
1.35282             99584               -2.8586             -0.193082           0.89505             0.53879             -3.81941            -0.905337           
1.3563              99840               -0.471995           0.0535651           2.23407             0.289399            -2.26322            -0.771665           
1.35978             100096              -2.08201            -0.925363           1.05514             1.13327             -3.33193            -1.33869            
1.36325             100352              -2.12968            -0.795104           1.4877              1.00759             -3.57608            -1.45074            
1.36673             100608              0.0582365           0.0415878           1.87052             0.177652            -1.48469            -0.806837           
1.37021             100864              -1.32089            -0.568688           1.58639             0.814016            -2.76625            -1.092              
1.37369             101120              -1.57946            -0.993106           1.84409             1.22312             -3.21176            -1.74509            
1.37716             101376              -3.2612             -0.300422           0.667616            0.586982            -4.16556            -0.813463           
1.38064             101632              -1.89517            -0.625694           2.23279             0.810472            -3.95352            -1.17412            
1.38412             101888              -1.1231             -0.0256633          1.57578             0.101257            -2.68173            -1.01379            
1.3876              102144              -1.88897            -0.63061            1.44358             0.810522            -3.36282            -0.948287           
1.39107             102400              -0.926671           -0.696239           1.3597              0.86722             -2.1007             -1.41638            
1.39455             102656              -0.867681           -0.440847           1.70928             0.596317            -2.49262            -1.15465            
1.39803             102912              -0.520346           -0.319345           1.46701             0.531238            -1.83108            -0.86447            
1.40151             103168              -0.408287           -0.350143           1.92829             0.589884            -2.13733            -0.836061           
1.40499             103424              -0.153998           -0.710691           1.71029             0.786871            -1.75631            -1.4142             
1.40846             103680              -2.6838             -0.799339           0.83614             0.936678            -3.5985             -1.45               
1.41194             103936              -2.14229            -0.225907           1.2268              0.596613            -3.31367            -0.857494           
1.41542             104192              -1.37398            -0.242239           1.05834             0.483516            -2.43911            -1.07162            
1.4189              104448              -1.37158            -0.813865           1.61562             1.12138             -2.89356            -1.08671            
1.42237             104704              -2.41351            -0.710894           1.36121             0.826288            -3.78921            -1.34678            
1.42585             104960              -1.59304            0.0609016           1.25979             0.199783            -2.87625            -0.489685           
1.42933             105216              -2.68485            -0.209499           1.11573             0.278349            -3.88966            -1.16727            
1.43281             105472              -3.60261            -0.798383           0.889765            1.44803             -4.66297            -1.04373            
1.43628             105728              -4.54828            -0.143317           0.370924            0.30876             -5.25153            -0.626263           
1.43976             105984              -4.47835            -0.584468           0.93352             0.741953            -5.56499            -1.10321            
1.44324             106240              -1.24256            -0.960532           1.47837             1.24462             -2.59588            -1.27447            
1.44672             106496              -2.25529            -0.647102           1.72131             1.03442             -3.93775            -0.909295           
1.4502              106752              -1.71016            -0.831232           1.50112             0.932363            -3.17312            -1.46947            
1.45367             107008              -1.97942            -0.862417           1.29634             1.05599             -3.21278            -1.40089            
1.45715             107264              -3.01386            -0.619714           1.01811             0.946419            -4.12571            -1.03757            
1.46063             107520              -2.58618            -0.606274           1.37468             0.857123            -3.96872            -1.19937            
1.46411             107776              -1.34748            -0.611878           1.08589             0.802527            -2.32038            -1.17714            
1.46758             108032              -1.47791            -0.0974697          1.2502              0.364831            -2.65543            -0.864374           
1.47106             108288              -3.18311            -0.449222           0.733155            0.885642            -4.11805            -0.910137           
1.47454             108544              -3.38691            -0.639464           1.16431             0.738346            -4.64373            -1.39187            
1.47802             108800              -3.17379            -0.765014           0.402011            0.956467            -3.83185            -1.37344            
1.48149             109056              -1.82239            -0.439536           1.65258             0.742983            -3.26351            -1.24902            
1.48497             109312              -1.64818            -1.22133            1.84788             1.45301             -3.49255            -1.57392            
1.48845             109568              0.0940228           -0.489534           1.89725             0.518408            -1.57075            -1.49837            
1.49193             109824              -0.160859           0.178325            1.7753              0.11513             -1.78632            -0.561908           
1.49541             110080              -0.413279           0.047863            2.11802             0.261074            -2.38219            -0.789733           
1.49888             110336              -1.26757            -1.25882            1.53732             1.31435             -2.83279            -1.96888            
1.50236             110592              -0.642118           -0.86018            1.99543             0.925688            -2.4087             -1.64807            
1.50584             110848              -1.6791             -0.79667            0.771375            0.903781            -2.55995            -1.48291            
1.50932             111104              -2.34671            -0.28271            1.58223             0.469004            -3.9406             -0.901482           
1.51279             111360              -1.84484            -0.689545           1.33338             0.848392            -3.15994            -1.06518            
1.51627             111616              -1.09713            -0.548992           1.63536             0.879528            -2.56194            -1.14733            
1.51975             111872              -2.24889            -0.0861942          0.853933            0.324781            -3.24793            -0.856501           
1.52323             112128              -3.91311            -0.944731           0.542936            1.19222             -4.75184            -1.40271            
1.5267              112384              -4.12211            -0.120864           0.551048            0.479966            -4.84964            -0.523763           
1.53018             112640              -4.02401            -0.424076           0.265354            0.698826            -4.5153             -0.972983           
1.53366             112896              -4.03416            -0.997778           0.691029            1.34326             -4.83816            -1.42642            
1.53714             113152              -4.72763            -1.36519            0.523444            1.53727             -5.51969            -1.82053            
1.54062             113408              -2.81707            -0.266863           0.709431            0.524966            -3.63631            -0.642464           
1.54409             113664              0.536231            0.148792            2.21751             0.0557122           -1.21543            -0.719745           
1.54757             113920              1.5125              -0.749294           2.67428             0.924431            -0.719451           -1.73058            
1.55105             114176              -0.430592           -0.546919           1.45344             0.801863            -1.9138             -1.23477            
1.55453             114432              0.383866            -0.842977           2.3466              1.15779             -1.64043            -1.42986            
1.558               114688              -0.0554201          -0.236477           1.38843             0.25905             -1.30947            -1.32639            
1.56148             114944              -2.3264             -1.01166            1.27291             1.04824             -3.65696            -1.48237            
1.56496             115200              -0.354062           -0.177758           2.65199             0.25502             -2.6544             -1.05007            
1.56844             115456              -1.2261             -0.24022            1.05815             0.583836            -2.37482            -0.798036           
1.57191             115712              -3.88586            -1.22335            1.42085             1.21593             -5.46566            -2.0347             
1.57539             115968              -2.53068            -1.26122            1.39213             1.5344              -3.76222            -1.77572            
1.57887             116224              -1.96214            -0.409398           1.4447              0.661442            -3.4225             -0.751791           
1.58235             116480              -2.13111            -0.640658           1.84842             0.749415            -3.88918            -1.0286             
1.58582             116736              -2.38272            -0.702952           0.394865            0.852127            -2.98568            -1.40972            
1.5893              116992              -1.29864            -0.782517           1.89904             0.833275            -2.99728            -1.52392            
1.59278             117248              -3.01188            -0.343167           0.600919            0.625332            -3.85547            -0.946596           
1.59626             117504              -3.21496            -0.693633           1.62248             0.79298             -4.83355            -0.948053           
1.59974             117760              0.165849            -0.36036            1.86224             0.364787            -1.49562            -1.28622            
1.60321             118016              1.42067             -0.93395            2.20365             1.01864             -0.455771           -1.60358            
1.60669             118272              -1.29906            -0.350176           1.86239             0.467686            -3.19266            -1.0237             
1.61017             118528              -1.71451            -1.06286            1.44407             1.23359             -3.11991            -1.45016            
1.61365             118784              -2.2469             -0.577067           1.2835              0.60747             -3.55926            -1.24115            
1.61712             119040              -2.12669            -0.666696           1.08475             1.04642             -3.1822             -1.04146            
1.6206              119296              -1.58436            -0.334601           1.28855             0.462343            -2.87715            -0.743339           
1.62408             119552              -0.414299           -0.0989722          1.57177             0.176863            -1.86993            -1.02103            
1.62756             119808              -2.76331            -0.658195           0.550163            0.794047            -3.53887            -1.17824            
1.63103             120064              -1.92436            -0.807521           1.53761             0.899173            -3.31387            -1.44136            
1.63451             120320              -1.90003            -0.574785           1.07983             0.752014            -2.98105            -1.13609            
1.63799             120576              -2.5398             -0.479995           1.0675              0.682412            -3.64119            -1.10388            
1.64147             120832              -2.85412            -1.05825            0.919598            1.15293             -3.87555            -1.5817             
1.64495             121088              -3.85249            -0.858877           0.493207            0.949145            -4.54707            -1.43064            
1.64842             121344              -3.18912            -0.698227           0.94747             0.875351            -4.21905            -1.35103            
1.6519              121600              -3.9995             -0.873854           1.42099             1.10906             -5.4957             -1.66017            
1.65538             121856              0.0459916           -1.03017            1.58608             1.00643             -1.3846             -2.04969            
1.65886             122112              -1.09039            -0.696062           2.23762             0.859531            -3.14124            -1.61711            
1.66233             122368              0.287068            -0.547762           2.37391             0.765495            -1.819              -1.26263            
1.66581             122624              -0.143539           -0.637568           1.93657             0.591684            -2.06506            -1.75735            
1.66929             122880              -0.466436           -0.553727           2.71317             0.876193            -2.8351             -1.12381            
1.67277             123136              -0.610781           -0.505915           2.10735             0.900756            -2.45029            -1.26259            
1.67624             123392              -1.5804             -0.620253           1.46576             0.819039            -3.06931            -1.37706            
1.67972             123648              -3.7295             -0.369923           1.58338             0.724853            -5.39352            -0.83145            
1.6832              123904              -2.67992            -0.858819           1.36661             0.885037            -4.07703            -1.46601            
1.68668             124160              -0.770936           -0.831725           1.8227              1.1209              -2.32224            -1.53398            
1.69016             124416              -1.58794            -0.739222           1.6275              0.97424             -3.17552            -1.40137            
1.69363             124672              -2.49908            -0.202766           1.20008             0.555774            -3.69278            -0.890639           
1.69711             124928              -4.48687            -0.703985           0.3935              1.172               -5.15264            -0.892954           
1.70059             125184              -4.62541            -1.01177            0.379547            1.11051             -5.21754            -1.7637             
1.70407             125440              -2.66881            -0.310029           0.969722            0.729772            -3.65392            -1.07495            
1.70754             125696              -1.38809            -0.666977           1.52544             0.96078             -2.83722            -0.996472           
1.71102             125952              -3.10642            -0.55544            0.84877             0.864775            -4.12831            -1.02989            
1.7145              126208              -2.08484            -0.744605           1.13075             0.93991             -3.18032            -1.36113            
1.71798             126464              -0.330217           -0.290417           1.72543             0.452702            -1.83614            -1.05596            
1.72145             126720              -2.04738            -0.859168           1.13098             1.14744             -3.14306            -1.44836            
1.72493             126976              -1.12253            -0.592949           1.86713             0.790882            -2.74695            -1.32403            
1.72841             127232              -0.989834           -0.0694191          1.69198             0.422251            -2.55174            -0.916856           
1.73189             127488              -2.25872            -0.736327           1.03096             0.970361            -3.37603            -1.23124            
1.73537             127744              -1.97522            -0.807106           1.98924             0.926132            -3.76723            -1.37002            
1.73884             128000              -0.417905           -0.593745           1.53596             0.832729            -1.75802            -1.34059            
1.74232             128256              -0.86332            -0.494835           2.16983             0.70902             -2.86615            -1.22512            
1.7458              128512              -1.09978            -0.815313           1.5168              1.13874             -2.6709             -1.27013            
1.74928             128768              -0.968696           -0.210584           1.42911             0.384589            -2.31475            -1.21312            
1.75275             129024              -1.15658            -0.0699809          1.24111             0.344937            -2.37025            -0.652252           
1.75623             129280              -1.34473            -0.732713           1.71248             0.995562            -3.09286            -1.18627            
1.75971             129536              -1.02315            -1.10221            1.78534             1.30379             -2.66238            -1.90832            
1.76319             129792              0.110027            0.0620246           1.91152             -0.0477219          -1.63806            -0.823059           
1.76666             130048              -1.13955            -0.726218           1.54505             0.99876             -2.68492            -0.984748           
1.77014             130304              -2.92555            -1.20533            1.30578             1.44071             -4.2996             -1.72235            
1.77362             130560              -4.79886            -0.550209           0.677972            0.754109            -5.7957             -0.951289           
1.7771              130816              -3.44989            -0.71065            0.834919            0.881765            -4.46276            -0.907625           
1.78058             131072              -2.39546            -1.2808             1.92894             1.46183             -4.33624            -1.81033            
1.78405             131328              -4.61399            -0.519977           0.532164            0.924494            -5.55086            -0.956695           
1.78753             131584              -3.76646            -0.345344           0.560406            0.561233            -4.53866            -0.954626           
1.79101             131840              -2.34438            -1.28941            1.4057              1.48422             -3.73815            -1.87344            
1.79449             132096              -1.77262            -1.31713            1.10689             1.4279              -3.02466            -1.85687            
1.79796             132352              -0.749981           -0.755011           1.79018             0.844927            -2.45852            -1.467              
1.80144             132608              -1.23767            0.0139558           1.39997             0.396816            -2.57617            -0.384324           
1.80492             132864              -0.935222           -0.3641             1.83341             0.47929             -2.6698             -1.09404            
1.8084              133120              -1.29539            -0.888341           1.45403             1.10904             -2.74502            -1.53608            
1.81187             133376              -1.91697            -0.682789           1.38937             0.8196              -3.34835            -1.31274            
1.81535             133632              -0.206877           -0.382356           1.60482             0.552525            -1.57592            -1.02769            
1.81883             133888              -0.830377           -0.905926           1.56049             1.0785              -2.33892            -1.49974            
1.82231             134144              -2.56027            -0.503211           1.31181             0.748504            -3.97143            -0.960149           
1.82579             134400              -2.53115            -0.659801           1.15068             0.837832            -3.75805            -1.14155            
1.82926             134656              -1.62618            -0.491245           1.25257             0.740929            -2.94684            -0.996251           
1.83274             134912              -1.67495            -1.05072            1.49333             1.08367             -3.07561            -1.66799            
1.83622             135168              -1.11015            -0.560958           1.47527             0.833133            -2.45809            -1.20492            
1.8397              135424              -2.61292            -0.470625           1.13752             0.667216            -3.8853             -1.00866            
1.84317             135680              -1.85962            -0.690597           0.900973            0.8125              -2.84738            -1.39566            
1.84665             135936              -2.0713             -0.608002           1.66866             0.831324            -3.70295            -1.17275            
1.85013             136192              -3.95367            -0.336454           0.606346            0.521288            -4.96434            -0.958071           
1.85361             136448              -3.57814            -0.176873           0.743272            0.310119            -4.62884            -0.775239           
1.85708             136704              -3.38956            -0.951604           0.817744            1.31983             -4.42651            -1.32946            
1.86056             136960              -1.5493             -0.431684           1.73776             0.75992             -3.19488            -1.00765            
1.86404             137216              -2.39578            -0.75864            1.27948             0.993601            -3.86288            -1.21102            
1.86752             137472              -2.59787            -0.877919           1.07258             1.15478             -3.85481            -1.42518            
1.871               137728              -2.56287            -0.548328           0.927846            0.802981            -3.55109            -1.1195             
1.87447             137984              -1.01554            -0.202041           1.62475             0.522667            -2.52473            -1.00617            
1.87795             138240              -1.92961            -0.80334            1.42855             1.00831             -3.32563            -1.4777             
1.88143             138496              -1.3358             -0.786588           1.434               0.9699              -2.7588             -1.67763            
1.88491             138752              -2.34178            0.582688            0.999098            -0.134613           -3.30643            0.192811            
1.88838             139008              -2.03002            -0.40986            0.346975            0.632421            -2.63434            -1.34431            
1.89186             139264              -1.83736            -0.871284           1.59021             0.968136            -3.33407            -1.56099            
1.89534             139520              -2.85689            -1.35176            1.04865             1.46706             -4.081              -1.96446            
1.89882             139776              -2.6867             0.271366            0.221099            -0.0731101          -3.2853             -0.50196            
1.90229             140032              -1.8183             -1.01274            1.83816             1.47434             -3.43871            -1.52377            
1.90577             140288              -1.90497            -0.90873            1.08555             0.96754             -3.12999            -1.6926             
1.90925             140544              -1.7699             -0.714133           1.61284             1.02749             -3.36797            -1.41043            
1.91273             140800              -1.68433            -0.387447           1.3571              0.602303            -3.11373            -1.17556            
1.91621             141056              -0.543236           -0.514224           1.98794             0.765741            -2.38143            -1.23088            
1.91968             141312              -0.907053           -0.538362           1.35183             0.806863            -2.16796            -1.26475            
1.92316             141568              -0.682141           -0.423181           1.81956             0.742957            -2.28591            -1.27331            
1.92664             141824              -0.753805           -0.438873           1.56008             0.655941            -2.25264            -1.07868            
1.93012             142080              -1.33218            -0.828077           1.85831             1.19321             -3.03596            -1.17832            
1.93359             142336              -0.66849            -0.662737           1.55312             1.04278             -2.12187            -0.970214           
1.93707             142592              -0.323975           -0.609899           1.68752             0.785487            -1.84011            -1.35982            
1.94055             142848              -1.86087            -0.485212           1.13068             0.707112            -3.091              -1.23095            
1.94403             143104              -1.55372            -0.653973           1.3191              0.895289            -2.81736            -1.1625             
1.9475              143360              -1.91371            -0.529446           1.28947             0.75543             -3.229              -1.14509            
1.95098             143616              -1.99177            -0.681567           1.26207             0.779195            -3.32734            -1.34831            
1.95446             143872              -2.12042            -0.187351           1.54897             0.637239            -3.67427            -0.677881           
1.95794             144128              -0.855095           -0.291008           1.53319             0.49213             -2.31276            -0.906974           
1.96142             144384              -2.34337            -1.70971            1.63295             1.73819             -3.95636            -2.01935            
1.96489             144640              -2.76533            -0.751742           1.08206             1.07745             -3.913              -1.07253            
1.96837             144896              -2.32394            0.0592375           1.22822             0.16894             -3.68335            -0.550735           
1.97185             145152              -2.15369            -0.820281           1.75818             0.977473            -3.84604            -1.38601            
1.97533             145408              -1.09757            -1.09989            0.857035            1.16006             -2.07578            -1.71995            
1.9788              145664              -1.30236            -0.94592            2.0763              0.954279            -3.2059             -1.93967            
1.98228             145920              -2.43686            -0.647988           1.09569             0.936234            -3.6395             -1.13215            
1.98576             146176              -2.96305            -0.525896           0.777209            0.742822            -3.85271            -0.899438           
1.98924             146432              -2.59911            -1.28974            1.25962             1.46228             -3.79032            -1.93613            
1.99271             146688              -1.70227            -0.155221           1.37547             0.470526            -2.94682            -0.785945           
1.99619             146944              -0.630791           -0.0588444          2.37238             0.34163             -2.679              -0.615575           
1.99967             147200              -3.10192            -0.438884           0.479407            0.628106            -3.90596            -1.07694            
