#Time               nTime               force-x             force-y             force-z             moment-x            moment-y            moment-z            
0                   0                   -1.63713e-05        3.63808e-06         7.44152e-06         -6.07493e-06        -3.44943e-05        3.50578e-06         
0.00347769          256                 0.00996039          0.0096758           0.00137304          -0.0164633          0.0147275           0.0109194           
0.00695537          512                 -0.0870021          0.223523            0.820959            -0.363968           -0.998737           0.233589            
0.0104331           768                 -0.91481            0.141746            0.922568            -0.241983           -2.47766            0.136101            
0.0139107           1024                -1.17538            0.141455            -0.0516873          -0.237372           -1.8575             0.128546            
0.0173884           1280                -0.368728           0.0859955           -0.0719235          -0.139485           -0.517758           0.0885169           
0.0208661           1536                -0.207941           -0.0815313          -0.199704           0.134067            -0.125133           -0.0854756          
0.0243438           1792                0.603762            -0.0206945          -0.130367           0.0367646           1.1223              -0.0127837          
0.0278215           2048                0.432984            -0.0650457          0.00603441          0.108114            0.697133            -0.0621436          
0.0312992           2304                0.615824            -0.0787667          -0.332039           0.133356            1.35765             -0.074121           
0.0347769           2560                0.499346            -0.0903409          -0.159105           0.152073            0.982402            -0.0842939          
0.0382545           2816                0.307157            -0.0708486          -0.115563           0.117905            0.622465            -0.0693985          
0.0417322           3072                0.377167            -0.0501683          -0.113018           0.0845944           0.734506            -0.0469487          
0.0452099           3328                0.256025            -0.0554985          -0.083687           0.0927196           0.505675            -0.0537602          
0.0486876           3584                0.219781            -0.0391677          -0.0948812          0.0659527           0.458892            -0.0371624          
0.0521653           3840                0.169902            -0.034107           -0.0711442          0.0573101           0.352415            -0.0325818          
0.055643            4096                0.140879            -0.0318621          -0.0590599          0.0531651           0.292341            -0.0311949          
0.0591207           4352                0.134737            -0.0227082          -0.0577788          0.038234            0.281078            -0.0215344          
0.0625984           4608                0.115731            -0.0237697          -0.0556561          0.0398122           0.247931            -0.0230271          
0.066076            4864                0.116682            -0.0214415          -0.0644695          0.0360913           0.259093            -0.0205651          
0.0695537           5120                0.127155            -0.0250399          -0.0653759          0.0420606           0.277228            -0.0241798          
0.0730314           5376                0.134497            -0.0251824          -0.069398           0.0424165           0.293637            -0.0241714          
0.0765091           5632                0.150115            -0.0272957          -0.0755794          0.0460493           0.325859            -0.026172           
0.0799868           5888                0.164671            -0.0315888          -0.081167           0.0531962           0.355745            -0.0304812          
0.0834645           6144                0.18265             -0.0339262          -0.0851882          0.057274            0.389467            -0.0325719          
0.0869422           6400                0.195499            -0.0371732          -0.0932107          0.0626741           0.418921            -0.0357144          
0.0904198           6656                0.214075            -0.0397066          -0.1024             0.0669777           0.459154            -0.0381435          
0.0938975           6912                0.232574            -0.0419563          -0.10807            0.0707774           0.49547             -0.0402712          
0.0973752           7168                0.244723            -0.0438403          -0.11194            0.0739969           0.519531            -0.0420422          
0.100853            7424                0.246393            -0.0456972          -0.115189           0.0771139           0.525784            -0.0438796          
0.104331            7680                0.249603            -0.0488154          -0.110657           0.082236            0.526223            -0.0470977          
0.107808            7936                0.252846            -0.0455795          -0.115478           0.0770069           0.53664             -0.0436569          
0.111286            8192                0.243725            -0.0427477          -0.113033           0.0722982           0.519222            -0.0408393          
0.114764            8448                0.241777            -0.0429148          -0.111612           0.0725756           0.514586            -0.0410591          
0.118241            8704                0.236245            -0.0431248          -0.110325           0.0729138           0.504214            -0.0413899          
0.121719            8960                0.23115             -0.0442637          -0.109652           0.0747362           0.495201            -0.0427878          
0.125197            9216                0.228789            -0.0400374          -0.108681           0.067884            0.490362            -0.0382899          
0.128674            9472                0.227089            -0.0412662          -0.107909           0.0698717           0.486813            -0.0396284          
0.132152            9728                0.229052            -0.0422455          -0.11002            0.0715204           0.492304            -0.0406834          
0.13563             9984                0.235228            -0.0431855          -0.111886           0.0730956           0.504384            -0.0415973          
0.139107            10240               0.237788            -0.0438084          -0.113427           0.0741327           0.510217            -0.042234           
0.142585            10496               0.242004            -0.0438153          -0.113097           0.0741208           0.516772            -0.0422336          
0.146063            10752               0.246244            -0.0438175          -0.116553           0.0741585           0.527436            -0.042205           
0.149541            11008               0.248306            -0.0438901          -0.116583           0.0742691           0.530891            -0.0422984          
0.153018            11264               0.246899            -0.0450009          -0.113589           0.076029            0.525417            -0.0435336          
0.156496            11520               0.24785             -0.0416031          -0.116391           0.0705679           0.529973            -0.039894           
0.159974            11776               0.241686            -0.0427102          -0.112557           0.0723007           0.515839            -0.0412058          
0.163451            12032               0.237614            -0.0456651          -0.113053           0.0770309           0.509773            -0.0445664          
0.166929            12288               0.234436            -0.0425253          -0.110323           0.0718682           0.501701            -0.0413313          
0.170407            12544               0.231538            -0.0412431          -0.108072           0.0696952           0.494589            -0.0400738          
0.173884            12800               0.226096            -0.0410514          -0.111073           0.0693201           0.488981            -0.0400817          
0.177362            13056               0.223738            -0.0400182          -0.107211           0.0675576           0.481024            -0.0390371          
0.18084             13312               0.222297            -0.0410119          -0.109546           0.0691418           0.481244            -0.0402073          
0.184317            13568               0.217511            -0.0394449          -0.101995           0.0665206           0.465305            -0.038461           
0.187795            13824               0.21973             -0.0424261          -0.106526           0.071472            0.473769            -0.0415059          
0.191273            14080               0.224479            -0.0381646          -0.106028           0.0643742           0.481353            -0.0370478          
0.19475             14336               0.220562            -0.0395193          -0.109149           0.0665097           0.478123            -0.03842            
0.198228            14592               0.206817            -0.0374553          -0.1068             0.0630312           0.453209            -0.0362119          
0.201706            14848               0.212219            -0.0356373          -0.108491           0.0599838           0.463978            -0.0342429          
0.205183            15104               0.212503            -0.037533           -0.109693           0.0628387           0.465844            -0.0364008          
0.208661            15360               0.202667            -0.0289622          -0.108776           0.0489911           0.448688            -0.0270386          
0.212139            15616               0.20507             -0.03529            -0.107211           0.0592744           0.450872            -0.0336873          
0.215617            15872               0.200113            -0.0338045          -0.106073           0.0567524           0.441704            -0.0321857          
0.219094            16128               0.205768            -0.030927           -0.106668           0.052129            0.451639            -0.0289732          
0.222572            16384               0.203833            -0.0298526          -0.104035           0.0504514           0.445621            -0.027698           
0.22605             16640               0.205338            -0.0281364          -0.103955           0.0477877           0.447978            -0.0258106          
0.229527            16896               0.21177             -0.026448           -0.10576            0.0452435           0.460394            -0.0238887          
0.233005            17152               0.208926            -0.0278248          -0.104616           0.0475637           0.454532            -0.0254303          
0.236483            17408               0.212698            -0.0280525          -0.0993665          0.0479466           0.455005            -0.025703           
0.23996             17664               0.215638            -0.0279098          -0.0998728          0.0477722           0.460348            -0.0256295          
0.243438            17920               0.215397            -0.0265624          -0.100091           0.0456231           0.460178            -0.0241703          
0.246916            18176               0.218957            -0.0313167          -0.0986489          0.0532457           0.464404            -0.0294382          
0.250393            18432               0.216543            -0.02959            -0.101105           0.0504657           0.463085            -0.0276093          
0.253871            18688               0.221898            -0.0297755          -0.0998645          0.050782            0.470475            -0.0277871          
0.257349            18944               0.226836            -0.0323657          -0.10218            0.0549761           0.480999            -0.0306101          
0.260826            19200               0.227486            -0.0285009          -0.104223           0.0486686           0.484306            -0.0264106          
0.264304            19456               0.230023            -0.0310067          -0.10754            0.0528164           0.491971            -0.0290476          
0.267782            19712               0.232139            -0.0306124          -0.112331           0.0522074           0.500577            -0.0285662          
0.27126             19968               0.236891            -0.0308649          -0.110926           0.0526426           0.506755            -0.0286269          
0.274737            20224               0.229913            -0.02706            -0.107752           0.0462633           0.491908            -0.0247071          
0.278215            20480               0.24922             -0.0305066          -0.119523           0.0518748           0.536282            -0.0284419          
0.281693            20736               0.234782            -0.0332702          -0.115809           0.0565749           0.508635            -0.0311993          
0.28517             20992               0.232883            -0.028208           -0.113752           0.0483266           0.503301            -0.0256843          
0.288648            21248               0.227894            -0.0305767          -0.110033           0.0522028           0.491235            -0.0283884          
0.292126            21504               0.234815            -0.031427           -0.108697           0.0535084           0.501187            -0.029364           
0.295603            21760               0.234664            -0.0277822          -0.107733           0.0476397           0.499901            -0.0253885          
0.299081            22016               0.230452            -0.0287969          -0.106759           0.0493838           0.491995            -0.0264563          
0.302559            22272               0.232879            -0.0305216          -0.110652           0.0522144           0.500082            -0.0282844          
0.306036            22528               0.243219            -0.0310573          -0.110811           0.0532127           0.517166            -0.0286768          
0.309514            22784               0.24182             -0.0317751          -0.110659           0.0542582           0.514744            -0.0295723          
0.312992            23040               0.249755            -0.0303005          -0.115646           0.0518487           0.533022            -0.0278635          
0.316469            23296               0.246503            -0.0320252          -0.112101           0.0547755           0.523556            -0.0294719          
0.319947            23552               0.260948            -0.0330655          -0.115901           0.0565412           0.551328            -0.0305275          
0.323425            23808               0.262136            -0.0328765          -0.116748           0.0562269           0.554226            -0.0303484          
0.326903            24064               0.267949            -0.0341511          -0.119243           0.0583577           0.566332            -0.0316358          
0.33038             24320               0.266802            -0.0356598          -0.113798           0.0607788           0.558599            -0.0332328          
0.333858            24576               0.26605             -0.0307958          -0.115022           0.05301             0.558686            -0.0280076          
0.337336            24832               0.266781            -0.0320478          -0.115707           0.0550629           0.560624            -0.0294028          
0.340813            25088               0.264792            -0.0340957          -0.114668           0.0582929           0.55629             -0.0317336          
0.344291            25344               0.265431            -0.0362571          -0.11519            0.0618201           0.557869            -0.0340804          
0.347769            25600               0.26112             -0.0377353          -0.11367            0.0641781           0.54915             -0.0358092          
0.351246            25856               0.258887            -0.0336201          -0.110786           0.0575052           0.542416            -0.0314133          
0.354724            26112               0.252283            -0.0335454          -0.108179           0.0572799           0.528829            -0.0316233          
0.358202            26368               0.251331            -0.0324741          -0.107295           0.0556736           0.526391            -0.0304315          
0.361679            26624               0.242845            -0.0335103          -0.105736           0.057632            0.51082             -0.0314648          
0.365157            26880               0.238223            -0.0345306          -0.103966           0.0589076           0.501647            -0.0329447          
0.368635            27136               0.236333            -0.0299885          -0.10753            0.0516065           0.502093            -0.028001           
0.372112            27392               0.233683            -0.0312395          -0.103309           0.0535154           0.49329             -0.0294839          
0.37559             27648               0.233466            -0.0284696          -0.100804           0.0489733           0.490273            -0.0266168          
0.379068            27904               0.229013            -0.0291197          -0.0976222          0.0499501           0.479624            -0.0274732          
0.382546            28160               0.221891            -0.0269198          -0.0981174          0.0463339           0.468557            -0.0252286          
0.386023            28416               0.220794            -0.0285014          -0.0979848          0.048892            0.466629            -0.0269975          
0.389501            28672               0.220872            -0.028277           -0.0983713          0.0485153           0.467204            -0.0267168          
0.392979            28928               0.227442            -0.0269892          -0.099124           0.0464224           0.478707            -0.0252528          
0.396456            29184               0.241788            -0.0272747          -0.103361           0.0469939           0.506597            -0.0252911          
0.399934            29440               0.24631             -0.030218           -0.105306           0.0518404           0.516007            -0.0281902          
0.403412            29696               0.254527            -0.0328533          -0.1108             0.0561979           0.535284            -0.0308778          
0.406889            29952               0.264797            -0.0339323          -0.112449           0.0579732           0.553811            -0.0318463          
0.410367            30208               0.269992            -0.0371454          -0.114194           0.0632198           0.564142            -0.0351819          
0.413845            30464               0.280447            -0.0347866          -0.116932           0.0593809           0.584152            -0.0325355          
0.417322            30720               0.27391             -0.0351695          -0.115145           0.0600005           0.571575            -0.032821           
0.4208              30976               0.26843             -0.0365127          -0.11377            0.06214             0.56106             -0.0343572          
0.424278            31232               0.266848            -0.0376308          -0.114372           0.0641069           0.559021            -0.035415           
0.427755            31488               0.268857            -0.0387946          -0.116581           0.0662295           0.564729            -0.0363692          
0.431233            31744               0.261124            -0.0358453          -0.106965           0.0612969           0.542022            -0.0332764          
0.434711            32000               0.261139            -0.0369748          -0.114469           0.0630163           0.549914            -0.0346899          
0.438188            32256               0.260775            -0.0379069          -0.110741           0.0645759           0.545262            -0.0355361          
0.441666            32512               0.256245            -0.0322669          -0.115875           0.0554304           0.543352            -0.029496           
0.445144            32768               0.258956            -0.0360487          -0.112528           0.0615466           0.544232            -0.033555           
0.448622            33024               0.259134            -0.0362065          -0.112117           0.0618347           0.544052            -0.0335969          
0.452099            33280               0.254609            -0.0359467          -0.115248           0.0613652           0.54001             -0.0333615          
0.455577            33536               0.260216            -0.0352487          -0.114683           0.0602436           0.548542            -0.0325127          
0.459055            33792               0.257114            -0.0352622          -0.113508           0.0602201           0.542215            -0.0325757          
0.462532            34048               0.262305            -0.0335808          -0.116053           0.0575213           0.553393            -0.0306282          
0.46601             34304               0.265714            -0.0384369          -0.115009           0.0653515           0.557828            -0.0358768          
0.469488            34560               0.257769            -0.0380794          -0.112761           0.0647344           0.54249             -0.0355963          
0.472965            34816               0.254829            -0.0329218          -0.114165           0.0562985           0.539257            -0.0301205          
0.476443            35072               0.258811            -0.0352136          -0.11518            0.0600003           0.546885            -0.0325681          
0.479921            35328               0.260899            -0.038176           -0.119121           0.0648614           0.554505            -0.0357             
0.483398            35584               0.268228            -0.0368235          -0.119867           0.062616            0.567311            -0.0342045          
0.486876            35840               0.265745            -0.035378           -0.114521           0.0602733           0.557538            -0.0325557          
0.490354            36096               0.267655            -0.0320182          -0.115191           0.0547953           0.561283            -0.0288687          
0.493831            36352               0.262559            -0.036633           -0.112838           0.0624352           0.550308            -0.0338379          
0.497309            36608               0.263722            -0.0363025          -0.121311           0.0616626           0.561523            -0.0337677          
0.500787            36864               0.267702            -0.0400079          -0.120819           0.0679418           0.567473            -0.0375718          
0.504265            37120               0.269847            -0.0363657          -0.123856           0.0618803           0.57409             -0.0337201          
0.507742            37376               0.265779            -0.039112           -0.118134           0.0664499           0.561353            -0.036599           
0.51122             37632               0.265689            -0.0379809          -0.122492           0.0646584           0.56588             -0.0354106          
0.514698            37888               0.263496            -0.0377421          -0.115763           0.0642067           0.555083            -0.0351754          
0.518175            38144               0.2577              -0.0361683          -0.120555           0.0616221           0.550808            -0.0336273          
0.521653            38400               0.263589            -0.0362295          -0.119098           0.0617115           0.558911            -0.0336177          
0.525131            38656               0.259053            -0.036919           -0.116072           0.0627517           0.54828             -0.0345209          
0.528608            38912               0.256991            -0.0359493          -0.117863           0.0611554           0.546881            -0.0335607          
0.532086            39168               0.257144            -0.0344767          -0.114363           0.0587187           0.543396            -0.032033           
0.535564            39424               0.252843            -0.0332581          -0.111444           0.0566843           0.53328             -0.0308239          
0.539041            39680               0.248744            -0.0355348          -0.112702           0.0603803           0.527968            -0.0333416          
0.542519            39936               0.244408            -0.0373463          -0.112616           0.0633293           0.520823            -0.0354018          
0.545997            40192               0.248185            -0.0369911          -0.113263           0.0627773           0.527671            -0.0349922          
0.549474            40448               0.251208            -0.0353566          -0.113775           0.0601353           0.53317             -0.0331811          
0.552952            40704               0.253097            -0.0349528          -0.115065           0.0595694           0.537603            -0.0326171          
0.55643             40960               0.25888             -0.0367593          -0.117266           0.0624333           0.549415            -0.0346646          
0.559907            41216               0.264392            -0.037705           -0.120597           0.0640053           0.561989            -0.0355941          
0.563385            41472               0.265824            -0.0367894          -0.116059           0.0624221           0.559451            -0.0346064          
0.566863            41728               0.263268            -0.0380546          -0.115085           0.0644425           0.554248            -0.0361113          
0.570341            41984               0.256684            -0.0353796          -0.113944           0.0601136           0.542265            -0.0332138          
0.573818            42240               0.25339             -0.0360148          -0.112206           0.0611743           0.534955            -0.0339236          
0.577296            42496               0.250306            -0.0372086          -0.112817           0.0631358           0.530636            -0.0353362          
0.580774            42752               0.25802             -0.0399119          -0.120031           0.0675128           0.550991            -0.0381221          
0.584251            43008               0.266356            -0.0425043          -0.114271           0.0715835           0.558372            -0.0408737          
0.587729            43264               0.269608            -0.034758           -0.116581           0.0590765           0.5661              -0.032507           
0.591207            43520               0.272239            -0.0352912          -0.116847           0.0599307           0.570681            -0.033034           
0.594684            43776               0.273022            -0.042632           -0.117689           0.0718453           0.572871            -0.040973           
0.598162            44032               0.277625            -0.0418974          -0.122507           0.070724            0.585493            -0.0399815          
0.60164             44288               0.276058            -0.0382402          -0.122324           0.0647933           0.582741            -0.0359722          
0.605117            44544               0.278815            -0.039702           -0.12176            0.0670994           0.586603            -0.0375902          
0.608595            44800               0.274094            -0.0386007          -0.122882           0.0652841           0.580077            -0.0364693          
0.612073            45056               0.27108             -0.0402948          -0.121967           0.0679859           0.574171            -0.0382574          
0.61555             45312               0.267543            -0.0390471          -0.121764           0.0658572           0.568261            -0.0370813          
0.619028            45568               0.261359            -0.0330433          -0.120888           0.0560401           0.557282            -0.0307126          
0.622506            45824               0.251347            -0.0333124          -0.116842           0.0565402           0.536439            -0.0308644          
0.625984            46080               0.255911            -0.0271334          -0.114795           0.0465084           0.54195             -0.0242894          
0.629461            46336               0.238273            -0.0368709          -0.113356           0.0620866           0.511606            -0.0350896          
0.632939            46592               0.240913            -0.0317485          -0.117735           0.0539252           0.520648            -0.0294601          
0.636417            46848               0.233608            -0.0315547          -0.117454           0.0535554           0.508412            -0.029313           
0.639894            47104               0.235909            -0.0323891          -0.111837           0.0548677           0.506194            -0.0302624          
0.643372            47360               0.236216            -0.0332788          -0.112587           0.0562991           0.507508            -0.0311755          
0.64685             47616               0.241257            -0.0295045          -0.115208           0.0502685           0.518516            -0.026982           
0.650327            47872               0.248479            -0.0321819          -0.112722           0.0545561           0.52757             -0.0298093          
0.653805            48128               0.260096            -0.0310389          -0.114065           0.0524587           0.548144            -0.0286794          
0.657283            48384               0.264556            -0.0257769          -0.120576           0.0441997           0.562497            -0.0229466          
0.66076             48640               0.256581            -0.0444341          -0.111228           0.0744861           0.538957            -0.0425022          
0.664238            48896               0.273754            -0.0356138          -0.12185            0.0604579           0.578439            -0.0329586          
0.667716            49152               0.275225            -0.0375929          -0.116875           0.0637941           0.575401            -0.0348868          
0.671193            49408               0.284483            -0.0331677          -0.125439           0.056699            0.599655            -0.0299895          
0.674671            49664               0.286103            -0.0389049          -0.117065           0.0659462           0.59341             -0.0361978          
0.678149            49920               0.282153            -0.0383428          -0.115405           0.0650223           0.585161            -0.0356484          
0.681626            50176               0.279556            -0.0378618          -0.113854           0.0642315           0.579273            -0.0352098          
0.685104            50432               0.267606            -0.0382372          -0.111529           0.0648131           0.55734             -0.0357366          
0.688582            50688               0.266022            -0.0341708          -0.111995           0.0582523           0.55529             -0.0314404          
0.69206             50944               0.266741            -0.0365107          -0.109968           0.0620581           0.554256            -0.033943           
0.695537            51200               0.253195            -0.0325438          -0.10305            0.0555794           0.524782            -0.029897           
0.699015            51456               0.249384            -0.0363707          -0.103944           0.0617811           0.51957             -0.0342063          
0.702493            51712               0.246161            -0.0360712          -0.102376           0.0612845           0.512644            -0.0339886          
0.70597             51968               0.2398              -0.0337604          -0.100615           0.0574416           0.500406            -0.031683           
0.709448            52224               0.240469            -0.0306539          -0.105249           0.0524894           0.506474            -0.0283555          
0.712926            52480               0.245828            -0.0349255          -0.103165           0.0593035           0.51308             -0.0329943          
0.716403            52736               0.237391            -0.0331576          -0.102342           0.0564642           0.498354            -0.0311558          
0.719881            52992               0.239509            -0.0294163          -0.106021           0.0503088           0.505744            -0.0271776          
0.723359            53248               0.236039            -0.039005           -0.102189           0.0662604           0.495705            -0.0371656          
0.726836            53504               0.255933            -0.0405627          -0.105877           0.0684031           0.532629            -0.039153           
0.730314            53760               0.253057            -0.0336597          -0.115428           0.0576829           0.537695            -0.0313189          
0.733792            54016               0.25724             -0.038668           -0.111688           0.0657801           0.540715            -0.0366243          
0.73727             54272               0.259596            -0.0376741          -0.109805           0.0641868           0.542553            -0.0354533          
0.740747            54528               0.259383            -0.0388378          -0.111601           0.066034            0.544059            -0.0367904          
0.744225            54784               0.260229            -0.0384988          -0.111688           0.0655404           0.545519            -0.0363862          
0.747703            55040               0.260124            -0.0384361          -0.11297            0.0654358           0.546721            -0.0363563          
0.75118             55296               0.261483            -0.0383392          -0.113336           0.0652918           0.549368            -0.0362251          
0.754658            55552               0.260779            -0.0368264          -0.115622           0.0628403           0.550636            -0.0345533          
0.758136            55808               0.261181            -0.0381145          -0.112275           0.0649274           0.54767             -0.0359302          
0.761613            56064               0.258722            -0.0364676          -0.114993           0.0622755           0.54658             -0.034203           
0.765091            56320               0.258623            -0.036546           -0.114194           0.0624526           0.545536            -0.0341916          
0.768569            56576               0.257394            -0.0371797          -0.115398           0.0635102           0.544837            -0.0349046          
0.772046            56832               0.2603              -0.0361898          -0.116384           0.0618746           0.550693            -0.033822           
0.775524            57088               0.261405            -0.0388604          -0.111586           0.0661616           0.547364            -0.0367012          
0.779002            57344               0.254473            -0.0334635          -0.115896           0.0574147           0.540603            -0.0310046          
0.782479            57600               0.255633            -0.0342781          -0.114706           0.0586461           0.541395            -0.0320034          
0.785957            57856               0.248762            -0.0323875          -0.110968           0.0555568           0.526187            -0.0299425          
0.789435            58112               0.246033            -0.0334328          -0.109735           0.0571463           0.520337            -0.0311936          
0.792912            58368               0.241008            -0.032127           -0.106972           0.0551147           0.509157            -0.0298019          
0.79639             58624               0.239376            -0.0345457          -0.107387           0.0592866           0.506932            -0.0323099          
0.799868            58880               0.241877            -0.0321355          -0.110725           0.0552823           0.514781            -0.0297675          
0.803346            59136               0.243085            -0.0367297          -0.109467           0.0626702           0.515262            -0.034632           
0.806823            59392               0.247813            -0.0347683          -0.112784           0.0594685           0.526522            -0.0324787          
0.810301            59648               0.247466            -0.0326678          -0.109706           0.0560371           0.52263             -0.0302142          
0.813779            59904               0.254711            -0.036049           -0.114095           0.0615663           0.539239            -0.0337805          
0.817256            60160               0.252056            -0.0335849          -0.11528            0.0575857           0.536098            -0.0311786          
0.820734            60416               0.251019            -0.035844           -0.113474           0.0612362           0.532483            -0.0335964          
0.824212            60672               0.252152            -0.0365498          -0.114222           0.0623563           0.535159            -0.0343775          
0.827689            60928               0.248471            -0.0338445          -0.1119             0.0579143           0.526652            -0.0315539          
0.831167            61184               0.246155            -0.0344017          -0.112416           0.0587831           0.52345             -0.0322413          
0.834645            61440               0.246411            -0.0330101          -0.11201            0.0565539           0.52343             -0.0306856          
0.838122            61696               0.243177            -0.0349454          -0.11088            0.0596444           0.516933            -0.0328453          
0.8416              61952               0.24592             -0.0338153          -0.11423            0.0578685           0.524999            -0.031602           
0.845078            62208               0.247516            -0.033854           -0.113798           0.0579917           0.527133            -0.0315666          
0.848555            62464               0.244401            -0.0348419          -0.115474           0.0595606           0.523854            -0.0327114          
0.852033            62720               0.252636            -0.0368572          -0.115086           0.0628675           0.536873            -0.034727           
0.855511            62976               0.255912            -0.0363674          -0.11899            0.0620851           0.546358            -0.0342284          
0.858989            63232               0.257574            -0.038838           -0.119619           0.0660805           0.549794            -0.0368344          
0.862466            63488               0.262172            -0.0382393          -0.118409           0.0651465           0.555943            -0.0359803          
0.865944            63744               0.262068            -0.0397361          -0.122843           0.0675929           0.560501            -0.0376754          
0.869422            64000               0.267275            -0.0394637          -0.121594           0.0670992           0.567688            -0.0373843          
0.872899            64256               0.259928            -0.0381409          -0.115232           0.064853            0.54886             -0.0360585          
0.876377            64512               0.248585            -0.0366893          -0.116264           0.0625406           0.531418            -0.0345763          
0.879855            64768               0.242481            -0.037858           -0.114935           0.0645019           0.520143            -0.0359177          
0.883332            65024               0.244398            -0.0369235          -0.114822           0.0628055           0.523199            -0.0349814          
0.88681             65280               0.24105             -0.0355212          -0.112758           0.0605863           0.515432            -0.0334877          
0.890288            65536               0.240451            -0.0337708          -0.113012           0.0576519           0.514736            -0.0317905          
0.893765            65792               0.234696            -0.037585           -0.112041           0.063824            0.504335            -0.0358629          
0.897243            66048               0.241579            -0.033784           -0.112921           0.057664            0.516491            -0.0317463          
0.900721            66304               0.239098            -0.0330078          -0.110877           0.0564071           0.510226            -0.0309024          
0.904198            66560               0.248189            -0.0325977          -0.117798           0.0558217           0.532457            -0.0303942          
0.907676            66816               0.253894            -0.0368742          -0.117199           0.0628269           0.541094            -0.0348828          
0.911154            67072               0.254037            -0.0386127          -0.115926           0.0656842           0.539958            -0.0367426          
0.914631            67328               0.258663            -0.0389433          -0.117436           0.0661923           0.549094            -0.0371129          
0.918109            67584               0.262679            -0.0361433          -0.119751           0.0618199           0.558056            -0.0338762          
0.921587            67840               0.263701            -0.039919           -0.120012           0.0679169           0.559904            -0.0379046          
0.925065            68096               0.271839            -0.0360013          -0.121865           0.06137             0.575449            -0.0340063          
0.928542            68352               0.271198            -0.035077           -0.123576           0.0599557           0.576196            -0.0329423          
0.93202             68608               0.258684            -0.0410908          -0.113573           0.0696676           0.544761            -0.0392064          
0.935498            68864               0.25922             -0.0393174          -0.121029           0.0669722           0.553633            -0.0373272          
0.938975            69120               0.268813            -0.037287           -0.12181            0.0636829           0.570204            -0.035046           
0.942453            69376               0.266306            -0.039467           -0.118308           0.0671329           0.562425            -0.0374852          
0.945931            69632               0.265102            -0.0369013          -0.116029           0.0629018           0.558028            -0.0348344          
0.949408            69888               0.261934            -0.034682           -0.116263           0.0594158           0.553057            -0.0323865          
0.952886            70144               0.25841             -0.0348554          -0.116379           0.0596844           0.547524            -0.0327032          
0.956364            70400               0.255979            -0.0361018          -0.114884           0.0617329           0.541794            -0.034124           
0.959841            70656               0.258188            -0.0323271          -0.116353           0.055618            0.547147            -0.0300551          
0.963319            70912               0.253815            -0.039899           -0.112296           0.068064            0.535515            -0.0380828          
0.966797            71168               0.250797            -0.0330885          -0.108221           0.0569086           0.526352            -0.0308471          
0.970275            71424               0.242541            -0.0308097          -0.108495           0.0532326           0.513192            -0.0284429          
0.973752            71680               0.241501            -0.0312332          -0.109695           0.0539159           0.512844            -0.0290521          
0.97723             71936               0.246772            -0.0365731          -0.107395           0.0625262           0.518969            -0.0348261          
0.980708            72192               0.247044            -0.0372286          -0.106847           0.063598            0.518854            -0.0356293          
0.984185            72448               0.248891            -0.0325013          -0.107837           0.056078            0.522865            -0.0303583          
0.987663            72704               0.252356            -0.0360801          -0.110183           0.0619397           0.531036            -0.0342428          
0.991141            72960               0.254538            -0.0387361          -0.109949           0.0662457           0.534354            -0.0372037          
0.994618            73216               0.250901            -0.0388179          -0.110194           0.0663794           0.528596            -0.0372384          
0.998096            73472               0.257857            -0.036028           -0.115574           0.0618877           0.54561             -0.0341877          
1.00157             73728               0.260335            -0.0398849          -0.11334            0.0682718           0.547166            -0.0380827          
1.00505             73984               0.275945            -0.0357702          -0.113934           0.0616796           0.573856            -0.0337431          
1.00853             74240               0.266654            -0.038477           -0.114378           0.0657476           0.558897            -0.036759           
1.01201             74496               0.270306            -0.0398569          -0.112331           0.0681233           0.562555            -0.0379869          
1.01548             74752               0.26564             -0.0383645          -0.111867           0.0656215           0.554437            -0.0363933          
1.01896             75008               0.268519            -0.0394569          -0.114515           0.0673706           0.561913            -0.0377109          
1.02244             75264               0.264066            -0.0437684          -0.105057           0.0746562           0.54457             -0.0420553          
1.02592             75520               0.259419            -0.0415918          -0.105293           0.0709324           0.537421            -0.0398236          
1.0294              75776               0.249233            -0.0379655          -0.1058             0.0649511           0.521193            -0.0360525          
1.03287             76032               0.246316            -0.0367634          -0.105593           0.0628667           0.516257            -0.0348132          
1.03635             76288               0.243042            -0.0369161          -0.106493           0.0630085           0.51184             -0.0351107          
1.03983             76544               0.24273             -0.0359311          -0.106777           0.0613737           0.511721            -0.0341209          
1.04331             76800               0.245108            -0.0373473          -0.109873           0.0636749           0.518893            -0.0355594          
1.04678             77056               0.249933            -0.038127           -0.110482           0.0649243           0.52738             -0.0363393          
1.05026             77312               0.24701             -0.0361926          -0.107546           0.0617128           0.519471            -0.0343377          
1.05374             77568               0.247151            -0.036921           -0.109892           0.0628977           0.522241            -0.0351494          
1.05722             77824               0.247558            -0.035781           -0.112749           0.0610335           0.525987            -0.0339145          
1.06069             78080               0.258219            -0.038854           -0.11698            0.0660949           0.547886            -0.0370232          
1.06417             78336               0.264008            -0.0400698          -0.116237           0.0681062           0.556486            -0.0381504          
1.06765             78592               0.267743            -0.0388246          -0.118118           0.0660957           0.564583            -0.0368255          
1.07113             78848               0.269514            -0.0409773          -0.117913           0.0696038           0.567222            -0.039078           
1.07461             79104               0.272831            -0.0393332          -0.120212           0.0670783           0.575115            -0.0371853          
1.07808             79360               0.271052            -0.0424127          -0.118262           0.0719944           0.570133            -0.0405774          
1.08156             79616               0.267616            -0.0416932          -0.117884           0.070843            0.564161            -0.0398321          
1.08504             79872               0.265713            -0.0405956          -0.122023           0.0690854           0.565471            -0.0386259          
1.08852             80128               0.26215             -0.0385294          -0.120798           0.06571             0.5584              -0.0364385          
1.09199             80384               0.261935            -0.0377475          -0.117492           0.0644017           0.554527            -0.035565           
1.09547             80640               0.259256            -0.0386757          -0.117734           0.0659216           0.550425            -0.036596           
1.09895             80896               0.253077            -0.0392701          -0.117931           0.0668426           0.540635            -0.0373738          
1.10243             81152               0.250618            -0.0360282          -0.115888           0.0615555           0.534469            -0.0338948          
1.1059              81408               0.243634            -0.0370034          -0.112806           0.0630668           0.519765            -0.0350422          
1.10938             81664               0.237642            -0.0374269          -0.106001           0.0638237           0.502552            -0.0354425          
1.11286             81920               0.244034            -0.0356151          -0.126006           0.0607254           0.534198            -0.03372            
1.11634             82176               0.236913            -0.0338998          -0.107235           0.0580572           0.502611            -0.031658           
1.11981             82432               0.252123            -0.037751           -0.117656           0.0642008           0.538517            -0.035929           
1.12329             82688               0.247594            -0.0411065          -0.109261           0.0697039           0.522346            -0.0395019          
1.12677             82944               0.245351            -0.0388183          -0.116514           0.0660378           0.52652             -0.0371261          
1.13025             83200               0.247691            -0.0367089          -0.115279           0.0626921           0.528975            -0.0348259          
1.13373             83456               0.252696            -0.039913           -0.116435           0.0678623           0.538323            -0.0383337          
1.1372              83712               0.260598            -0.04121            -0.118452           0.0699878           0.553392            -0.039644           
1.14068             83968               0.256201            -0.0388009          -0.12011            0.0660796           0.54795             -0.0371252          
1.14416             84224               0.255938            -0.0430851          -0.119159           0.0729787           0.546511            -0.0418331          
1.14764             84480               0.258223            -0.0396942          -0.120392           0.0674952           0.551571            -0.0381836          
1.15111             84736               0.261759            -0.0414827          -0.12128            0.0703851           0.558273            -0.04008            
1.15459             84992               0.262125            -0.0411437          -0.121253           0.0698454           0.558828            -0.0396982          
1.15807             85248               0.266057            -0.0413838          -0.123827           0.0702948           0.568012            -0.0398226          
1.16155             85504               0.268568            -0.0424173          -0.123167           0.0719542           0.571368            -0.0409652          
1.16502             85760               0.266499            -0.0441487          -0.121335           0.0747361           0.566025            -0.0428856          
1.1685              86016               0.269377            -0.043054           -0.122311           0.0730253           0.571755            -0.0416             
1.17198             86272               0.26483             -0.0422735          -0.125134           0.0718536           0.567325            -0.0407626          
1.17546             86528               0.27068             -0.0418923          -0.126066           0.0712266           0.577886            -0.0402517          
1.17894             86784               0.271523            -0.047301           -0.12418            0.0799432           0.577258            -0.0461155          
1.18241             87040               0.271052            -0.0394468          -0.129626           0.0673277           0.582385            -0.0375967          
1.18589             87296               0.268198            -0.0416136          -0.125145           0.0707674           0.572947            -0.040002           
1.18937             87552               0.263866            -0.0403416          -0.122366           0.0686983           0.562951            -0.0386044          
1.19285             87808               0.261349            -0.0386513          -0.119945           0.0659685           0.556225            -0.0367931          
1.19632             88064               0.253112            -0.0375139          -0.116092           0.0641195           0.538574            -0.0356731          
1.1998              88320               0.246188            -0.0426771          -0.111866           0.0726823           0.522847            -0.0412604          
1.20328             88576               0.23884             -0.0458834          -0.114818           0.0779847           0.514051            -0.0446395          
1.20676             88832               0.252118            -0.0438628          -0.114704           0.074466            0.535896            -0.0425941          
1.21023             89088               0.245969            -0.0424461          -0.118438           0.0721902           0.529395            -0.0409682          
1.21371             89344               0.247691            -0.0428346          -0.116685           0.0728379           0.530279            -0.0413268          
1.21719             89600               0.258137            -0.0364259          -0.118229           0.0621524           0.549411            -0.0347791          
1.22067             89856               0.244016            -0.0393055          -0.116309           0.0668379           0.524132            -0.0378514          
1.22415             90112               0.244278            -0.0378372          -0.116465           0.0645291           0.524724            -0.0362703          
1.22762             90368               0.244817            -0.0355885          -0.116813           0.0608693           0.525928            -0.0338914          
1.2311              90624               0.238136            -0.0391098          -0.114272           0.0664919           0.512362            -0.0378583          
1.23458             90880               0.239311            -0.0397534          -0.116057           0.0676009           0.516211            -0.0384816          
1.23806             91136               0.242622            -0.0382703          -0.114004           0.0651832           0.519398            -0.0368224          
1.24153             91392               0.240081            -0.0363353          -0.11428            0.0620165           0.515522            -0.0347792          
1.24501             91648               0.241027            -0.0368633          -0.115014           0.0629107           0.517908            -0.0353414          
1.24849             91904               0.241022            -0.0368168          -0.117684           0.0627952           0.520781            -0.0352773          
1.25197             92160               0.241301            -0.034703           -0.116791           0.059346            0.520292            -0.0329714          
1.25544             92416               0.25039             -0.0350716          -0.115992           0.0599956           0.534149            -0.0332344          
1.25892             92672               0.2465              -0.0363254          -0.113484           0.061936            0.525073            -0.0346896          
1.2624              92928               0.246036            -0.0417701          -0.115672           0.0708661           0.526657            -0.0404913          
1.26588             93184               0.241141            -0.0385008          -0.117454           0.0655024           0.52079             -0.0369943          
1.26936             93440               0.241658            -0.0448753          -0.11583            0.0757096           0.51976             -0.0437706          
1.27283             93696               0.247556            -0.0395991          -0.12166            0.0671965           0.535573            -0.0380151          
1.27631             93952               0.252348            -0.0428479          -0.122861           0.072567            0.54472             -0.041399           
1.27979             94208               0.258793            -0.0413209          -0.118716           0.0698358           0.55086             -0.0398175          
1.28327             94464               0.254965            -0.0413676          -0.122515           0.0700508           0.548575            -0.0398624          
1.28674             94720               0.252007            -0.0420128          -0.123414           0.0710144           0.544721            -0.0407             
1.29022             94976               0.245701            -0.0394964          -0.124167           0.0669532           0.535221            -0.0379975          
1.2937              95232               0.244052            -0.0393817          -0.123205           0.0667381           0.531482            -0.0378646          
1.29718             95488               0.246771            -0.0384073          -0.122304           0.0651647           0.534927            -0.036776           
1.30065             95744               0.24421             -0.0368709          -0.122926           0.06266             0.531417            -0.0351324          
1.30413             96000               0.245217            -0.038987           -0.123656           0.0661544           0.533808            -0.0374107          
1.30761             96256               0.243303            -0.038004           -0.124199           0.0645629           0.531298            -0.0363299          
1.31109             96512               0.246589            -0.0397667          -0.122547           0.0673498           0.534916            -0.03826            
1.31457             96768               0.253859            -0.0381219          -0.128157           0.0648271           0.552689            -0.0364298          
1.31804             97024               0.257481            -0.036904           -0.12862            0.0627443           0.559211            -0.0351377          
1.32152             97280               0.254719            -0.0409935          -0.127166           0.0694135           0.553126            -0.0395431          
1.325               97536               0.251635            -0.0368646          -0.124701           0.0627305           0.545348            -0.0350413          
1.32848             97792               0.255534            -0.0395565          -0.122118           0.0671384           0.548959            -0.0379462          
1.33195             98048               0.258936            -0.0392821          -0.130402           0.0670672           0.563357            -0.0374108          
1.33543             98304               0.258995            -0.0431033          -0.121731           0.0730232           0.554283            -0.0416017          
1.33891             98560               0.258692            -0.0396304          -0.127416           0.0673962           0.559787            -0.0378135          
1.34239             98816               0.256485            -0.0380187          -0.12535            0.0647984           0.553938            -0.0360816          
1.34586             99072               0.261144            -0.0390432          -0.128391           0.0665487           0.564812            -0.0371697          
1.34934             99328               0.259374            -0.0415814          -0.125524           0.070685            0.558844            -0.0398845          
1.35282             99584               0.256918            -0.039535           -0.124509           0.0672961           0.553734            -0.037758           
1.3563              99840               0.263555            -0.0402346          -0.123232           0.0684408           0.563211            -0.0384545          
1.35978             100096              0.257733            -0.0448954          -0.121136           0.0759548           0.551438            -0.043601           
1.36325             100352              0.262491            -0.0422118          -0.124115           0.0716301           0.562372            -0.0407335          
1.36673             100608              0.259859            -0.0421418          -0.120971           0.0714735           0.554739            -0.040733           
1.37021             100864              0.255484            -0.0414018          -0.123859           0.0702597           0.55071             -0.0400579          
1.37369             101120              0.255958            -0.0435714          -0.122066           0.0737503           0.549569            -0.0423895          
1.37716             101376              0.257632            -0.0425323          -0.123776           0.072062            0.554122            -0.0412938          
1.38064             101632              0.263104            -0.0437912          -0.125618           0.0741442           0.565046            -0.0425052          
1.38412             101888              0.262543            -0.0411265          -0.122783           0.0698743           0.561085            -0.0395393          
1.3876              102144              0.264451            -0.0401664          -0.123023           0.0682866           0.564495            -0.0385448          
1.39107             102400              0.256415            -0.0410633          -0.118757           0.0695939           0.546912            -0.0396694          
1.39455             102656              0.250132            -0.0379233          -0.115386           0.0645643           0.532964            -0.0362683          
1.39803             102912              0.240503            -0.0370869          -0.113458           0.0632712           0.515217            -0.0353809          
1.40151             103168              0.234288            -0.0354117          -0.106952           0.0606102           0.498145            -0.033645           
1.40499             103424              0.231376            -0.0387455          -0.102434           0.0658463           0.488628            -0.0373622          
1.40846             103680              0.226303            -0.0357808          -0.105471           0.0610818           0.483601            -0.0343842          
1.41194             103936              0.226179            -0.0323106          -0.103973           0.0554961           0.481815            -0.0306649          
1.41542             104192              0.231949            -0.0340101          -0.10146            0.0582678           0.488523            -0.0325216          
1.4189              104448              0.226561            -0.037498           -0.103951           0.0639726           0.482412            -0.0363146          
1.42237             104704              0.228665            -0.0357249          -0.103348           0.0610962           0.485199            -0.0343995          
1.42585             104960              0.23144             -0.0333304          -0.104068           0.0572072           0.490511            -0.0316949          
1.42933             105216              0.230518            -0.0364792          -0.104797           0.0623169           0.489816            -0.0351158          
1.43281             105472              0.230961            -0.0352589          -0.106906           0.0603205           0.492786            -0.0336626          
1.43628             105728              0.233243            -0.0364042          -0.107871           0.0621517           0.497549            -0.0348833          
1.43976             105984              0.233073            -0.0371816          -0.110686           0.063457            0.500301            -0.0355569          
1.44324             106240              0.236658            -0.0364125          -0.110243           0.0621801           0.505723            -0.0346125          
1.44672             106496              0.232409            -0.0361565          -0.111692           0.0617333           0.500375            -0.0342436          
1.4502              106752              0.233351            -0.0346884          -0.112989           0.0593586           0.503334            -0.0326104          
1.45367             107008              0.233421            -0.0351762          -0.111343           0.0600394           0.501747            -0.033166           
1.45715             107264              0.226728            -0.0327318          -0.10712            0.056112            0.486338            -0.03052            
1.46063             107520              0.228551            -0.0331177          -0.10506            0.0568257           0.486905            -0.0307962          
1.46411             107776              0.233254            -0.0369807          -0.113344           0.063326            0.503446            -0.0348038          
1.46758             108032              0.235057            -0.0322261          -0.104655           0.0554855           0.497324            -0.0297237          
1.47106             108288              0.242753            -0.0293818          -0.109442           0.0507863           0.514865            -0.0266585          
1.47454             108544              0.242617            -0.0361082          -0.115032           0.0618085           0.520524            -0.0337757          
1.47802             108800              0.252501            -0.0358566          -0.120113           0.0614647           0.541953            -0.0333235          
1.48149             109056              0.261234            -0.0388829          -0.11647            0.0663363           0.552311            -0.0364189          
1.48497             109312              0.269651            -0.0410985          -0.119389           0.0699651           0.569053            -0.0386444          
1.48845             109568              0.282404            -0.0426273          -0.122843           0.0723829           0.5937              -0.0402765          
1.49193             109824              0.283288            -0.0373414          -0.122733           0.0636278           0.595083            -0.0347203          
1.49541             110080              0.273604            -0.0383539          -0.119554           0.0652628           0.575731            -0.0357963          
1.49888             110336              0.262741            -0.0448252          -0.115416           0.0756897           0.553353            -0.0427692          
1.50236             110592              0.264426            -0.0402424          -0.115521           0.0682343           0.556448            -0.0380376          
1.50584             110848              0.25129             -0.0371686          -0.107658           0.0630997           0.526679            -0.0348939          
1.50932             111104              0.242818            -0.0355969          -0.107575           0.060513            0.512767            -0.0332441          
1.51279             111360              0.241139            -0.0358346          -0.105468           0.0608601           0.507796            -0.0335569          
1.51627             111616              0.235636            -0.0326926          -0.103312           0.055592            0.496646            -0.0303813          
1.51975             111872              0.230884            -0.0310341          -0.0979767          0.0527614           0.483233            -0.0286519          
1.52323             112128              0.229521            -0.0287168          -0.105303           0.0490754           0.488863            -0.0262098          
1.5267              112384              0.22401             -0.0300422          -0.10232            0.0512737           0.476721            -0.0275506          
1.53018             112640              0.227866            -0.0326499          -0.106657           0.0556717           0.487525            -0.03019            
1.53366             112896              0.235331            -0.0364907          -0.102086           0.0621248           0.494934            -0.0339076          
1.53714             113152              0.24892             -0.0398325          -0.114533           0.0675326           0.53039             -0.0374847          
1.54062             113408              0.255135            -0.0336598          -0.116552           0.0574547           0.542558            -0.0306753          
1.54409             113664              0.2642              -0.0353191          -0.119266           0.0602114           0.560317            -0.0324119          
1.54757             113920              0.263603            -0.0421045          -0.116805           0.0710759           0.556688            -0.0397988          
1.55105             114176              0.259706            -0.034375           -0.117707           0.0586163           0.55126             -0.0314416          
1.55453             114432              0.26431             -0.0361635          -0.121293           0.0615159           0.56258             -0.0334009          
1.558               114688              0.260098            -0.037837           -0.116233           0.0641459           0.550304            -0.0353054          
1.56148             114944              0.253919            -0.0407106          -0.117238           0.0688052           0.541281            -0.0385506          
1.56496             115200              0.254629            -0.0366282          -0.116709           0.062264            0.541853            -0.0340323          
1.56844             115456              0.255844            -0.0342656          -0.114189           0.0583991           0.541122            -0.0315428          
1.57191             115712              0.250074            -0.0410119          -0.114798           0.0693179           0.532404            -0.0389341          
1.57539             115968              0.249967            -0.0379223          -0.11281            0.0642871           0.530097            -0.0355803          
1.57887             116224              0.24913             -0.0373779          -0.111841           0.0634343           0.527643            -0.0350265          
1.58235             116480              0.249314            -0.0364413          -0.11445            0.0619493           0.530715            -0.0340577          
1.58582             116736              0.243859            -0.038174           -0.108063           0.064573            0.51505             -0.036102           
1.5893              116992              0.244642            -0.0373182          -0.109666           0.0633026           0.51804             -0.0351008          
1.59278             117248              0.243648            -0.0343004          -0.112899           0.0583929           0.519875            -0.0318629          
1.59626             117504              0.251444            -0.0392782          -0.112853           0.0665076           0.532553            -0.0371283          
1.59974             117760              0.251456            -0.0359708          -0.111903           0.0611284           0.531509            -0.0335302          
1.60321             118016              0.25608             -0.0370437          -0.108475           0.0628085           0.53538             -0.0347391          
1.60669             118272              0.250204            -0.0355184          -0.107288           0.0603978           0.52447             -0.033098           
1.61017             118528              0.254897            -0.0361701          -0.111844           0.0616131           0.536983            -0.033734           
1.61365             118784              0.247861            -0.0388937          -0.105602           0.0659189           0.518985            -0.036825           
1.61712             119040              0.24368             -0.0333539          -0.106226           0.0568956           0.512686            -0.0310044          
1.6206              119296              0.248127            -0.035524           -0.106449           0.0603932           0.520253            -0.0334192          
1.62408             119552              0.249392            -0.03349            -0.106343           0.0571251           0.522152            -0.0311395          
1.62756             119808              0.243786            -0.0361865          -0.103181           0.0614245           0.50964             -0.0341799          
1.63103             120064              0.242869            -0.034314           -0.105024           0.0583861           0.510124            -0.0322475          
1.63451             120320              0.239378            -0.0328793          -0.103635           0.0560486           0.502967            -0.0307269          
1.63799             120576              0.24823             -0.0349925          -0.106339           0.0594782           0.520301            -0.0329777          
1.64147             120832              0.249835            -0.0385251          -0.103264           0.0652057           0.519575            -0.0367399          
1.64495             121088              0.255924            -0.0382081          -0.108461           0.0647205           0.535074            -0.0363972          
1.64842             121344              0.269179            -0.039135           -0.11166            0.0663534           0.56009             -0.0371449          
1.6519              121600              0.279417            -0.0392843          -0.117292           0.0667352           0.582785            -0.0370333          
1.65538             121856              0.292085            -0.0449291          -0.115303           0.0758911           0.601288            -0.0430395          
1.65886             122112              0.295005            -0.043078           -0.115912           0.0730017           0.606654            -0.0408876          
1.66233             122368              0.294921            -0.0419551          -0.115338           0.0712475           0.605826            -0.0397247          
1.66581             122624              0.29283             -0.0469112          -0.114523           0.0795344           0.601417            -0.0450018          
1.66929             122880              0.292314            -0.0447397          -0.111394           0.0758202           0.597562            -0.0428215          
1.67277             123136              0.277213            -0.0386389          -0.116034           0.06605             0.577485            -0.0363886          
1.67624             123392              0.280713            -0.0409148          -0.105189           0.069542            0.571817            -0.0389925          
1.67972             123648              0.271031            -0.0390428          -0.108161           0.0666212           0.559257            -0.0371223          
1.6832              123904              0.264448            -0.0393433          -0.103111           0.0669301           0.543024            -0.0376284          
1.68668             124160              0.262159            -0.0363105          -0.0983933          0.0620122           0.53432             -0.0344317          
1.69016             124416              0.255958            -0.0365091          -0.0962543          0.0622984           0.521939            -0.0348621          
1.69363             124672              0.254844            -0.0343322          -0.0964226          0.0587697           0.520333            -0.032547           
1.69711             124928              0.251562            -0.0345172          -0.0966328          0.0591176           0.515209            -0.0327484          
1.70059             125184              0.256505            -0.0370907          -0.0971505          0.0633087           0.523808            -0.0355379          
1.70407             125440              0.262786            -0.0339978          -0.0982835          0.0583358           0.535239            -0.0321053          
1.70754             125696              0.269141            -0.0388282          -0.0998034          0.0662804           0.547202            -0.0371734          
1.71102             125952              0.269736            -0.038457           -0.102858           0.0657814           0.551383            -0.0367246          
1.7145              126208              0.274228            -0.0399191          -0.105076           0.0681588           0.561146            -0.0383501          
1.71798             126464              0.272564            -0.0394229          -0.0995022          0.0673152           0.552467            -0.0377419          
1.72145             126720              0.271797            -0.0390207          -0.105676           0.0667015           0.557802            -0.0373845          
1.72493             126976              0.272794            -0.0390174          -0.104503           0.0666921           0.558241            -0.037309           
1.72841             127232              0.269796            -0.0361813          -0.101858           0.0620261           0.550588            -0.0343013          
1.73189             127488              0.266805            -0.0373412          -0.102447           0.0638942           0.546328            -0.0356107          
1.73537             127744              0.269352            -0.0408328          -0.102687           0.0696322           0.550616            -0.0392915          
1.73884             128000              0.272014            -0.0419146          -0.105836           0.0715915           0.558273            -0.040203           
1.74232             128256              0.27651             -0.0413171          -0.105872           0.0705361           0.565887            -0.0395648          
1.7458              128512              0.276335            -0.0422174          -0.106361           0.072002            0.565916            -0.0404397          
1.74928             128768              0.27797             -0.0393742          -0.10858            0.0672936           0.570983            -0.0373875          
1.75275             129024              0.275513            -0.039724           -0.106721           0.06781             0.564998            -0.0377567          
1.75623             129280              0.279686            -0.0416915          -0.109104           0.0710108           0.574347            -0.0398115          
1.75971             129536              0.274676            -0.0431605          -0.110143           0.0733445           0.567263            -0.0413946          
1.76319             129792              0.271129            -0.0425088          -0.105814           0.0721535           0.55682             -0.040856           
1.76666             130048              0.26453             -0.0418529          -0.107299           0.0710368           0.547705            -0.0402461          
1.77014             130304              0.257935            -0.0394652          -0.10735            0.0671133           0.536985            -0.0377789          
1.77362             130560              0.257289            -0.0400367          -0.106409           0.0679898           0.534941            -0.0384181          
1.7771              130816              0.257758            -0.0400565          -0.107696           0.0680006           0.537085            -0.0385432          
1.78058             131072              0.259405            -0.0416444          -0.105171           0.0704733           0.537095            -0.040253           
1.78405             131328              0.257276            -0.0377032          -0.108864           0.0641114           0.537604            -0.0359893          
1.78753             131584              0.264164            -0.0389114          -0.112487           0.0660493           0.552752            -0.0372745          
1.79101             131840              0.2652              -0.039152           -0.108098           0.0663556           0.549774            -0.0375609          
1.79449             132096              0.268429            -0.0415827          -0.108853           0.0702344           0.555693            -0.0401966          
1.79796             132352              0.269933            -0.0416467          -0.108838           0.0705523           0.558039            -0.0400674          
1.80144             132608              0.27335             -0.0401434          -0.114056           0.0683655           0.569247            -0.0381725          
1.80492             132864              0.268549            -0.0439756          -0.1068             0.0742967           0.553846            -0.0425301          
1.8084              133120              0.267984            -0.0406026          -0.108299           0.0688056           0.554393            -0.038938           
1.81187             133376              0.263192            -0.0389236          -0.10897            0.0660607           0.547286            -0.0372209          
1.81535             133632              0.264418            -0.0387903          -0.111966           0.0658588           0.552425            -0.0370824          
1.81883             133888              0.263574            -0.0379766          -0.106386           0.0645407           0.545128            -0.0361758          
1.82231             134144              0.264941            -0.0390331          -0.11021            0.0663077           0.551398            -0.0372607          
1.82579             134400              0.264631            -0.0399482          -0.110193           0.0678045           0.550864            -0.0382739          
1.82926             134656              0.262341            -0.0385004          -0.109818           0.0654293           0.546727            -0.036751           
1.83274             134912              0.266644            -0.0413209          -0.111231           0.0700265           0.555229            -0.0397436          
1.83622             135168              0.262876            -0.0390506          -0.107939           0.0663292           0.545595            -0.0373425          
1.8397              135424              0.262032            -0.0385801          -0.110967           0.0655868           0.547486            -0.0368999          
1.84317             135680              0.260605            -0.0402166          -0.109221           0.0681279           0.543364            -0.0387435          
1.84665             135936              0.258063            -0.03979            -0.105981           0.0674169           0.535789            -0.0382396          
1.85013             136192              0.25639             -0.0364355          -0.110892           0.0620531           0.538262            -0.0346019          
1.85361             136448              0.263127            -0.0390362          -0.109394           0.0664218           0.547648            -0.0372492          
1.85708             136704              0.260666            -0.0426619          -0.11001            0.0726178           0.544255            -0.0408626          
1.86056             136960              0.265335            -0.0406381          -0.102652           0.069109            0.544172            -0.0387621          
1.86404             137216              0.264949            -0.0413314          -0.108292           0.0702415           0.549437            -0.0395627          
1.86752             137472              0.264945            -0.0389832          -0.111836           0.066535            0.553182            -0.036947           
1.871               137728              0.264738            -0.0367305          -0.114284           0.0629597           0.555505            -0.0345009          
1.87447             137984              0.25843             -0.0332944          -0.110127           0.057235            0.540704            -0.0307846          
1.87795             138240              0.26508             -0.0379162          -0.113089           0.0648141           0.554794            -0.0358071          
1.88143             138496              0.264052            -0.0363239          -0.112825           0.0622237           0.552826            -0.0340804          
1.88491             138752              0.259007            -0.0348488          -0.110771           0.0598075           0.542384            -0.0325101          
1.88838             139008              0.259854            -0.0347706          -0.11108            0.0596649           0.544127            -0.0324466          
1.89186             139264              0.259989            -0.0342517          -0.11368            0.0588995           0.547097            -0.0318276          
1.89534             139520              0.262232            -0.0379883          -0.112182           0.0649443           0.549195            -0.0358844          
1.89882             139776              0.260889            -0.0333749          -0.114093           0.0574817           0.549033            -0.0308817          
1.90229             140032              0.261202            -0.0340448          -0.114696           0.0585717           0.550252            -0.0315845          
1.90577             140288              0.268112            -0.0385315          -0.117191           0.0658491           0.564171            -0.0364221          
1.90925             140544              0.272331            -0.0348257          -0.121135           0.0599243           0.575271            -0.0322634          
1.91273             140800              0.276515            -0.0377131          -0.120577           0.0645688           0.581545            -0.0354096          
1.91621             141056              0.274704            -0.0373442          -0.116213           0.0639314           0.573869            -0.0349927          
1.91968             141312              0.269438            -0.0378223          -0.116876           0.0648403           0.565854            -0.035482           
1.92316             141568              0.268272            -0.0385542          -0.117127           0.0662881           0.564309            -0.0361695          
1.92664             141824              0.268426            -0.0391935          -0.117041           0.0670854           0.564644            -0.0371375          
1.93012             142080              0.260553            -0.0367763          -0.116664           0.0630487           0.551156            -0.0346037          
1.93359             142336              0.262773            -0.034574           -0.117337           0.0594394           0.555551            -0.032327           
1.93707             142592              0.261731            -0.0362152          -0.116427           0.0620852           0.55284             -0.0340808          
1.94055             142848              0.261026            -0.0352472          -0.116769           0.0604671           0.552065            -0.0331513          
1.94403             143104              0.259412            -0.0356922          -0.116985           0.061181            0.549684            -0.0336646          
1.9475              143360              0.260681            -0.0363677          -0.115542           0.0622633           0.550192            -0.0344154          
1.95098             143616              0.259319            -0.0378797          -0.115551           0.0646687           0.547985            -0.036119           
1.95446             143872              0.256195            -0.0339884          -0.114805           0.0583752           0.542074            -0.0318933          
1.95794             144128              0.260137            -0.0364334          -0.115679           0.0623396           0.549449            -0.0345688          
1.96142             144384              0.256372            -0.0419295          -0.113766           0.0712436           0.541272            -0.0405698          
1.96489             144640              0.25663             -0.0346031          -0.112404           0.0593721           0.540225            -0.0326435          
1.96837             144896              0.259485            -0.035466           -0.114101           0.0607708           0.546715            -0.0335705          
1.97185             145152              0.261843            -0.0401463          -0.11321            0.0682884           0.549643            -0.0385867          
1.97533             145408              0.263415            -0.0372534          -0.113892           0.063689            0.552892            -0.0354562          
1.9788              145664              0.256644            -0.0377454          -0.111025           0.0643813           0.538851            -0.0361275          
1.98228             145920              0.250652            -0.033832           -0.109842           0.0579443           0.527913            -0.0320334          
1.98576             146176              0.250991            -0.035291           -0.108539           0.0603258           0.527081            -0.0335848          
1.98924             146432              0.248334            -0.0344104          -0.105585           0.0588971           0.519536            -0.0325387          
1.99271             146688              0.244535            -0.0323754          -0.105372           0.0556535           0.512979            -0.0303589          
1.99619             146944              0.254877            -0.0360231          -0.109992           0.0618691           0.534871            -0.0340029          
1.99967             147200              0.258703            -0.0361774          -0.109728           0.0619109           0.541012            -0.0342284          
