#Time               nTime               force-x             force-y             force-z             moment-x            moment-y            moment-z            
0                   0                   3.17505e-05         2.38129e-05         -7.93762e-06        -1.54334e-05        4.5427e-05          6.91631e-05         
0.00347769          256                 0.0136696           -0.0243634          -0.0206072          0.0449391           0.0504743           -0.029975           
0.00695537          512                 -0.0191579          -0.0160059          0.012534            0.00207098          -0.0422691          -0.0443229          
0.0104331           768                 0.691668            -1.25406            -0.0320371          1.23803             0.669356            -1.53426            
0.0139107           1024                0.792243            -0.650021           -0.260211           0.959515            1.28393             -0.420554           
0.0173884           1280                -0.109872           1.76188             -0.0698173          -1.76255            0.111327            2.93186             
0.0208661           1536                0.343322            1.86304             -0.209725           -1.64395            0.769156            3.50576             
0.0243438           1792                -0.0793541          0.805555            0.0603742           -0.829523           -0.218542           1.31603             
0.0278215           2048                -0.913782           -0.484543           0.277219            0.240455            -1.42956            -1.64602            
0.0312992           2304                -0.991681           -1.13546            0.292984            0.834105            -1.52986            -2.83337            
0.0347769           2560                -0.745433           -0.492746           0.190597            0.284458            -1.07038            -1.5102             
0.0382545           2816                -0.396924           -0.233082           0.0905833           0.146988            -0.549241           -0.754913           
0.0417322           3072                -0.660231           -0.40352            0.175306            0.233987            -0.963985           -1.28211            
0.0452099           3328                -0.546743           -0.470686           0.156663            0.314118            -0.824257           -1.29595            
0.0486876           3584                -0.408356           -0.297909           0.107064            0.192069            -0.591809           -0.876269           
0.0521653           3840                -0.303699           -0.150403           0.0787399           0.0675631           -0.436774           -0.529063           
0.055643            4096                -0.245496           -0.147529           0.0661194           0.079587            -0.359503           -0.472304           
0.0591207           4352                -0.232901           -0.161737           0.0629928           0.100038            -0.342796           -0.485665           
0.0625984           4608                -0.2484             -0.126848           0.0641639           0.0606701           -0.358279           -0.43935            
0.066076            4864                -0.218309           -0.100973           0.0529759           0.0448665           -0.308078           -0.368075           
0.0695537           5120                -0.202526           -0.101713           0.0495251           0.0483654           -0.287645           -0.355194           
0.0730314           5376                -0.216307           -0.130352           0.0527175           0.0764043           -0.308545           -0.416774           
0.0765091           5632                -0.250869           -0.143188           0.0619054           0.0798548           -0.35929            -0.469613           
0.0799868           5888                -0.281779           -0.173062           0.073576            0.100565            -0.411256           -0.54872            
0.0834645           6144                -0.2905             -0.185185           0.0835612           0.104122            -0.435947           -0.577313           
0.0869422           6400                -0.305586           -0.208692           0.089821            0.121565            -0.46129            -0.631223           
0.0904198           6656                -0.315133           -0.206357           0.0910892           0.11726             -0.472262           -0.635587           
0.0938975           6912                -0.331857           -0.211937           0.0962728           0.118972            -0.49852            -0.660085           
0.0973752           7168                -0.338733           -0.229147           0.0961039           0.134205            -0.50406            -0.695843           
0.100853            7424                -0.354377           -0.251647           0.100501            0.152305            -0.527962           -0.748509           
0.104331            7680                -0.370837           -0.269548           0.104431            0.165427            -0.551735           -0.793836           
0.107808            7936                -0.349947           -0.246859           0.100335            0.147912            -0.524058           -0.736199           
0.111286            8192                -0.333184           -0.22548            0.0942221           0.13263             -0.496277           -0.684559           
0.114764            8448                -0.348054           -0.2347             0.0894704           0.143547            -0.500739           -0.713826           
0.118241            8704                -0.355906           -0.238933           0.0856405           0.149112            -0.501072           -0.728278           
0.121719            8960                -0.355199           -0.263583           0.0836182           0.173393            -0.497631           -0.770002           
0.125197            9216                -0.328226           -0.239893           0.0812523           0.160124            -0.472928           -0.705128           
0.128674            9472                -0.3358             -0.251256           0.0907412           0.162742            -0.497211           -0.731325           
0.132152            9728                -0.327559           -0.223735           0.0832855           0.13932             -0.473855           -0.676433           
0.13563             9984                -0.361007           -0.239672           0.0982327           0.146584            -0.53799            -0.733866           
0.139107            10240               -0.363061           -0.229265           0.0900978           0.137521            -0.522291           -0.717685           
0.142585            10496               -0.341867           -0.211164           0.0825156           0.125029            -0.487429           -0.667514           
0.146063            10752               -0.367082           -0.247625           0.0887997           0.155297            -0.52245            -0.752651           
0.149541            11008               -0.356508           -0.223943           0.0853352           0.131843            -0.504467           -0.702345           
0.153018            11264               -0.357153           -0.246174           0.0980363           0.148694            -0.528569           -0.741775           
0.156496            11520               -0.360861           -0.248274           0.0911879           0.151756            -0.51852            -0.748421           
0.159974            11776               -0.342147           -0.231225           0.0944469           0.134549            -0.506429           -0.702508           
0.163451            12032               -0.324906           -0.230439           0.0963622           0.132485            -0.491224           -0.685548           
0.166929            12288               -0.309812           -0.243997           0.0850821           0.158623            -0.457279           -0.695384           
0.170407            12544               -0.323389           -0.245267           0.0775048           0.162718            -0.459761           -0.709813           
0.173884            12800               -0.324473           -0.253956           0.0997251           0.158404            -0.502246           -0.725926           
0.177362            13056               -0.288037           -0.234867           0.0848833           0.148155            -0.434646           -0.660366           
0.18084             13312               -0.311129           -0.233819           0.0824144           0.147343            -0.4534             -0.679202           
0.184317            13568               -0.281286           -0.197194           0.0813166           0.116186            -0.423104           -0.589934           
0.187795            13824               -0.277457           -0.22223            0.0682492           0.149716            -0.394839           -0.62922            
0.191273            14080               -0.271497           -0.188444           0.0693957           0.117189            -0.391951           -0.565906           
0.19475             14336               -0.272007           -0.187495           0.0754028           0.110755            -0.403215           -0.56486            
0.198228            14592               -0.278591           -0.232896           0.073926            0.154565            -0.405617           -0.648655           
0.201706            14848               -0.282906           -0.227823           0.070625            0.157742            -0.409893           -0.644023           
0.205183            15104               -0.302085           -0.249839           0.0955334           0.159374            -0.474787           -0.698873           
0.208661            15360               -0.251014           -0.204272           0.0758853           0.129785            -0.382333           -0.575069           
0.212139            15616               -0.269941           -0.235557           0.0670529           0.160156            -0.384449           -0.645439           
0.215617            15872               -0.238626           -0.175274           0.0665833           0.109247            -0.356187           -0.51397            
0.219094            16128               -0.276268           -0.204359           0.0790213           0.123405            -0.415268           -0.597567           
0.222572            16384               -0.275654           -0.238846           0.0755035           0.157657            -0.406876           -0.656134           
0.22605             16640               -0.267283           -0.202436           0.0688091           0.128285            -0.386625           -0.586106           
0.229527            16896               -0.267914           -0.210926           0.0744541           0.137182            -0.401503           -0.60137            
0.233005            17152               -0.276418           -0.239127           0.0789092           0.157818            -0.412712           -0.657488           
0.236483            17408               -0.28776            -0.25714            0.0758312           0.177525            -0.419463           -0.698496           
0.23996             17664               -0.283876           -0.270053           0.0966981           0.178955            -0.454384           -0.717339           
0.243438            17920               -0.25548            -0.226335           0.0800455           0.146026            -0.39451            -0.61639            
0.246916            18176               -0.300485           -0.273548           0.0809093           0.18665             -0.439922           -0.73817            
0.250393            18432               -0.262777           -0.208211           0.0668306           0.137202            -0.377869           -0.592056           
0.253871            18688               -0.270295           -0.227382           0.0739742           0.151732            -0.398671           -0.631771           
0.257349            18944               -0.308321           -0.295671           0.0832582           0.204977            -0.450193           -0.783035           
0.260826            19200               -0.273473           -0.26619            0.0659549           0.198698            -0.391381           -0.701301           
0.264304            19456               -0.284867           -0.250023           0.0822014           0.165604            -0.427117           -0.683453           
0.267782            19712               -0.315841           -0.244743           0.076205            0.165522            -0.451037           -0.702403           
0.27126             19968               -0.314313           -0.289062           0.0962018           0.198844            -0.484992           -0.777472           
0.274737            20224               -0.309807           -0.287436           0.0743424           0.204392            -0.436375           -0.770171           
0.278215            20480               -0.322836           -0.264177           0.0845722           0.176764            -0.470127           -0.741757           
0.281693            20736               -0.321523           -0.291638           0.0830548           0.201042            -0.464248           -0.787865           
0.28517             20992               -0.308013           -0.290857           0.0919158           0.201583            -0.470789           -0.774593           
0.288648            21248               -0.297557           -0.278611           0.0755308           0.197955            -0.424735           -0.744155           
0.292126            21504               -0.303537           -0.251047           0.0815561           0.167051            -0.444346           -0.702114           
0.295603            21760               -0.327365           -0.307542           0.0986694           0.208772            -0.498107           -0.820807           
0.299081            22016               -0.302315           -0.289016           0.0858928           0.202954            -0.450457           -0.766379           
0.302559            22272               -0.311524           -0.271386           0.0944828           0.178423            -0.47657            -0.744236           
0.306036            22528               -0.305361           -0.242055           0.0807642           0.155378            -0.443441           -0.688235           
0.309514            22784               -0.313269           -0.245275           0.103755            0.149518            -0.494681           -0.701248           
0.312992            23040               -0.356461           -0.309359           0.103353            0.201626            -0.533699           -0.849251           
0.316469            23296               -0.349578           -0.256663           0.0871888           0.162633            -0.499019           -0.752609           
0.319947            23552               -0.350806           -0.276536           0.0936605           0.179341            -0.514216           -0.787873           
0.323425            23808               -0.345091           -0.25678            0.0982367           0.161526            -0.518367           -0.748896           
0.326903            24064               -0.3424             -0.248912           0.0915955           0.14786             -0.494214           -0.732621           
0.33038             24320               -0.367012           -0.28213            0.108968            0.171577            -0.555855           -0.811874           
0.333858            24576               -0.352362           -0.301588           0.103186            0.200812            -0.53265            -0.83229            
0.337336            24832               -0.346983           -0.292546           0.0830224           0.195979            -0.486297           -0.811459           
0.340813            25088               -0.347693           -0.268951           0.0894765           0.17477             -0.504057           -0.771892           
0.344291            25344               -0.336674           -0.267824           0.0836458           0.180857            -0.481304           -0.760236           
0.347769            25600               -0.338145           -0.259162           0.096598            0.163048            -0.505248           -0.74695            
0.351246            25856               -0.32237            -0.268929           0.0845206           0.178583            -0.465786           -0.749377           
0.354724            26112               -0.333534           -0.288694           0.098051            0.191016            -0.504506           -0.793627           
0.358202            26368               -0.305634           -0.228167           0.0869056           0.141734            -0.457692           -0.664627           
0.361679            26624               -0.30675            -0.252271           0.0744934           0.16954             -0.433949           -0.706907           
0.365157            26880               -0.312279           -0.240757           0.0727852           0.163838            -0.440046           -0.692176           
0.368635            27136               -0.260867           -0.202524           0.0840432           0.118744            -0.404061           -0.580487           
0.372112            27392               -0.270783           -0.249504           0.0735014           0.167151            -0.395719           -0.669678           
0.37559             27648               -0.267006           -0.229412           0.0663914           0.158348            -0.380489           -0.632269           
0.379068            27904               -0.259032           -0.224045           0.0751294           0.143562            -0.385625           -0.615701           
0.382546            28160               -0.26792            -0.243938           0.0630125           0.175337            -0.377533           -0.658157           
0.386023            28416               -0.248648           -0.199041           0.0698211           0.124943            -0.367916           -0.563734           
0.389501            28672               -0.288249           -0.253414           0.0707532           0.181185            -0.413019           -0.692954           
0.392979            28928               -0.285963           -0.279896           0.0860461           0.193007            -0.435316           -0.73571            
0.396456            29184               -0.30315            -0.247731           0.0729347           0.173354            -0.431519           -0.696571           
0.399934            29440               -0.273409           -0.202613           0.0682131           0.130335            -0.392034           -0.591908           
0.403412            29696               -0.294305           -0.240302           0.0846637           0.156377            -0.440484           -0.675429           
0.406889            29952               -0.327712           -0.270036           0.0978929           0.173634            -0.497698           -0.756294           
0.410367            30208               -0.361817           -0.326289           0.0975001           0.219095            -0.527122           -0.883003           
0.413845            30464               -0.341862           -0.279191           0.0835554           0.190614            -0.487826           -0.784289           
0.417322            30720               -0.352436           -0.276556           0.0917855           0.187039            -0.515289           -0.789887           
0.4208              30976               -0.321334           -0.259759           0.0899683           0.169218            -0.475788           -0.732852           
0.424278            31232               -0.363993           -0.284739           0.0810519           0.196487            -0.504409           -0.813825           
0.427755            31488               -0.338199           -0.301253           0.0969399           0.201774            -0.505109           -0.81916            
0.431233            31744               -0.328903           -0.27843            0.0861209           0.191424            -0.478187           -0.771827           
0.434711            32000               -0.351576           -0.296525           0.093692            0.199624            -0.513236           -0.823091           
0.438188            32256               -0.327891           -0.266473           0.0856802           0.179344            -0.476451           -0.750479           
0.441666            32512               -0.306459           -0.268576           0.0871521           0.179535            -0.458153           -0.734725           
0.445144            32768               -0.313704           -0.235792           0.0798328           0.153592            -0.454383           -0.684779           
0.448622            33024               -0.309568           -0.24522            0.0925823           0.1519              -0.468707           -0.69756            
0.452099            33280               -0.34976            -0.294052           0.0986815           0.191638            -0.518408           -0.817769           
0.455577            33536               -0.321166           -0.273617           0.0822721           0.18621             -0.462225           -0.756622           
0.459055            33792               -0.33544            -0.310179           0.105878            0.203868            -0.521508           -0.832159           
0.462532            34048               -0.334449           -0.294074           0.0929565           0.198718            -0.495666           -0.8036             
0.46601             34304               -0.321879           -0.280101           0.0927822           0.189586            -0.482768           -0.768405           
0.469488            34560               -0.329003           -0.286507           0.101434            0.185803            -0.504661           -0.785856           
0.472965            34816               -0.304038           -0.257687           0.082456            0.170141            -0.443162           -0.713587           
0.476443            35072               -0.321622           -0.263586           0.0708563           0.183723            -0.441277           -0.739602           
0.479921            35328               -0.328072           -0.246389           0.0860064           0.160156            -0.47721            -0.71607            
0.483398            35584               -0.352089           -0.283308           0.0916253           0.186305            -0.50949            -0.800643           
0.486876            35840               -0.299448           -0.242114           0.0874721           0.155073            -0.450497           -0.682863           
0.490354            36096               -0.324694           -0.241172           0.0711414           0.158296            -0.445508           -0.70372            
0.493831            36352               -0.346094           -0.266328           0.0886657           0.174519            -0.500562           -0.766388           
0.497309            36608               -0.344527           -0.288468           0.092337            0.19456             -0.506427           -0.802988           
0.500787            36864               -0.356908           -0.308744           0.091602            0.213672            -0.517543           -0.848702           
0.504265            37120               -0.362677           -0.288587           0.094075            0.193296            -0.529541           -0.819232           
0.507742            37376               -0.324433           -0.250411           0.0690942           0.171649            -0.440817           -0.719517           
0.51122             37632               -0.322318           -0.259351           0.0854325           0.172302            -0.471076           -0.732928           
0.514698            37888               -0.347438           -0.271166           0.111004            0.166028            -0.541302           -0.776207           
0.518175            38144               -0.351058           -0.313133           0.0980167           0.20899             -0.517646           -0.850917           
0.521653            38400               -0.319594           -0.252335           0.0880855           0.159943            -0.472341           -0.718614           
0.525131            38656               -0.333437           -0.280309           0.0892199           0.186819            -0.485597           -0.778982           
0.528608            38912               -0.320254           -0.261654           0.105356            0.161458            -0.503532           -0.735304           
0.532086            39168               -0.298286           -0.260394           0.0784105           0.178434            -0.4342             -0.713513           
0.535564            39424               -0.298003           -0.23977            0.0722762           0.160186            -0.423172           -0.677651           
0.539041            39680               -0.336925           -0.280711           0.0878131           0.1874              -0.490491           -0.782862           
0.542519            39936               -0.307209           -0.245103           0.0788383           0.156827            -0.438278           -0.694734           
0.545997            40192               -0.310898           -0.253981           0.0701974           0.174814            -0.432049           -0.713337           
0.549474            40448               -0.340983           -0.300565           0.0902666           0.211761            -0.50133            -0.820572           
0.552952            40704               -0.324339           -0.286628           0.0828679           0.203639            -0.470174           -0.781732           
0.55643             40960               -0.356284           -0.315486           0.0842903           0.22511             -0.501086           -0.859827           
0.559907            41216               -0.348011           -0.293955           0.113268            0.183609            -0.543499           -0.815444           
0.563385            41472               -0.319241           -0.261645           0.0825977           0.174702            -0.460412           -0.734145           
0.566863            41728               -0.341931           -0.262532           0.0837907           0.176416            -0.487709           -0.756198           
0.570341            41984               -0.342019           -0.28668            0.0925578           0.190938            -0.501068           -0.797635           
0.573818            42240               -0.340408           -0.310764           0.0953375           0.212824            -0.505542           -0.837662           
0.577296            42496               -0.336134           -0.280365           0.0980556           0.183579            -0.506715           -0.781533           
0.580774            42752               -0.331084           -0.205334           0.0868202           0.118884            -0.481267           -0.648496           
0.584251            43008               -0.32147            -0.225676           0.0966197           0.127584            -0.488223           -0.674352           
0.587729            43264               -0.32228            -0.285936           0.103688            0.183621            -0.503154           -0.778681           
0.591207            43520               -0.333521           -0.257999           0.0894539           0.165491            -0.488568           -0.740989           
0.594684            43776               -0.368804           -0.311608           0.0963573           0.210913            -0.537739           -0.864154           
0.598162            44032               -0.387974           -0.294112           0.112183            0.181523            -0.582977           -0.851511           
0.60164             44288               -0.341666           -0.246152           0.0893715           0.147293            -0.491985           -0.727702           
0.605117            44544               -0.333519           -0.244109           0.0939867           0.149675            -0.498174           -0.716792           
0.608595            44800               -0.360619           -0.280912           0.103136            0.176254            -0.541548           -0.804297           
0.612073            45056               -0.347384           -0.287301           0.0977849           0.184316            -0.514523           -0.803433           
0.61555             45312               -0.333589           -0.262285           0.077243            0.179361            -0.469067           -0.747955           
0.619028            45568               -0.345253           -0.300589           0.112652            0.194671            -0.544967           -0.824753           
0.622506            45824               -0.350368           -0.332188           0.0946742           0.234823            -0.515515           -0.883297           
0.625984            46080               -0.323051           -0.270508           0.0843766           0.17862             -0.468068           -0.7525             
0.629461            46336               -0.322325           -0.28742            0.0858083           0.199256            -0.473569           -0.781277           
0.632939            46592               -0.304864           -0.254542           0.0879669           0.169269            -0.459229           -0.709619           
0.636417            46848               -0.269346           -0.218832           0.0739003           0.144193            -0.397679           -0.616287           
0.639894            47104               -0.3103             -0.272012           0.0887143           0.179938            -0.462674           -0.744339           
0.643372            47360               -0.30789            -0.264287           0.0891559           0.174133            -0.461874           -0.728941           
0.64685             47616               -0.30199            -0.260315           0.0997442           0.163625            -0.476606           -0.716732           
0.650327            47872               -0.306904           -0.245807           0.0879318           0.153091            -0.456192           -0.696199           
0.653805            48128               -0.309518           -0.231162           0.0852932           0.144568            -0.4572             -0.673619           
0.657283            48384               -0.350909           -0.25069            0.0834899           0.165218            -0.498213           -0.744113           
0.66076             48640               -0.348973           -0.281593           0.100856            0.180653            -0.523697           -0.7952             
0.664238            48896               -0.35289            -0.269919           0.10526             0.164858            -0.535314           -0.778447           
0.667716            49152               -0.384736           -0.302811           0.114127            0.19201             -0.584413           -0.86353            
0.671193            49408               -0.372527           -0.296218           0.0994167           0.189468            -0.542731           -0.841179           
0.674671            49664               -0.393124           -0.287867           0.111361            0.176101            -0.587815           -0.845084           
0.678149            49920               -0.353636           -0.257286           0.0853749           0.161323            -0.495137           -0.757039           
0.681626            50176               -0.362516           -0.293204           0.117205            0.181123            -0.569395           -0.827333           
0.685104            50432               -0.353382           -0.271993           0.0923479           0.179612            -0.517246           -0.782609           
0.688582            50688               -0.354292           -0.292586           0.0934834           0.193181            -0.515014           -0.818732           
0.69206             50944               -0.323515           -0.240021           0.0831985           0.157387            -0.470266           -0.70109            
0.695537            51200               -0.324091           -0.28562            0.101049            0.186072            -0.500242           -0.779749           
0.699015            51456               -0.315534           -0.237635           0.083916            0.148964            -0.458362           -0.689873           
0.702493            51712               -0.307525           -0.226342           0.0881731           0.132133            -0.456909           -0.663123           
0.70597             51968               -0.288529           -0.264352           0.095225            0.174633            -0.455738           -0.711941           
0.709448            52224               -0.313845           -0.284934           0.0907664           0.192931            -0.470749           -0.769891           
0.712926            52480               -0.321425           -0.238249           0.0916238           0.148802            -0.481346           -0.696304           
0.716403            52736               -0.301464           -0.234791           0.0804911           0.149379            -0.440374           -0.672282           
0.719881            52992               -0.273182           -0.209419           0.0912896           0.122286            -0.431969           -0.603758           
0.723359            53248               -0.305157           -0.238023           0.0866502           0.154216            -0.456112           -0.681403           
0.726836            53504               -0.331547           -0.248104           0.0983425           0.152964            -0.502293           -0.722474           
0.730314            53760               -0.334972           -0.27699            0.0868678           0.182816            -0.48447            -0.774483           
0.733792            54016               -0.321435           -0.230202           0.087722            0.143659            -0.475247           -0.682218           
0.73727             54272               -0.320244           -0.235649           0.103926            0.137155            -0.502016           -0.690797           
0.740747            54528               -0.333855           -0.255316           0.0944097           0.157404            -0.499081           -0.736393           
0.744225            54784               -0.360494           -0.311731           0.0818002           0.219986            -0.503228           -0.85701            
0.747703            55040               -0.345773           -0.242944           0.0969275           0.146629            -0.514223           -0.725784           
0.75118             55296               -0.343952           -0.250884           0.0939664           0.154738            -0.504142           -0.738138           
0.754658            55552               -0.327751           -0.235747           0.0784563           0.151326            -0.461638           -0.697561           
0.758136            55808               -0.327564           -0.250874           0.0989855           0.155816            -0.500789           -0.723533           
0.761613            56064               -0.354208           -0.304152           0.113302            0.192043            -0.551367           -0.838818           
0.765091            56320               -0.336544           -0.223204           0.104971            0.121973            -0.51644            -0.684211           
0.768569            56576               -0.329246           -0.245366           0.093512            0.150032            -0.491663           -0.71511            
0.772046            56832               -0.357655           -0.287973           0.0972855           0.187635            -0.527356           -0.813986           
0.775524            57088               -0.325333           -0.245481           0.110081            0.141875            -0.516437           -0.712174           
0.779002            57344               -0.317421           -0.236827           0.0907608           0.149732            -0.477036           -0.690038           
0.782479            57600               -0.3353             -0.275472           0.0754506           0.188786            -0.463562           -0.772288           
0.785957            57856               -0.297305           -0.216198           0.0828367           0.1341              -0.443345           -0.636731           
0.789435            58112               -0.353138           -0.288142           0.0970541           0.189591            -0.522293           -0.810352           
0.792912            58368               -0.302194           -0.241963           0.0828167           0.1541              -0.441842           -0.684974           
0.79639             58624               -0.305769           -0.250971           0.101847            0.157855            -0.485512           -0.704399           
0.799868            58880               -0.289044           -0.225727           0.0720519           0.143687            -0.409537           -0.645319           
0.803346            59136               -0.327901           -0.266817           0.088169            0.169329            -0.47641            -0.750751           
0.806823            59392               -0.330836           -0.269806           0.0850534           0.177144            -0.476632           -0.758671           
0.810301            59648               -0.322464           -0.25862            0.100167            0.161696            -0.498078           -0.732241           
0.813779            59904               -0.343135           -0.268937           0.0867141           0.176255            -0.491908           -0.768326           
0.817256            60160               -0.340512           -0.260798           0.103307            0.159944            -0.521507           -0.752046           
0.820734            60416               -0.342181           -0.253733           0.0943543           0.159843            -0.504696           -0.741485           
0.824212            60672               -0.337964           -0.261096           0.0965756           0.158694            -0.505636           -0.749789           
0.827689            60928               -0.333044           -0.259334           0.0900917           0.165907            -0.490297           -0.742385           
0.831167            61184               -0.325511           -0.242725           0.102946            0.143854            -0.506945           -0.707253           
0.834645            61440               -0.317403           -0.241677           0.0850835           0.149528            -0.46055            -0.698005           
0.838122            61696               -0.321789           -0.248419           0.0877956           0.155268            -0.467915           -0.713919           
0.8416              61952               -0.327584           -0.243255           0.0933              0.144421            -0.484951           -0.710091           
0.845078            62208               -0.333035           -0.247714           0.105555            0.150257            -0.520602           -0.72282            
0.848555            62464               -0.350134           -0.283878           0.0881303           0.188068            -0.499851           -0.800038           
0.852033            62720               -0.309997           -0.25509            0.0819554           0.165728            -0.45176            -0.714347           
0.855511            62976               -0.321375           -0.221844           0.102539            0.129189            -0.50374            -0.667983           
0.858989            63232               -0.3377             -0.245444           0.0856544           0.152672            -0.481269           -0.722977           
0.862466            63488               -0.371997           -0.306579           0.10004             0.200149            -0.544268           -0.858562           
0.865944            63744               -0.33492            -0.267912           0.0933716           0.170945            -0.495577           -0.759118           
0.869422            64000               -0.352691           -0.268215           0.108086            0.161234            -0.540555           -0.775631           
0.872899            64256               -0.320829           -0.244641           0.0822448           0.153234            -0.456434           -0.706505           
0.876377            64512               -0.341693           -0.263195           0.0849835           0.172535            -0.487569           -0.757309           
0.879855            64768               -0.328287           -0.248348           0.0884096           0.156447            -0.480737           -0.719752           
0.883332            65024               -0.307538           -0.241176           0.0984358           0.15139             -0.483016           -0.688924           
0.88681             65280               -0.317734           -0.245042           0.0972268           0.150719            -0.488848           -0.704392           
0.890288            65536               -0.306663           -0.240501           0.0843599           0.153101            -0.451971           -0.686653           
0.893765            65792               -0.295352           -0.224513           0.0740051           0.141934            -0.418458           -0.648908           
0.897243            66048               -0.324505           -0.254537           0.0964517           0.161108            -0.494751           -0.727052           
0.900721            66304               -0.323122           -0.251251           0.103709            0.156052            -0.506233           -0.720039           
0.904198            66560               -0.335549           -0.274439           0.0998692           0.171283            -0.507561           -0.770924           
0.907676            66816               -0.333011           -0.282647           0.0954053           0.187503            -0.498735           -0.782802           
0.911154            67072               -0.322335           -0.265416           0.0876272           0.170698            -0.471165           -0.743198           
0.914631            67328               -0.33029            -0.230179           0.0848846           0.144062            -0.477446           -0.690144           
0.918109            67584               -0.336678           -0.259713           0.086068            0.168322            -0.483081           -0.746572           
0.921587            67840               -0.353959           -0.262449           0.0917075           0.168583            -0.5136             -0.766731           
0.925065            68096               -0.34814            -0.248711           0.103506            0.14714             -0.527865           -0.73807            
0.928542            68352               -0.353126           -0.252187           0.110491            0.146793            -0.547129           -0.748528           
0.93202             68608               -0.337164           -0.238479           0.0858508           0.143192            -0.483741           -0.710039           
0.935498            68864               -0.349375           -0.259487           0.0898448           0.164576            -0.505744           -0.757192           
0.938975            69120               -0.334712           -0.245187           0.102966            0.146715            -0.513869           -0.720164           
0.942453            69376               -0.339894           -0.247341           0.0928273           0.151193            -0.500593           -0.728231           
0.945931            69632               -0.321676           -0.257152           0.0930387           0.159622            -0.480764           -0.728584           
0.949408            69888               -0.335682           -0.274887           0.0950507           0.177872            -0.502716           -0.771528           
0.952886            70144               -0.332392           -0.259692           0.103124            0.162404            -0.514188           -0.742832           
0.956364            70400               -0.358268           -0.314285           0.102607            0.213435            -0.540845           -0.859823           
0.959841            70656               -0.3344             -0.258552           0.0813476           0.173034            -0.476712           -0.742489           
0.963319            70912               -0.292249           -0.211838           0.0900386           0.122402            -0.44777            -0.624579           
0.966797            71168               -0.310857           -0.232058           0.0936385           0.135977            -0.471338           -0.676142           
0.970275            71424               -0.293827           -0.246792           0.0827433           0.160667            -0.4342             -0.686081           
0.973752            71680               -0.297182           -0.238              0.0774623           0.151331            -0.427759           -0.673685           
0.97723             71936               -0.3427             -0.251653           0.0890659           0.156919            -0.496837           -0.738378           
0.980708            72192               -0.333739           -0.267536           0.0959956           0.16889             -0.499389           -0.757134           
0.984185            72448               -0.29807            -0.227056           0.0766869           0.145046            -0.42835            -0.655903           
0.987663            72704               -0.319029           -0.231736           0.0804223           0.142015            -0.451636           -0.682673           
0.991141            72960               -0.299677           -0.202821           0.0852372           0.122614            -0.449617           -0.616094           
0.994618            73216               -0.359058           -0.306726           0.10793             0.193999            -0.542276           -0.847216           
0.998096            73472               -0.334172           -0.245466           0.0998816           0.146732            -0.50607            -0.719701           
1.00157             73728               -0.362              -0.259187           0.0954681           0.161328            -0.527638           -0.768373           
1.00505             73984               -0.356956           -0.281605           0.100103            0.176557            -0.524483           -0.802747           
1.00853             74240               -0.350897           -0.26404            0.105142            0.159376            -0.536081           -0.766426           
1.01201             74496               -0.366429           -0.28409            0.109339            0.17575             -0.558679           -0.815099           
1.01548             74752               -0.345115           -0.26775            0.100062            0.16838             -0.517969           -0.767905           
1.01896             75008               -0.33819            -0.26658            0.0998189           0.168699            -0.512489           -0.759489           
1.02244             75264               -0.360255           -0.284716           0.104656            0.177374            -0.538848           -0.810532           
1.02592             75520               -0.333397           -0.254913           0.104106            0.154328            -0.515185           -0.73539            
1.0294              75776               -0.361307           -0.283835           0.0911414           0.193083            -0.522493           -0.810186           
1.03287             76032               -0.320296           -0.227478           0.0829523           0.140552            -0.46271            -0.676721           
1.03635             76288               -0.298828           -0.221734           0.0821441           0.139459            -0.441406           -0.647655           
1.03983             76544               -0.329543           -0.277252           0.0958155           0.18066             -0.496284           -0.770321           
1.04331             76800               -0.313578           -0.232895           0.0979964           0.138352            -0.482831           -0.679771           
1.04678             77056               -0.313313           -0.231599           0.0932707           0.140285            -0.476213           -0.677583           
1.05026             77312               -0.322393           -0.260304           0.0816836           0.176182            -0.463991           -0.735056           
1.05374             77568               -0.31619            -0.261247           0.0838679           0.165986            -0.459779           -0.730548           
1.05722             77824               -0.335434           -0.268156           0.0933342           0.178819            -0.498985           -0.759997           
1.06069             78080               -0.343711           -0.23494            0.100918            0.140586            -0.521421           -0.710391           
1.06417             78336               -0.360942           -0.275824           0.0954177           0.173603            -0.526069           -0.795667           
1.06765             78592               -0.36439            -0.284511           0.101665            0.183361            -0.542665           -0.813725           
1.07113             78848               -0.360901           -0.275817           0.100591            0.172222            -0.534444           -0.795749           
1.07461             79104               -0.366713           -0.270069           0.0843715           0.180333            -0.512835           -0.79122            
1.07808             79360               -0.374921           -0.331629           0.129398            0.207886            -0.600794           -0.90415            
1.08156             79616               -0.345342           -0.235602           0.0945915           0.144278            -0.509582           -0.713006           
1.08504             79872               -0.345486           -0.27299            0.0962455           0.171367            -0.508447           -0.77693            
1.08852             80128               -0.324809           -0.219116           0.0831772           0.131203            -0.464958           -0.666023           
1.09199             80384               -0.33215            -0.243415           0.091513            0.151233            -0.491033           -0.714514           
1.09547             80640               -0.357026           -0.286191           0.106887            0.181042            -0.544532           -0.810314           
1.09895             80896               -0.351574           -0.313918           0.119524            0.190768            -0.556405           -0.853329           
1.10243             81152               -0.321355           -0.24463            0.0944522           0.151595            -0.484099           -0.706895           
1.1059              81408               -0.333644           -0.269926           0.082674            0.181141            -0.475702           -0.761425           
1.10938             81664               -0.326263           -0.228774           0.0851803           0.142932            -0.474486           -0.684067           
1.11286             81920               -0.339029           -0.277555           0.0948263           0.181681            -0.505292           -0.779276           
1.11634             82176               -0.317632           -0.26511            0.088754            0.178492            -0.472881           -0.738645           
1.11981             82432               -0.32954            -0.233677           0.0914027           0.143722            -0.487913           -0.69537            
1.12329             82688               -0.336957           -0.264498           0.0774133           0.176232            -0.468224           -0.754771           
1.12677             82944               -0.347192           -0.281552           0.0976893           0.183816            -0.51783            -0.793429           
1.13025             83200               -0.350453           -0.270889           0.084323            0.182699            -0.495673           -0.77806            
1.13373             83456               -0.337123           -0.235248           0.0955008           0.142214            -0.504959           -0.70484            
1.1372              83712               -0.357682           -0.270189           0.0881872           0.1784              -0.512082           -0.7833             
1.14068             83968               -0.350669           -0.291881           0.111668            0.185068            -0.547486           -0.814136           
1.14416             84224               -0.306893           -0.201399           0.0719906           0.124115            -0.42728            -0.619683           
1.14764             84480               -0.322225           -0.21066            0.0970141           0.119508            -0.494275           -0.649465           
1.15111             84736               -0.351531           -0.256242           0.0927443           0.157178            -0.507599           -0.753896           
1.15459             84992               -0.36001            -0.282134           0.10163             0.178772            -0.53545            -0.80588            
1.15807             85248               -0.366768           -0.291715           0.106991            0.183718            -0.55398            -0.828239           
1.16155             85504               -0.377027           -0.310138           0.105781            0.201294            -0.557502           -0.869266           
1.16502             85760               -0.352354           -0.255545           0.101487            0.155103            -0.529096           -0.753093           
1.1685              86016               -0.374347           -0.305933           0.092028            0.203591            -0.529949           -0.859345           
1.17198             86272               -0.330181           -0.237952           0.0857968           0.145785            -0.476405           -0.703042           
1.17546             86528               -0.336017           -0.240284           0.0976422           0.142837            -0.504985           -0.712325           
1.17894             86784               -0.333119           -0.230943           0.0800129           0.145004            -0.470357           -0.693686           
1.18241             87040               -0.354733           -0.254811           0.0965446           0.155817            -0.520563           -0.754024           
1.18589             87296               -0.352679           -0.266868           0.0937537           0.172116            -0.516625           -0.772976           
1.18937             87552               -0.347902           -0.232331           0.0971669           0.134315            -0.515663           -0.709332           
1.19285             87808               -0.351424           -0.287307           0.0983938           0.186502            -0.521037           -0.806933           
1.19632             88064               -0.357228           -0.2955             0.0935388           0.195316            -0.519067           -0.826036           
1.1998              88320               -0.339533           -0.255305           0.0786861           0.170497            -0.476287           -0.741148           
1.20328             88576               -0.330678           -0.255676           0.0987763           0.161911            -0.505012           -0.734212           
1.20676             88832               -0.326823           -0.239241           0.0929715           0.147179            -0.486009           -0.70245            
1.21023             89088               -0.3469             -0.23723            0.0884471           0.14345             -0.497472           -0.716907           
1.21371             89344               -0.322502           -0.239774           0.0864574           0.153154            -0.472989           -0.699794           
1.21719             89600               -0.339845           -0.283906           0.0920319           0.188328            -0.499043           -0.790888           
1.22067             89856               -0.372764           -0.296756           0.101514            0.193709            -0.548005           -0.842719           
1.22415             90112               -0.326685           -0.257053           0.0903665           0.164646            -0.483905           -0.732926           
1.22762             90368               -0.30577            -0.247404           0.0966821           0.152858            -0.472952           -0.697641           
1.2311              90624               -0.327376           -0.222729           0.079157            0.139238            -0.465441           -0.6746             
1.23458             90880               -0.348207           -0.291605           0.109898            0.186756            -0.541571           -0.811569           
1.23806             91136               -0.334174           -0.249729           0.0931415           0.158944            -0.495906           -0.727179           
1.24153             91392               -0.313382           -0.260555           0.0840568           0.171883            -0.458228           -0.727014           
1.24501             91648               -0.307785           -0.237076           0.0841527           0.149933            -0.452501           -0.681732           
1.24849             91904               -0.315143           -0.247193           0.0841727           0.157443            -0.456442           -0.705394           
1.25197             92160               -0.321643           -0.214883           0.0917801           0.124361            -0.480012           -0.656112           
1.25544             92416               -0.349259           -0.250676           0.0914285           0.154388            -0.504561           -0.742208           
1.25892             92672               -0.324227           -0.248543           0.102208            0.153879            -0.502466           -0.716495           
1.2624              92928               -0.333699           -0.264065           0.103256            0.162252            -0.511012           -0.75148            
1.26588             93184               -0.327786           -0.233464           0.0817107           0.145151            -0.46725            -0.693281           
1.26936             93440               -0.372386           -0.294135           0.111007            0.184921            -0.562557           -0.83775            
1.27283             93696               -0.339634           -0.233287           0.094947            0.13652             -0.505579           -0.703506           
1.27631             93952               -0.363686           -0.253141           0.110756            0.151222            -0.559953           -0.759622           
1.27979             94208               -0.356492           -0.278587           0.0975335           0.173496            -0.519702           -0.796405           
1.28327             94464               -0.361606           -0.284082           0.0898302           0.192422            -0.517408           -0.810905           
1.28674             94720               -0.35044            -0.250849           0.103465            0.149365            -0.530815           -0.743644           
1.29022             94976               -0.325707           -0.213492           0.0881643           0.125616            -0.478875           -0.657041           
1.2937              95232               -0.354331           -0.257348           0.0964294           0.157369            -0.518402           -0.75812            
1.29718             95488               -0.337898           -0.246457           0.0874539           0.156506            -0.488055           -0.724703           
1.30065             95744               -0.334266           -0.265882           0.120944            0.153329            -0.546298           -0.754821           
1.30413             96000               -0.326289           -0.231355           0.0809462           0.145012            -0.463691           -0.688429           
1.30761             96256               -0.348778           -0.249426           0.0950621           0.155178            -0.514627           -0.739593           
1.31109             96512               -0.361702           -0.283002           0.107588            0.178519            -0.548957           -0.808992           
1.31457             96768               -0.330263           -0.238216           0.0829865           0.147495            -0.469564           -0.703553           
1.31804             97024               -0.331787           -0.24337            0.0869358           0.157648            -0.483459           -0.714091           
1.32152             97280               -0.347577           -0.247674           0.100006            0.147313            -0.521451           -0.735509           
1.325               97536               -0.346715           -0.253615           0.0823295           0.162773            -0.483719           -0.744897           
1.32848             97792               -0.382734           -0.307443           0.104155            0.205711            -0.567458           -0.869483           
1.33195             98048               -0.348902           -0.280456           0.0935887           0.179823            -0.506264           -0.792657           
1.33543             98304               -0.354066           -0.272294           0.110385            0.168329            -0.548358           -0.783575           
1.33891             98560               -0.329777           -0.251284           0.0839303           0.157422            -0.472076           -0.725246           
1.34239             98816               -0.367199           -0.284399           0.0919999           0.191548            -0.526958           -0.81627            
1.34586             99072               -0.364259           -0.243044           0.0989112           0.147928            -0.535525           -0.742737           
1.34934             99328               -0.394623           -0.324521           0.106573            0.212856            -0.573273           -0.909688           
1.35282             99584               -0.29153            -0.208209           0.0959339           0.120466            -0.459589           -0.617586           
1.3563              99840               -0.359649           -0.264839           0.0917305           0.168115            -0.515456           -0.775631           
1.35978             100096              -0.364775           -0.278599           0.117352            0.166951            -0.567441           -0.804547           
1.36325             100352              -0.360035           -0.296351           0.0995775           0.190285            -0.525664           -0.830442           
1.36673             100608              -0.339019           -0.225979           0.0849225           0.136629            -0.485052           -0.690713           
1.37021             100864              -0.362771           -0.287919           0.114717            0.179902            -0.562874           -0.818748           
1.37369             101120              -0.367909           -0.263107           0.102298            0.160309            -0.543794           -0.780559           
1.37716             101376              -0.362773           -0.274895           0.100086            0.174799            -0.538254           -0.795847           
1.38064             101632              -0.360355           -0.282087           0.0976599           0.17785             -0.526626           -0.806059           
1.38412             101888              -0.368809           -0.28522            0.101617            0.182731            -0.543113           -0.819097           
1.3876              102144              -0.337178           -0.255332           0.0935819           0.160674            -0.500948           -0.738935           
1.39107             102400              -0.344048           -0.241175           0.0763416           0.158383            -0.473555           -0.721216           
1.39455             102656              -0.353916           -0.277269           0.0970154           0.179498            -0.521258           -0.792145           
1.39803             102912              -0.318102           -0.256843           0.102182            0.155541            -0.493075           -0.724997           
1.40151             103168              -0.300641           -0.249752           0.0770151           0.16655             -0.431654           -0.696963           
1.40499             103424              -0.31253            -0.232704           0.0774657           0.145784            -0.443927           -0.678196           
1.40846             103680              -0.326077           -0.241023           0.0919567           0.14822             -0.484523           -0.705021           
1.41194             103936              -0.301997           -0.246056           0.0800248           0.162532            -0.438846           -0.692124           
1.41542             104192              -0.282422           -0.191713           0.0738161           0.114279            -0.407835           -0.581111           
1.4189              104448              -0.316572           -0.25661            0.0970791           0.156652            -0.483379           -0.723275           
1.42237             104704              -0.318602           -0.263611           0.080169            0.175723            -0.455141           -0.736574           
1.42585             104960              -0.316755           -0.248928           0.092432            0.151269            -0.472989           -0.710463           
1.42933             105216              -0.295601           -0.235459           0.0770077           0.156256            -0.43042            -0.668187           
1.43281             105472              -0.312832           -0.229612           0.0909413           0.14253             -0.472497           -0.673814           
1.43628             105728              -0.309004           -0.23368            0.0957444           0.13802             -0.473291           -0.677286           
1.43976             105984              -0.309376           -0.230459           0.105655            0.132134            -0.492453           -0.672169           
1.44324             106240              -0.329973           -0.247694           0.0961122           0.149315            -0.494941           -0.72005            
1.44672             106496              -0.291908           -0.228284           0.0825802           0.141066            -0.434105           -0.652306           
1.4502              106752              -0.322611           -0.286673           0.089026            0.193698            -0.476144           -0.779943           
1.45367             107008              -0.288073           -0.198241           0.0716766           0.120134            -0.407728           -0.597401           
1.45715             107264              -0.328733           -0.284421           0.0911833           0.194166            -0.487828           -0.782121           
1.46063             107520              -0.323009           -0.256094           0.0807451           0.170387            -0.462416           -0.72794            
1.46411             107776              -0.317301           -0.230051           0.0855419           0.149011            -0.466169           -0.678527           
1.46758             108032              -0.343256           -0.273108           0.0892844           0.182424            -0.498853           -0.775443           
1.47106             108288              -0.304699           -0.223374           0.0883735           0.137398            -0.458004           -0.655492           
1.47454             108544              -0.339689           -0.264009           0.091583            0.174579            -0.49998            -0.756574           
1.47802             108800              -0.356623           -0.268344           0.10211             0.16611             -0.532326           -0.779279           
1.48149             109056              -0.360481           -0.248114           0.0989727           0.148814            -0.530058           -0.747801           
1.48497             109312              -0.375903           -0.298442           0.0974591           0.19199             -0.542427           -0.847545           
1.48845             109568              -0.364352           -0.280137           0.105403            0.178405            -0.548746           -0.806332           
1.49193             109824              -0.353365           -0.24731            0.0971848           0.145706            -0.515812           -0.739983           
1.49541             110080              -0.36457            -0.29233            0.105698            0.183416            -0.546796           -0.827378           
1.49888             110336              -0.334998           -0.245919           0.0988123           0.148039            -0.504678           -0.72121            
1.50236             110592              -0.361128           -0.289432           0.105367            0.18216             -0.541269           -0.819434           
1.50584             110848              -0.326908           -0.282241           0.102448            0.184677            -0.508283           -0.776664           
1.50932             111104              -0.288781           -0.225029           0.0831357           0.142013            -0.43277            -0.643839           
1.51279             111360              -0.313094           -0.253645           0.0811839           0.17089             -0.452205           -0.715514           
1.51627             111616              -0.28166            -0.217561           0.0896123           0.131502            -0.438609           -0.625014           
1.51975             111872              -0.292116           -0.253651           0.0712526           0.167791            -0.408848           -0.695668           
1.52323             112128              -0.304963           -0.227744           0.0811966           0.142852            -0.44615            -0.663353           
1.5267              112384              -0.29025            -0.244909           0.0760444           0.168817            -0.420369           -0.679824           
1.53018             112640              -0.316019           -0.221104           0.0701205           0.14352             -0.435192           -0.661582           
1.53366             112896              -0.331007           -0.250226           0.0882688           0.153969            -0.477187           -0.724854           
1.53714             113152              -0.333604           -0.22399            0.082263            0.139642            -0.473787           -0.682459           
1.54062             113408              -0.32669            -0.242665           0.0950747           0.147183            -0.491093           -0.70826            
1.54409             113664              -0.354374           -0.288504           0.102871            0.187043            -0.533184           -0.811966           
1.54757             113920              -0.363563           -0.309342           0.119924            0.191522            -0.572158           -0.855478           
1.55105             114176              -0.350013           -0.268872           0.0997104           0.165514            -0.51652            -0.773902           
1.55453             114432              -0.393384           -0.300187           0.106846            0.194648            -0.582748           -0.86689            
1.558               114688              -0.328365           -0.236234           0.0786066           0.152645            -0.460458           -0.698727           
1.56148             114944              -0.356191           -0.264674           0.09523             0.170228            -0.519916           -0.772842           
1.56496             115200              -0.32754            -0.251007           0.10368             0.152775            -0.506902           -0.723439           
1.56844             115456              -0.350094           -0.284358           0.10039             0.179632            -0.522365           -0.800625           
1.57191             115712              -0.375706           -0.283576           0.0961072           0.181956            -0.544206           -0.822237           
1.57539             115968              -0.316389           -0.209133           0.088165            0.122891            -0.471155           -0.641429           
1.57887             116224              -0.338968           -0.245035           0.105518            0.143084            -0.523145           -0.723592           
1.58235             116480              -0.293235           -0.204601           0.0782347           0.121936            -0.425378           -0.612953           
1.58582             116736              -0.338423           -0.271544           0.0900578           0.177415            -0.491643           -0.768401           
1.5893              116992              -0.31031            -0.205546           0.0845593           0.115102            -0.452782           -0.629722           
1.59278             117248              -0.358626           -0.268868           0.0955088           0.17083             -0.525662           -0.781947           
1.59626             117504              -0.322              -0.256833           0.103881            0.15389             -0.501176           -0.728349           
1.59974             117760              -0.338779           -0.272053           0.0979327           0.170062            -0.506402           -0.769478           
1.60321             118016              -0.364891           -0.289238           0.0947501           0.192498            -0.528999           -0.822281           
1.60669             118272              -0.339885           -0.264768           0.106308            0.16435             -0.525616           -0.758265           
1.61017             118528              -0.314792           -0.238402           0.0884567           0.147138            -0.464128           -0.690532           
1.61365             118784              -0.318975           -0.232412           0.0775228           0.148725            -0.450175           -0.683661           
1.61712             119040              -0.322113           -0.256319           0.0774176           0.173813            -0.45484            -0.7278             
1.6206              119296              -0.318934           -0.23447            0.0891901           0.146319            -0.475568           -0.687361           
1.62408             119552              -0.309389           -0.243367           0.0810873           0.158626            -0.446821           -0.694154           
1.62756             119808              -0.322033           -0.257036           0.0922543           0.162351            -0.479864           -0.729272           
1.63103             120064              -0.327379           -0.279541           0.0944551           0.186092            -0.4932             -0.772291           
1.63451             120320              -0.31109            -0.23703            0.0918798           0.150078            -0.474994           -0.684866           
1.63799             120576              -0.295126           -0.196141           0.0825657           0.109751            -0.434434           -0.600277           
1.64147             120832              -0.31961            -0.240971           0.0937003           0.148509            -0.48034            -0.699271           
1.64495             121088              -0.331347           -0.222307           0.0966804           0.126646            -0.50004            -0.677611           
1.64842             121344              -0.38023            -0.303444           0.0932603           0.202683            -0.53942            -0.860391           
1.6519              121600              -0.383737           -0.292052           0.102395            0.184899            -0.558331           -0.843818           
1.65538             121856              -0.408907           -0.296442           0.109362            0.187525            -0.603018           -0.874062           
1.65886             122112              -0.342598           -0.243935           0.089503            0.148529            -0.493324           -0.724045           
1.66233             122368              -0.392127           -0.296866           0.126514            0.174348            -0.612182           -0.859903           
1.66581             122624              -0.410272           -0.347358           0.114197            0.226648            -0.605407           -0.962609           
1.66929             122880              -0.379782           -0.288878           0.100206            0.185562            -0.551306           -0.835077           
1.67277             123136              -0.359498           -0.259038           0.106928            0.156109            -0.547227           -0.765745           
1.67624             123392              -0.360067           -0.262463           0.0973111           0.162272            -0.524285           -0.772366           
1.67972             123648              -0.346555           -0.235809           0.094951            0.142552            -0.512309           -0.714341           
1.6832              123904              -0.347401           -0.287475           0.10959             0.183684            -0.541503           -0.803915           
1.68668             124160              -0.329956           -0.248798           0.0983361           0.149686            -0.499461           -0.721689           
1.69016             124416              -0.348947           -0.273324           0.097892            0.171281            -0.516035           -0.781002           
1.69363             124672              -0.320625           -0.222181           0.0860782           0.133921            -0.467479           -0.667787           
1.69711             124928              -0.336577           -0.263107           0.0941486           0.164551            -0.495727           -0.752368           
1.70059             125184              -0.342311           -0.275134           0.103347            0.173472            -0.521267           -0.778149           
1.70407             125440              -0.33652            -0.232462           0.0873742           0.140416            -0.483569           -0.699684           
1.70754             125696              -0.351035           -0.254793           0.0811956           0.170486            -0.493611           -0.750801           
1.71102             125952              -0.334642           -0.249073           0.105875            0.150734            -0.520174           -0.726493           
1.7145              126208              -0.342029           -0.243628           0.0918596           0.151516            -0.499655           -0.723791           
1.71798             126464              -0.37683            -0.283909           0.10916             0.175576            -0.566707           -0.824038           
1.72145             126720              -0.362445           -0.278924           0.0996162           0.180201            -0.536796           -0.802612           
1.72493             126976              -0.349741           -0.259342           0.0943595           0.1626              -0.513486           -0.757434           
1.72841             127232              -0.335068           -0.251207           0.102988            0.150088            -0.515339           -0.730304           
1.73189             127488              -0.340264           -0.266242           0.10401             0.159953            -0.513935           -0.760627           
1.73537             127744              -0.351777           -0.246721           0.106298            0.143193            -0.53707            -0.737588           
1.73884             128000              -0.337055           -0.229257           0.0835001           0.139005            -0.477958           -0.694294           
1.74232             128256              -0.383276           -0.298242           0.10534             0.191974            -0.566607           -0.854447           
1.7458              128512              -0.3889             -0.316081           0.114284            0.20295             -0.590455           -0.890138           
1.74928             128768              -0.372701           -0.275588           0.0933883           0.178136            -0.533437           -0.805892           
1.75275             129024              -0.379267           -0.272712           0.0962953           0.171112            -0.545265           -0.806635           
1.75623             129280              -0.378177           -0.290974           0.113953            0.177831            -0.57844            -0.836965           
1.75971             129536              -0.355431           -0.253298           0.0953778           0.154661            -0.518512           -0.75198            
1.76319             129792              -0.34438            -0.247161           0.0935239           0.150858            -0.503342           -0.731862           
1.76666             130048              -0.330918           -0.225509           0.081804            0.140272            -0.473428           -0.682569           
1.77014             130304              -0.340995           -0.255952           0.103377            0.151187            -0.515944           -0.743915           
1.77362             130560              -0.321528           -0.239666           0.100836            0.14511             -0.498261           -0.698635           
1.7771              130816              -0.345651           -0.258261           0.0821597           0.164839            -0.482958           -0.751888           
1.78058             131072              -0.327417           -0.233425           0.0796074           0.14831             -0.465205           -0.69292            
1.78405             131328              -0.345705           -0.290245           0.0961815           0.191395            -0.511899           -0.807051           
1.78753             131584              -0.329142           -0.23932            0.0825423           0.151121            -0.47097            -0.704598           
1.79101             131840              -0.326285           -0.243426           0.101442            0.144861            -0.5031             -0.709438           
1.79449             132096              -0.365759           -0.286448           0.097581            0.185474            -0.535398           -0.818206           
1.79796             132352              -0.357446           -0.274794           0.108636            0.170333            -0.548439           -0.790927           
1.80144             132608              -0.335552           -0.256727           0.0896801           0.160252            -0.487079           -0.740214           
1.80492             132864              -0.338338           -0.252771           0.0924482           0.156681            -0.497645           -0.73599            
1.8084              133120              -0.36888            -0.303532           0.113922            0.190692            -0.567319           -0.850625           
1.81187             133376              -0.335786           -0.283142           0.100358            0.183943            -0.507457           -0.785916           
1.81535             133632              -0.336424           -0.254033           0.0913091           0.156276            -0.491              -0.736532           
1.81883             133888              -0.354358           -0.259278           0.092473            0.158793            -0.512411           -0.761407           
1.82231             134144              -0.296428           -0.21162            0.0877484           0.123176            -0.445529           -0.628472           
1.82579             134400              -0.381521           -0.319114           0.108706            0.207365            -0.570941           -0.888686           
1.82926             134656              -0.357485           -0.269623           0.0980635           0.168352            -0.52519            -0.782311           
1.83274             134912              -0.32693            -0.219554           0.0943927           0.125608            -0.492075           -0.6685             
1.83622             135168              -0.328535           -0.219064           0.0916671           0.124054            -0.485386           -0.669423           
1.8397              135424              -0.338629           -0.266574           0.0983731           0.169287            -0.5126             -0.75986            
1.84317             135680              -0.350956           -0.295              0.0881175           0.197837            -0.502737           -0.819603           
1.84665             135936              -0.314813           -0.205079           0.0884617           0.112045            -0.464716           -0.632734           
1.85013             136192              -0.317066           -0.252673           0.0727837           0.169144            -0.438904           -0.716767           
1.85361             136448              -0.319799           -0.228752           0.0937397           0.134877            -0.482211           -0.678157           
1.85708             136704              -0.359169           -0.303525           0.106134            0.197151            -0.544047           -0.841768           
1.86056             136960              -0.328842           -0.243506           0.0994252           0.144775            -0.503186           -0.711524           
1.86404             137216              -0.376297           -0.317764           0.0994652           0.207791            -0.54487            -0.88136            
1.86752             137472              -0.350407           -0.24645            0.0901828           0.15206             -0.510069           -0.73587            
1.871               137728              -0.332263           -0.28773            0.102023            0.184784            -0.506771           -0.790905           
1.87447             137984              -0.335077           -0.282001           0.086493            0.190365            -0.484576           -0.783359           
1.87795             138240              -0.357555           -0.275809           0.100001            0.176241            -0.535065           -0.79251            
1.88143             138496              -0.333473           -0.248137           0.0866821           0.157013            -0.481662           -0.723707           
1.88491             138752              -0.330692           -0.26739            0.102549            0.166285            -0.508597           -0.754452           
1.88838             139008              -0.366895           -0.279902           0.0943125           0.18728             -0.533719           -0.80838            
1.89186             139264              -0.322829           -0.225252           0.0870263           0.136313            -0.470724           -0.67474            
1.89534             139520              -0.371362           -0.325364           0.118052            0.212299            -0.577208           -0.890474           
1.89882             139776              -0.32809            -0.247173           0.0911652           0.152901            -0.486484           -0.717162           
1.90229             140032              -0.354805           -0.266608           0.0927395           0.171065            -0.513289           -0.774673           
1.90577             140288              -0.363448           -0.292881           0.105306            0.191289            -0.549871           -0.827435           
1.90925             140544              -0.353501           -0.260325           0.10036             0.15418             -0.523006           -0.762268           
1.91273             140800              -0.366061           -0.263417           0.104445            0.160341            -0.548601           -0.779263           
1.91621             141056              -0.382175           -0.299038           0.0967173           0.193555            -0.547164           -0.854462           
1.91968             141312              -0.354187           -0.255156           0.107133            0.152483            -0.539341           -0.754249           
1.92316             141568              -0.362881           -0.271044           0.102878            0.168231            -0.540046           -0.789696           
1.92664             141824              -0.351939           -0.26734            0.102478            0.161197            -0.526203           -0.773184           
1.93012             142080              -0.360929           -0.294255           0.0985753           0.194228            -0.532696           -0.827462           
1.93359             142336              -0.363422           -0.286786           0.11827             0.171714            -0.567253           -0.816832           
1.93707             142592              -0.336678           -0.243306           0.0931897           0.147946            -0.495002           -0.718239           
1.94055             142848              -0.345052           -0.270721           0.105234            0.16815             -0.528877           -0.772668           
1.94403             143104              -0.353784           -0.258209           0.0880253           0.165012            -0.504662           -0.759156           
1.9475              143360              -0.355062           -0.271329           0.0864763           0.175662            -0.499603           -0.782778           
1.95098             143616              -0.357158           -0.28528            0.0953571           0.19065             -0.526184           -0.808618           
1.95446             143872              -0.326026           -0.245783           0.080172            0.159201            -0.462242           -0.71307            
1.95794             144128              -0.328328           -0.238819           0.0980822           0.141363            -0.499975           -0.702864           
1.96142             144384              -0.33268            -0.24962            0.109552            0.147929            -0.522073           -0.725839           
1.96489             144640              -0.326172           -0.233467           0.0898805           0.141421            -0.479207           -0.692087           
1.96837             144896              -0.349596           -0.275388           0.0906114           0.178279            -0.505274           -0.785053           
1.97185             145152              -0.315382           -0.228286           0.100413            0.127905            -0.487502           -0.67367            
1.97533             145408              -0.33455            -0.252125           0.0996226           0.152924            -0.506426           -0.731593           
1.9788              145664              -0.303562           -0.237621           0.09133             0.15016             -0.464631           -0.678885           
1.98228             145920              -0.31261            -0.22708            0.0774214           0.143382            -0.443673           -0.66895            
1.98576             146176              -0.317043           -0.245416           0.0922709           0.152368            -0.476527           -0.704277           
1.98924             146432              -0.348785           -0.271029           0.0935176           0.175817            -0.510336           -0.777281           
1.99271             146688              -0.334125           -0.254688           0.0842686           0.167844            -0.480819           -0.735426           
1.99619             146944              -0.327175           -0.245308           0.0911915           0.151267            -0.486161           -0.713092           
1.99967             147200              -0.329766           -0.240497           0.0959444           0.14433             -0.497678           -0.707175           
