#Time               nTime               force-x             force-y             force-z             moment-x            moment-y            moment-z            
0                   0                   1.8025e-05          0.000165698         -7.98723e-05        -0.000230446        0.00029715          0.000667159         
0.00347769          256                 10.4442             54.8996             -9.35197            -62.3501            49.4373             203.477             
0.00695537          512                 1.74925             300.706             -120.433            -371.751            439.002             1113.1              
0.0104331           768                 -13.4431            252.321             -40.1886            -282.014            131.57              950.261             
0.0139107           1024                -1.51335            -195.944            88.0385             249.345             -320.738            -712.313            
0.0173884           1280                17.3259             -548.811            162.885             655.255             -576.052            -2034.59            
0.0208661           1536                -0.989028           -389.855            36.6031             430.77              -150.566            -1511.46            
0.0243438           1792                -7.89791            125.959             -60.3615            -158.544            215.317             473.503             
0.0278215           2048                0.263305            262.692             -46.6614            -298.606            175.676             991.118             
0.0312992           2304                3.25012             -8.68711            5.32135             10.8423             -18.4435            -41.3884            
0.0347769           2560                -5.94009            -65.8408            4.65416             71.5563             -26.4298            -258.724            
0.0382545           2816                -0.00376359         69.5286             -12.8308            -79.0499            49.0217             264.587             
0.0417322           3072                1.65452             58.4697             -7.02884            -64.8913            29.3664             222.963             
0.0452099           3328                -0.441084           -29.0768            7.10414             34.08               -28.1538            -113.772            
0.0486876           3584                -0.779285           -27.9893            4.76093             32.1366             -18.0462            -105.703            
0.0521653           3840                -0.0343522          5.58716             4.11485             -3.61703            -14.0563            23.4642             
0.055643            4096                0.906454            -16.7184            6.10058             20.7364             -21.2602            -62.9322            
0.0591207           4352                -0.275215           -30.3927            5.58332             34.8941             -20.8509            -115.595            
0.0625984           4608                0.00793035          -8.56073            1.77834             10.0883             -6.43758            -32.5138            
0.066076            4864                0.11363             6.29946             -1.79785            -7.3241             7.00941             23.31               
0.0695537           5120                -0.273404           3.08435             -1.00787            -3.62256            3.43712             10.5131             
0.0730314           5376                -0.272976           1.21759             -0.933798           -1.61917            3.08181             3.4466              
0.0765091           5632                -0.306096           5.73844             -1.50628            -6.64341            5.2825              20.9789             
0.0799868           5888                -0.301609           6.72655             -1.26046            -7.57417            4.38516             24.752              
0.0834645           6144                -0.245739           3.72621             -0.661184           -4.12233            2.28856             13.6658             
0.0869422           6400                -0.244539           -0.225035           0.793899            0.738449            -3.06755            -1.0829             
0.0904198           6656                -0.235097           -2.7741             1.62354             3.83679             -6.12341            -10.6245            
0.0938975           6912                -0.321135           -4.74889            1.70994             5.97644             -6.53493            -18.052             
0.0973752           7168                -0.374145           -3.96138            1.40223             5.01678             -5.41967            -15.138             
0.100853            7424                -0.384782           -3.66444            1.45643             4.69875             -5.68068            -14.0464            
0.104331            7680                -0.331067           -2.64805            1.37162             3.5676              -5.36959            -10.4089            
0.107808            7936                -0.308019           -1.20947            0.663173            1.69428             -2.80178            -5.17767            
0.111286            8192                -0.313216           0.528098            0.0225612           -0.440082           -0.450297           1.10801             
0.114764            8448                -0.284548           1.2768              0.0882955           -1.20144            -0.657912           4.1794              
0.118241            8704                -0.238631           -0.309712           0.674818            0.744628            -2.80802            -2.00738            
0.121719            8960                -0.297991           -1.30191            0.856048            1.90039             -3.49512            -5.69619            
0.125197            9216                -0.366674           -1.3004             0.925995            1.95272             -3.74406            -5.394              
0.128674            9472                -0.339988           -1.19281            0.872443            1.81534             -3.61185            -5.36414            
0.132152            9728                -0.427213           -1.24766            0.464119            1.71042             -2.14608            -5.48633            
0.13563             9984                -0.355503           0.411767            0.0383089           -0.22432            -0.471974           1.01078             
0.139107            10240               -0.365259           0.0461227           0.510994            0.356496            -2.18166            -0.535586           
0.142585            10496               -0.360758           -1.11815            0.909667            1.78193             -3.67285            -5.08625            
0.146063            10752               -0.452999           -2.24582            1.45642             3.24532             -5.73132            -8.95607            
0.149541            11008               -0.3662             -3.12718            1.58762             4.22687             -6.13199            -12.3877            
0.153018            11264               -0.280017           -2.8474             1.37352             3.83348             -5.22109            -11.4561            
0.156496            11520               -0.230457           -2.48096            1.2974              3.41783             -4.9017             -10.1024            
0.159974            11776               -0.132988           -2.66482            1.35955             3.61648             -4.98861            -10.7614            
0.163451            12032               -0.173368           -2.75548            1.37335             3.71464             -5.08236            -11.0259            
0.166929            12288               -0.0842183          -2.67371            1.2483              3.54208             -4.54941            -10.6762            
0.170407            12544               -0.0361669          -2.03518            1.12768             2.78688             -4.08709            -8.39784            
0.173884            12800               0.078744            -1.5728             0.930399            2.18518             -3.2755             -6.78766            
0.177362            13056               -0.0238828          -0.736138           0.538714            1.12356             -1.94209            -3.65068            
0.18084             13312               -0.0756756          0.573646            0.344851            -0.355848           -1.28877            1.50453             
0.184317            13568               -0.114414           0.600915            0.417237            -0.358004           -1.60404            1.73261             
0.187795            13824               -0.0773339          0.673464            0.158336            -0.577353           -0.65059            1.85552             
0.191273            14080               -0.0841444          1.13175             0.0881499           -1.09822            -0.383519           3.57454             
0.19475             14336               -0.101053           1.31753             0.176238            -1.2494             -0.708578           4.35027             
0.198228            14592               -0.0570636          0.039657            0.491402            0.246219            -1.86096            -0.514358           
0.201706            14848               -0.0837867          -1.45842            0.679325            1.92597             -2.59662            -6.23105            
0.205183            15104               -0.0237287          -0.594499           0.669958            0.987441            -2.43264            -3.05244            
0.208661            15360               0.0488291           0.122779            0.353124            0.0817887           -1.24582            -0.206949           
0.212139            15616               0.0356384           -0.421906           0.439198            0.67666             -1.57344            -2.2983             
0.215617            15872               0.0350307           -0.495179           0.645313            0.853484            -2.40536            -2.89812            
0.219094            16128               0.0502526           0.334521            0.233568            -0.216292           -0.881675           0.361119            
0.222572            16384               0.119043            -0.0680234          0.344936            0.272222            -1.26245            -1.31863            
0.22605             16640               0.132148            -0.23197            0.388182            0.456534            -1.43253            -2.10135            
0.229527            16896               0.0928156           0.374855            0.134021            -0.293331           -0.532786           0.282453            
0.233005            17152               0.0580298           -0.212208           0.656799            0.539942            -2.4162             -1.58855            
0.236483            17408               0.109932            -0.808274           1.02956             1.34368             -3.83999            -4.16978            
0.23996             17664               0.0338025           -0.453039           0.239764            0.602475            -1.00204            -2.94159            
0.243438            17920               -0.0860215          0.638844            -0.227034           -0.756494           0.606712            1.46294             
0.246916            18176               -0.0159298          2.34356             -0.326803           -2.59338            1.07406             8.03047             
0.250393            18432               -0.0790761          2.41338             -0.547524           -2.76061            1.80927             8.26343             
0.253871            18688               -0.168649           2.85453             -0.238021           -3.08304            0.624996            10.0168             
0.257349            18944               -0.148488           2.14159             -0.231102           -2.31164            0.55669             7.37816             
0.260826            19200               -0.204712           0.734957            0.00598381          -0.694825           -0.361125           2.39529             
0.264304            19456               -0.0625875          -0.215502           0.604691            0.592605            -2.39864            -1.23697            
0.267782            19712               -0.152401           -0.016792           0.434537            0.291125            -1.77361            -0.547294           
0.27126             19968               -0.144733           1.70653             -0.0559759          -1.73664            -0.0216177          5.7632              
0.274737            20224               -0.149077           1.86936             -0.261712           -2.00524            0.77295             6.53689             
0.278215            20480               -0.239828           2.20223             -0.181892           -2.31403            0.411065            7.71751             
0.281693            20736               -0.189062           2.51163             0.0556092           -2.52829            -0.420075           8.95389             
0.28517             20992               -0.164916           2.02206             0.0150501           -2.03145            -0.207672           7.18695             
0.288648            21248               -0.18584            1.71138             -0.311871           -1.83251            0.967499            6.34053             
0.292126            21504               -0.254845           3.1786              -0.753394           -3.58636            2.50743             11.6191             
0.295603            21760               -0.237414           4.72385             -0.746927           -5.21711            2.57043             17.6186             
0.299081            22016               -0.263676           4.09057             -0.280586           -4.32953            0.906546            15.3112             
0.302559            22272               -0.300776           3.50581             -0.232453           -3.68303            0.626537            12.8774             
0.306036            22528               -0.299891           1.88865             0.295986            -1.69565            -1.26001            7.11978             
0.309514            22784               -0.28961            0.0351531           0.673305            0.443601            -2.66705            -0.0051115          
0.312992            23040               -0.263057           -1.39204            1.03188             2.12009             -3.96472            -5.30196            
0.316469            23296               -0.288889           -0.703595           0.901149            1.34309             -3.43173            -2.78828            
0.319947            23552               -0.241922           -0.735856           1.06987             1.45802             -4.01082            -2.83997            
0.323425            23808               -0.281248           -3.09691            1.41804             4.11399             -5.33286            -11.6247            
0.326903            24064               -0.172862           -3.49414            1.88722             4.74313             -6.89797            -13.0686            
0.33038             24320               -0.254157           -4.02319            1.71778             5.221               -6.38614            -15.4018            
0.333858            24576               -0.310291           -4.20879            1.63864             5.37702             -6.21594            -16.0338            
0.337336            24832               -0.176641           -4.50693            1.33666             5.5408              -5.04288            -17.6007            
0.340813            25088               -0.139146           -3.12283            0.94926             3.87159             -3.57513            -12.5244            
0.344291            25344               -0.237377           -0.319112           0.108959            0.527538            -0.489101           -1.60142            
0.347769            25600               -0.24345            1.97902             0.1831              -1.84841            -0.777841           7.40288             
0.351246            25856               -0.265506           -0.941365           0.756022            1.48875             -3.04627            -3.97523            
0.354724            26112               -0.263398           -2.38638            0.761021            3.01068             -2.98264            -9.47227            
0.358202            26368               -0.228313           -0.836877           1.18378             1.55797             -4.5085             -3.65037            
0.361679            26624               -0.0865141          -2.57704            1.9248              3.72446             -7.23068            -10.1847            
0.365157            26880               -0.104176           -4.46408            2.18972             5.80809             -8.19263            -17.7564            
0.368635            27136               -0.154345           -3.41986            1.30458             4.28971             -5.0503             -13.7709            
0.372112            27392               -0.1294             0.948603            -0.139867           -1.01181            0.343967            2.81354             
0.37559             27648               -0.22081            2.85873             -0.491329           -3.20449            1.52105             9.86266             
0.379068            27904               -0.115128           3.16304             -0.517265           -3.51594            1.66731             11.289              
0.382546            28160               -0.195661           2.58529             -0.678875           -2.97877            2.167               8.90658             
0.386023            28416               -0.232605           4.06949             -0.970284           -4.64217            3.26871             14.8755             
0.389501            28672               -0.267754           4.29827             -0.320447           -4.57122            0.985895            15.8773             
0.392979            28928               -0.30867            0.888697            0.0641381           -0.763428           -0.529918           2.9601              
0.396456            29184               -0.290942           0.0463412           0.470131            0.335452            -1.90149            -0.0871225          
0.399934            29440               -0.187267           1.25843             0.50236             -0.926549           -1.91743            4.71116             
0.403412            29696               -0.203566           0.826872            0.389806            -0.518899           -1.55451            2.8219              
0.406889            29952               -0.196163           -1.6799             1.4994              2.61715             -5.54407            -6.81251            
0.410367            30208               -0.124185           -0.256808           0.531604            0.686607            -2.02281            -1.61342            
0.413845            30464               -0.255526           1.13122             0.597324            -0.74877            -2.31056            3.99353             
0.417322            30720               -0.122763           -0.298293           0.976878            0.923842            -3.64564            -1.75165            
0.4208              30976               -0.122521           -0.922567           0.925526            1.54854             -3.39295            -3.87854            
0.424278            31232               -0.169965           0.120966            0.681531            0.335665            -2.54759            0.0240331           
0.427755            31488               -0.0366128          0.610312            1.1891              0.0291556           -4.29929            2.17172             
0.431233            31744               -0.0263005          -1.95517            1.22036             2.73112             -4.41601            -7.86288            
0.434711            32000               -0.112395           -1.39842            0.42583             1.78766             -1.61418            -5.87915            
0.438188            32256               -0.216221           1.45453             0.473203            -1.16076            -1.89555            5.21154             
0.441666            32512               -0.289933           0.401128            0.559486            -0.0334467          -2.33545            0.824824            
0.445144            32768               -0.166165           -0.683739           0.770614            1.2157              -2.98667            -2.93753            
0.448622            33024               -0.0907781          -0.778084           0.834433            1.3481              -3.19577            -3.63668            
0.452099            33280               -0.0348746          -0.690868           -0.00271781         0.841684            -0.164235           -3.53989            
0.455577            33536               -0.135486           1.08794             0.195895            -0.925287           -0.830392           3.33668             
0.459055            33792               -0.102468           0.572725            0.587131            -0.207001           -2.23951            1.42426             
0.462532            34048               -0.158615           -0.0045552          -0.0671358          0.137311            0.16986             -0.284446           
0.46601             34304               -0.25069            2.39669             -0.0871991          -2.4042             0.244745            8.53722             
0.469488            34560               -0.23721            2.94392             -0.146544           -2.99348            0.464511            11.0204             
0.472965            34816               -0.18517            1.48839             0.437522            -1.18631            -1.60269            5.60184             
0.476443            35072               -0.177365           0.612377            0.853061            -0.0771234          -3.09896            2.33925             
0.479921            35328               -0.224341           -1.25979            0.767158            1.85993             -2.83414            -4.97848            
0.483398            35584               -0.0971712          -0.696836           0.567807            1.16837             -2.04147            -2.88554            
0.486876            35840               -0.178989           0.491406            0.737103            -0.00455314         -2.67736            1.4304              
0.490354            36096               -0.136382           -0.457538           1.01921             1.12188             -3.65213            -1.72851            
0.493831            36352               -0.0712436          -1.49609            1.28352             2.31806             -4.65804            -6.10151            
0.497309            36608               -0.00931348         -2.97874            1.33542             3.91695             -4.78373            -11.6275            
0.500787            36864               0.0494469           -0.608859           0.78877             1.14534             -2.68315            -3.02802            
0.504265            37120               0.092897            -1.94988            2.31086             3.25835             -8.32447            -8.10003            
0.507742            37376               0.0831654           -7.12765            2.41671             8.77344             -8.75458            -27.5126            
0.51122             37632               -0.00111491         -6.5638             1.69992             7.89897             -6.20143            -25.3116            
0.514698            37888               -0.0735194          -3.87206            1.87812             5.13069             -7.0092             -15.3411            
0.518175            38144               -0.0537977          -3.94115            1.35068             4.94031             -5.03155            -15.6753            
0.521653            38400               -0.0883811          -2.85742            0.822961            3.53605             -3.23729            -11.7863            
0.525131            38656               -0.132315           -0.208435           0.279105            0.455942            -1.24845            -1.7872             
0.528608            38912               -0.0980849          1.03372             0.175012            -0.898574           -0.731572           3.06418             
0.532086            39168               -0.166081           0.668928            0.0884112           -0.558643           -0.535777           1.82771             
0.535564            39424               -0.193529           1.12391             0.0774882           -1.05019            -0.461956           3.5774              
0.539041            39680               -0.200114           3.75694             -0.490695           -4.07196            1.64933             13.5963             
0.542519            39936               -0.325578           5.30728             -0.606572           -5.7517             2.05449             19.6983             
0.545997            40192               -0.175212           2.25906             0.115854            -2.20594            -0.502939           8.12801             
0.549474            40448               -0.210649           0.71257             0.160371            -0.543074           -0.682792           2.32744             
0.552952            40704               -0.245672           1.37601             0.652523            -1.00209            -2.47657            4.97472             
0.55643             40960               -0.216325           0.953576            0.330457            -0.662621           -1.40635            3.41501             
0.559907            41216               -0.333349           -0.479547           1.21557             1.21935             -4.66349            -2.02895            
0.563385            41472               -0.249518           -2.24794            1.34845             3.17342             -5.26024            -8.86052            
0.566863            41728               -0.296232           -0.608228           0.529008            1.06104             -2.2733             -2.80031            
0.570341            41984               -0.277918           0.82974             0.680679            -0.3841             -2.60313            2.94154             
0.573818            42240               -0.209516           1.07246             0.681967            -0.626141           -2.68206            3.769               
0.577296            42496               -0.278284           -0.339067           0.264633            0.676523            -1.26044            -2.01226            
0.580774            42752               -0.313906           1.46981             -0.381897           -1.52065            1.03486             4.72403             
0.584251            43008               -0.393858           4.7473              -0.64382            -5.11954            2.1289              17.2729             
0.587729            43264               -0.359528           4.01467             -0.375976           -4.21152            1.14621             14.8559             
0.591207            43520               -0.302152           2.26211             0.42063             -1.96961            -1.65383            8.26495             
0.594684            43776               -0.200873           -1.30022            1.28214             2.17351             -4.67018            -5.02948            
0.598162            44032               -0.275806           -1.63602            1.26902             2.51542             -4.61979            -6.27756            
0.60164             44288               -0.144609           -2.75792            1.97561             4.03304             -7.08759            -10.1953            
0.605117            44544               -0.110847           -5.50763            2.65419             7.22921             -9.57316            -20.5693            
0.608595            44800               -0.0853516          -6.64606            2.12723             8.15686             -7.74924            -25.2691            
0.612073            45056               -0.172102           -2.70281            1.52914             3.68988             -5.7327             -10.786             
0.61555             45312               -0.145693           -0.756431           0.821947            1.29202             -3.14815            -3.54045            
0.619028            45568               -0.211512           1.30567             -0.102484           -1.33636            0.0875653           4.00812             
0.622506            45824               -0.289776           1.75138             0.451107            -1.56918            -2.04437            5.67185             
0.625984            46080               -0.252237           2.64976             -0.13715            -2.78757            0.0966712           8.94617             
0.629461            46336               -0.346271           2.71384             -0.60284            -3.05699            1.70418             9.45607             
0.632939            46592               -0.342664           5.1808              -1.23991            -5.95727            4.11562             18.8161             
0.636417            46848               -0.459457           8.68212             -1.64465            -9.83958            5.63846             32.038              
0.639894            47104               -0.434431           8.26183             -1.78297            -9.4252             6.2373              30.879              
0.643372            47360               -0.356093           4.781               -0.212613           -5.00157            0.578741            17.7853             
0.64685             47616               -0.224964           2.65758             -0.0900197          -2.66662            0.267653            10.0774             
0.650327            47872               -0.321541           4.18999             -0.0393299          -4.2565             0.00431133          15.6584             
0.653805            48128               -0.171256           1.69392             0.929477            -1.15371            -3.35239            6.70364             
0.657283            48384               -0.164168           -0.77841            0.716128            1.35823             -2.60996            -3.03567            
0.66076             48640               -0.230169           -1.22121            1.52914             2.19777             -5.68948            -4.61726            
0.664238            48896               -0.275641           -1.81723            1.80743             2.94559             -6.69998            -6.85968            
0.667716            49152               -0.175482           -3.93678            1.71491             5.14816             -6.3418             -14.8567            
0.671193            49408               -0.127026           -4.49885            2.1734              5.9301              -8.08937            -17.4445            
0.674671            49664               -0.0824239          -3.7981             1.6516              4.91973             -6.04455            -15.074             
0.678149            49920               -0.0973647          -4.30652            1.75453             5.50469             -6.43458            -16.7858            
0.681626            50176               -0.0816146          -4.14855            2.23687             5.53999             -8.3413             -16.3973            
0.685104            50432               -0.102055           -5.33464            2.25493             6.79636             -8.45082            -21.0577            
0.688582            50688               -0.118123           -5.82944            1.33689             6.90594             -5.14703            -22.7087            
0.69206             50944               -0.0959055          -0.377854           0.0968922           0.579877            -0.625237           -2.68711            
0.695537            51200               -0.140137           2.66098             -0.878787           -3.09348            2.95959             8.96416             
0.699015            51456               -0.1481             5.03649             -0.527753           -5.4724             1.83468             18.113              
0.702493            51712               -0.115925           1.93803             0.397844            -1.78841            -1.65308            6.47001             
0.70597             51968               -0.195999           -0.465526           0.169717            0.695226            -0.82091            -2.22016            
0.709448            52224               -0.0883318          0.308048            0.19467             -0.0797185          -0.743768           0.699513            
0.712926            52480               -0.145939           1.18551             0.00803883          -1.0678             -0.140054           3.75628             
0.716403            52736               -0.164737           2.4519              -0.102494           -2.44911            0.268831            8.7759              
0.719881            52992               -0.230491           1.17699             0.298299            -0.896038           -1.32857            3.60745             
0.723359            53248               -0.273115           -0.14092            0.455921            0.565436            -1.92632            -0.875375           
0.726836            53504               -0.209821           0.968583            0.44413             -0.605168           -1.79668            3.08823             
0.730314            53760               -0.260979           1.89202             -0.109707           -1.81491            0.221377            6.93805             
0.733792            54016               -0.254406           1.22148             0.223562            -0.960878           -0.903047           4.39945             
0.73727             54272               -0.188379           1.53862             0.282623            -1.29664            -1.06148            5.4252              
0.740747            54528               -0.212356           1.73378             0.241686            -1.52203            -0.939117           6.3387              
0.744225            54784               -0.266367           0.90145             0.0711871           -0.720213           -0.308878           3.22122             
0.747703            55040               -0.209418           3.37394             -0.317401           -3.54706            1.13934             12.5541             
0.75118             55296               -0.431792           5.65065             -0.422061           -5.97464            1.42684             21.0492             
0.754658            55552               -0.252441           2.96965             0.405606            -2.76392            -1.56799            11.5658             
0.758136            55808               -0.124122           0.0239268           0.888878            0.532295            -3.17355            -0.347552           
0.761613            56064               -0.0816555          -1.44666            1.38835             2.30335             -4.97236            -5.69616            
0.765091            56320               -0.0699106          -1.38268            1.4123              2.27941             -5.08377            -5.53888            
0.768569            56576               -0.0432594          -2.00758            1.09494             2.79814             -3.93647            -7.68592            
0.772046            56832               -0.157128           -0.968449           1.1555              1.71198             -4.29596            -4.22203            
0.775524            57088               -0.148576           -0.604255           0.838948            1.19801             -3.1939             -2.75607            
0.779002            57344               -0.221664           0.9452              0.788282            -0.491177           -3.09948            2.69853             
0.782479            57600               -0.211998           -0.500815           1.30963             1.28166             -5.12153            -2.7274             
0.785957            57856               -0.186285           -1.97777            0.941165            2.66975             -3.63906            -8.13568            
0.789435            58112               -0.130521           -0.379625           0.560484            0.807716            -2.19996            -2.12918            
0.792912            58368               -0.122194           2.64752             -0.172887           -2.74456            0.579788            9.22528             
0.79639             58624               -0.120566           3.28431             -0.26277            -3.42934            0.995246            12.2538             
0.799868            58880               -0.141505           2.95148             -0.622558           -3.23487            2.21944             10.8268             
0.803346            59136               -0.329618           3.6467              -0.116337           -3.75982            0.320601            13.7171             
0.806823            59392               -0.195739           1.85755             0.494449            -1.58169            -1.84904            6.75678             
0.810301            59648               -0.185335           0.552715            0.200355            -0.315756           -0.739642           1.79826             
0.813779            59904               -0.116954           -0.54271            1.11488             1.2553              -4.01473            -2.2443             
0.817256            60160               -0.063683           -1.31096            1.88662             2.39512             -6.89966            -5.23975            
0.820734            60416               -0.0954653          -2.73617            1.74366             3.84999             -6.53118            -10.8052            
0.824212            60672               -0.191633           -1.69648            1.00399             2.43185             -3.87141            -7.22168            
0.827689            60928               -0.11209            -0.334203           0.854454            0.920019            -3.28665            -1.62167            
0.831167            61184               -0.254127           0.546343            0.0916493           -0.366827           -0.509309           1.44139             
0.834645            61440               -0.270465           1.48758             0.335065            -1.23392            -1.44199            5.10569             
0.838122            61696               -0.310222           2.57166             0.112429            -2.46822            -0.579065           9.47756             
0.8416              61952               -0.353428           3.34879             -0.207272           -3.45258            0.584642            12.4023             
0.845078            62208               -0.226859           3.45384             -0.076566           -3.49111            0.354581            13.0228             
0.848555            62464               -0.211814           1.58307             0.254951            -1.32848            -0.910159           6.16727             
0.852033            62720               -0.205864           -0.486834           1.07065             1.22074             -3.99605            -1.89484            
0.855511            62976               -0.179354           0.0819078           0.488803            0.353587            -1.75524            0.327284            
0.858989            63232               -0.15675            -0.223845           1.01355             0.918013            -3.70308            -0.681926           
0.862466            63488               -0.167344           -2.28468            1.76411             3.40083             -6.52984            -9.01376            
0.865944            63744               -0.040505           -4.08412            1.75861             5.30286             -6.43858            -15.8131            
0.869422            64000               -0.0273013          -4.14237            1.89938             5.43895             -7.00422            -16.3011            
0.872899            64256               -0.169306           -3.44834            1.63603             4.57288             -6.2264             -13.7511            
0.876377            64512               -0.223202           -2.79983            1.14203             3.64085             -4.41134            -11.2603            
0.879855            64768               -0.149562           -0.370909           0.358612            0.671438            -1.5759             -1.94729            
0.883332            65024               -0.232511           2.93502             -0.396464           -3.1515             1.20622             10.356              
0.88681             65280               -0.200613           3.12104             -0.618632           -3.46511            2.0633              11.2817             
0.890288            65536               -0.228012           3.4487              -0.588444           -3.79519            1.99211             12.3824             
0.893765            65792               -0.348464           3.82031             -0.368501           -4.07195            0.965865            13.873              
0.897243            66048               -0.229673           3.2074              -0.0218339          -3.23522            -0.101464           11.657              
0.900721            66304               -0.210179           1.13666             0.673399            -0.714198           -2.66478            3.85059             
0.904198            66560               -0.283958           0.506131            -0.0935956          -0.381733           0.254421            1.62247             
0.907676            66816               -0.14044            1.58589             0.151284            -1.38126            -0.598557           6.09739             
0.911154            67072               -0.158397           0.453603            0.556318            -0.00296627         -2.00872            1.70501             
0.914631            67328               -0.220636           -0.472424           1.2137              1.26415             -4.45648            -1.80996            
0.918109            67584               -0.254082           -1.02731            1.31973             1.90968             -4.87338            -3.92725            
0.921587            67840               -0.341515           -0.888391           0.831877            1.54509             -3.29777            -3.40472            
0.925065            68096               -0.319702           0.972781            0.460734            -0.617636           -1.88981            3.60676             
0.928542            68352               -0.251104           1.05338             0.833301            -0.564592           -3.12797            3.60469             
0.93202             68608               -0.21204            0.0958165           0.705113            0.401265            -2.62855            -0.286835           
0.935498            68864               -0.112165           -0.554168           1.14015             1.26454             -4.2531             -2.5924             
0.938975            69120               -0.106771           -0.587877           0.651364            1.07919             -2.44346            -2.74152            
0.942453            69376               -0.0447389          0.0947668           0.746632            0.387436            -2.59247            0.101719            
0.945931            69632               -0.0771228          -1.6703             1.53951             2.62658             -5.65207            -6.84085            
0.949408            69888               -0.0055699          -4.11118            1.4406              5.17557             -5.21974            -15.8847            
0.952886            70144               0.0201931           -2.31784            0.586892            2.88888             -2.17615            -9.3515             
0.956364            70400               -0.0721082          0.500121            0.522831            -0.144525           -2.0222             1.18037             
0.959841            70656               -0.172906           1.1287              0.170918            -0.99859            -0.805363           3.08646             
0.963319            70912               -0.167841           1.39226             0.00975616          -1.35147            -0.321972           4.38288             
0.966797            71168               -0.151939           2.82304             -0.578233           -3.11139            1.89049             9.92213             
0.970275            71424               -0.126151           3.92011             -0.807957           -4.35384            2.83416             14.1342             
0.973752            71680               -0.132554           2.33575             -0.358647           -2.48499            1.12127             7.96976             
0.97723             71936               -0.292443           3.83163             -0.551423           -4.13998            1.7824              13.7402             
0.980708            72192               -0.270035           5.53396             -0.527085           -5.89985            1.86084             20.7804             
0.984185            72448               -0.351418           3.00122             0.324753            -2.83439            -1.38121            11.3226             
0.987663            72704               -0.289424           -0.0780371          0.929835            0.696979            -3.409              -0.297377           
0.991141            72960               -0.269682           0.937067            0.744544            -0.434473           -2.71271            3.57318             
0.994618            73216               -0.157935           0.20015             1.46812             0.664236            -5.24794            0.906622            
0.998096            73472               0.0181596           -4.47762            2.49559             6.05106             -8.99065            -16.8849            
1.00157             73728               0.104357            -5.96253            2.24332             7.51896             -8.00516            -22.6638            
1.00505             73984               0.027024            -4.30748            1.98232             5.63206             -7.21521            -17.1023            
1.00853             74240               -0.128803           -2.7573             1.49709             3.75353             -5.62738            -11.2467            
1.01201             74496               -0.153684           -1.15083            0.417645            1.58188             -1.64035            -4.53897            
1.01548             74752               -0.194053           1.13719             0.36541             -0.869296           -1.45518            3.65024             
1.01896             75008               -0.169471           -0.462349           0.640215            0.931405            -2.40299            -2.16843            
1.02244             75264               -0.152346           -0.830556           0.901612            1.45705             -3.37012            -3.63048            
1.02592             75520               -0.13586            -0.99399            1.1042              1.71208             -4.02858            -4.15699            
1.0294              75776               -0.0153755          -2.78063            1.71276             3.88902             -6.34502            -10.6864            
1.03287             76032               0.0287788           -4.35156            1.56647             5.48289             -5.76217            -16.8202            
1.03635             76288               -0.0528037          -4.15758            0.964592            5.00034             -3.60643            -16.2159            
1.03983             76544               -0.105483           -2.12838            1.22117             2.98433             -4.58042            -8.43718            
1.04331             76800               -0.0240813          -2.85563            1.12752             3.68408             -4.23093            -11.5371            
1.04678             77056               -0.0693447          -1.77829            0.366746            2.20366             -1.46135            -7.24057            
1.05026             77312               -0.1761             -0.383154           0.236186            0.661341            -1.00774            -2.06484            
1.05374             77568               -0.0865583          0.708551            0.381221            -0.390506           -1.3786             2.5112              
1.05722             77824               -0.192724           -1.85563            0.700942            2.46402             -2.78893            -7.41013            
1.06069             78080               -0.177982           -2.14759            0.518901            2.70182             -1.99305            -8.11622            
1.06417             78336               -0.202878           -0.0643644          0.320532            0.396499            -1.26534            -0.824843           
1.06765             78592               -0.119122           1.21165             0.323127            -0.950965           -1.28946            4.08406             
1.07113             78848               -0.295109           0.0750568           0.300836            0.254457            -1.36676            -0.228453           
1.07461             79104               -0.234023           0.749838            0.490687            -0.361142           -2.00035            2.135               
1.07808             79360               -0.316551           2.06705             -0.317473           -2.1433             0.847065            7.02879             
1.08156             79616               -0.330705           3.54627             -0.437284           -3.75921            1.40345             12.7876             
1.08504             79872               -0.292602           4.46824             -0.435487           -4.73545            1.58892             16.4192             
1.08852             80128               -0.26598            3.4898              -0.104674           -3.54208            0.23669             12.9255             
1.09199             80384               -0.280588           1.44815             0.447038            -1.15059            -1.7091             5.12288             
1.09547             80640               -0.214251           1.05938             0.0620967           -0.916535           -0.297521           3.60102             
1.09895             80896               -0.249596           2.08586             0.440429            -1.8446             -1.75925            7.5402              
1.10243             81152               -0.173528           0.384832            0.948763            0.175194            -3.56851            1.02253             
1.1059              81408               -0.237181           0.969677            -0.363285           -1.04057            1.2467              3.13134             
1.10938             81664               -0.119158           0.95215             0.627359            -0.551842           -2.18488            3.39381             
1.11286             81920               -0.111272           -0.408309           1.39922             1.2336              -5.17307            -1.94876            
1.11634             82176               -0.162301           -3.02263            1.04929             3.83901             -3.99964            -12.043             
1.11981             82432               -0.147397           -1.32089            1.21162             2.0965              -4.47605            -5.62752            
1.12329             82688               -0.0577169          -1.34064            1.36876             2.19675             -4.9406             -5.65608            
1.12677             82944               -0.0408073          -3.65317            1.16468             4.56715             -4.24672            -14.4311            
1.13025             83200               -0.111168           -2.20533            0.45068             2.72207             -1.75084            -8.63116            
1.13373             83456               -0.294316           1.31169             0.17805             -1.12319            -0.887447           4.30245             
1.1372              83712               -0.409582           2.06304             -0.00396104         -1.98557            -0.303928           7.36481             
1.14068             83968               -0.182095           2.30231             -0.0431183          -2.28492            0.125056            8.20562             
1.14416             84224               -0.160175           2.34882             0.293927            -2.17014            -1.09514            8.37449             
1.14764             84480               -0.329959           1.30164             0.219638            -1.08134            -1.00085            4.61643             
1.15111             84736               -0.321326           1.22054             0.342408            -0.925226           -1.38354            4.27055             
1.15459             84992               -0.400984           2.70237             0.47923             -2.43941            -1.90922            9.98598             
1.15807             85248               -0.301685           2.24682             -0.106188           -2.20044            0.189307            8.45029             
1.16155             85504               -0.362142           1.84634             0.261845            -1.6049             -1.16141            6.95815             
1.16502             85760               -0.33302            0.538095            1.18337             0.167945            -4.61713            1.61461             
1.1685              86016               -0.352016           1.19828             0.47024             -0.861822           -1.89944            4.16264             
1.17198             86272               -0.37061            1.79429             0.783029            -1.33598            -3.05621            6.70483             
1.17546             86528               -0.359088           -1.16404            1.58164             2.14827             -5.9616             -4.40448            
1.17894             86784               -0.129896           -3.86138            1.55699             4.95231             -5.69497            -14.5198            
1.18241             87040               -0.278541           -3.65439            1.77958             4.85091             -6.71405            -14.0477            
1.18589             87296               -0.149618           -1.22859            1.39029             2.09096             -5.12553            -5.11108            
1.18937             87552               -0.220441           -1.79066            1.35287             2.6916              -5.21624            -7.00261            
1.19285             87808               -0.184793           -1.63084            0.659622            2.20564             -2.66296            -6.82959            
1.19632             88064               -0.271263           -1.14579            0.585265            1.66417             -2.35097            -4.76576            
1.1998              88320               -0.312546           -0.989972           0.657376            1.53555             -2.74794            -4.26868            
1.20328             88576               -0.213262           -0.509519           0.81811             1.12744             -3.16606            -1.97341            
1.20676             88832               -0.377348           -0.548318           0.490396            1.01919             -2.10526            -2.24324            
1.21023             89088               -0.34401            0.155086            0.345516            0.197652            -1.58042            0.432842            
1.21371             89344               -0.363297           -0.617874           0.266361            0.983914            -1.16445            -2.42987            
1.21719             89600               -0.216951           0.0256802           1.34204             0.773738            -5.05558            -0.0388328          
1.22067             89856               -0.162547           -1.98483            1.03698             2.7243              -3.96294            -8.0699             
1.22415             90112               -0.211695           -0.170456           0.734255            0.6703              -2.92128            -0.931006           
1.22762             90368               -0.136975           1.36936             -0.186744           -1.38721            0.602978            4.60517             
1.2311              90624               -0.150188           4.65969             -0.754117           -5.11773            2.56758             17.1397             
1.23458             90880               -0.222142           4.9147              -0.717822           -5.42685            2.42891             17.5724             
1.23806             91136               -0.296193           5.37184             -0.876769           -5.96312            2.91823             19.8425             
1.24153             91392               -0.163515           6.33461             -0.896076           -6.97092            3.24279             23.5418             
1.24501             91648               -0.150681           3.45654             0.0522014           -3.47531            -0.299898           12.733              
1.24849             91904               -0.240337           0.933159            0.869124            -0.422983           -3.37553            3.26799             
1.25197             92160               -0.140154           -0.327374           0.655503            0.847991            -2.43636            -1.01234            
1.25544             92416               -0.203553           -0.0923248          0.865506            0.697968            -3.24825            -0.420621           
1.25892             92672               -0.253125           -2.96894            1.3852              3.98304             -5.1388             -11.3432            
1.2624              92928               -0.226338           -2.5332             1.16606             3.42287             -4.31763            -9.62509            
1.26588             93184               -0.189931           -1.80184            1.35879             2.75601             -5.07615            -6.54004            
1.26936             93440               -0.229358           -2.84526            1.14546             3.73786             -4.33977            -10.9859            
1.27283             93696               -0.21721            -1.94195            0.951864            2.6846              -3.59431            -7.5529             
1.27631             93952               -0.241751           0.286958            0.672512            0.20436             -2.58198            0.594714            
1.27979             94208               -0.301985           0.252147            0.424455            0.117428            -1.70856            0.557331            
1.28327             94464               -0.300797           1.78461             0.347582            -1.54629            -1.39469            6.42289             
1.28674             94720               -0.246946           1.02545             0.64015             -0.604563           -2.44006            3.58687             
1.29022             94976               -0.169204           -2.54658            1.36713             3.50117             -5.11368            -9.86803            
1.2937              95232               -0.192766           -2.43128            1.27362             3.3326              -4.75711            -9.52105            
1.29718             95488               -0.224086           1.26677             0.529335            -0.937139           -2.00243            4.32277             
1.30065             95744               -0.285992           0.962202            1.13165             -0.357316           -4.24216            3.27592             
1.30413             96000               -0.142782           -1.2218             0.390515            1.64563             -1.44587            -4.50085            
1.30761             96256               -0.195738           -1.14969            1.45522             2.03343             -5.51293            -4.91019            
1.31109             96512               -0.211252           -3.34897            1.56153             4.41846             -5.981              -13.0185            
1.31457             96768               -0.319546           -4.08417            1.61281             5.20939             -6.24832            -15.8211            
1.31804             97024               -0.203613           -1.61734            0.237051            2.00203             -1.13197            -6.35292            
1.32152             97280               -0.22386            0.321673            0.7965              0.204616            -3.16606            0.519913            
1.325               97536               -0.165372           -1.80534            0.821472            2.4564              -3.25712            -7.59171            
1.32848             97792               -0.258377           0.0569683           -0.0545528          0.0880695           -0.0625043          -0.404136           
1.33195             98048               -0.304482           2.69643             0.0317652           -2.65176            -0.388972           9.87853             
1.33543             98304               -0.286638           2.24821             0.09105             -2.15256            -0.389763           8.25299             
1.33891             98560               -0.338731           0.927939            0.692945            -0.481324           -2.7509             3.15437             
1.34239             98816               -0.27193            0.837098            0.127714            -0.621387           -0.60828            2.93504             
1.34586             99072               -0.358657           2.47636             -0.00813606         -2.42895            -0.158835           9.08646             
1.34934             99328               -0.287329           2.75295             -0.153999           -2.80715            0.488029            10.2521             
1.35282             99584               -0.23445            1.68868             0.318549            -1.45308            -1.25443            6.37021             
1.3563              99840               -0.251601           0.183709            0.519468            0.229754            -1.99424            0.241247            
1.35978             100096              -0.239352           -0.0518001          1.47432             0.906708            -5.50156            -0.460717           
1.36325             100352              -0.222713           -1.89559            0.616133            2.47888             -2.36524            -7.48854            
1.36673             100608              -0.156406           -1.73772            1.2106              2.59546             -4.54403            -6.39416            
1.37021             100864              -0.0646962          -1.57918            1.17362             2.39389             -4.26156            -6.39366            
1.37369             101120              -0.136422           -2.00347            1.61893             3.03495             -5.99486            -8.14644            
1.37716             101376              -0.109792           -3.60371            1.43693             4.63852             -5.34935            -14.1634            
1.38064             101632              -0.0122155          -2.61025            1.27429             3.49555             -4.54532            -10.0575            
1.38412             101888              -0.0655062          -1.27206            1.15643             2.02097             -4.20934            -5.28494            
1.3876              102144              -0.223429           -1.42789            0.811761            2.0334              -3.098              -5.85221            
1.39107             102400              -0.166713           -1.04536            0.345345            1.40068             -1.49352            -4.39983            
1.39455             102656              -0.335567           2.71935             -0.260694           -2.85035            0.722285            9.47048             
1.39803             102912              -0.198724           1.69172             0.3691              -1.50036            -1.60213            5.79465             
1.40151             103168              -0.208247           0.492149            0.306742            -0.282459           -1.35125            1.0074              
1.40499             103424              -0.191609           1.73788             0.00696973          -1.6984             -0.152199           5.98699             
1.40846             103680              -0.216565           3.03546             -0.229082           -3.15549            0.713224            11.2097             
1.41194             103936              -0.171664           1.09949             0.310372            -0.857351           -1.26816            4.09059             
1.41542             104192              -0.331079           -0.199184           0.556975            0.636699            -2.21227            -0.960223           
1.4189              104448              -0.218414           -1.3232             1.29446             2.16223             -4.89057            -4.96013            
1.42237             104704              -0.213299           -2.33161            1.47954             3.32249             -5.51575            -9.01686            
1.42585             104960              -0.218263           -2.95753            1.36701             3.91915             -5.20157            -11.5276            
1.42933             105216              -0.191091           -0.87956            0.983378            1.56357             -3.76993            -3.34193            
1.43281             105472              -0.196314           -0.854352           0.346786            1.23586             -1.37366            -3.46555            
1.43628             105728              -0.24366            1.53361             -0.0751023          -1.48161            0.10298             5.49939             
1.43976             105984              -0.119326           1.42588             0.398389            -1.1805             -1.56251            4.9774              
1.44324             106240              -0.0999019          1.23985             -0.017312           -1.18037            -0.051365           3.87248             
1.44672             106496              -0.197462           2.53478             0.198863            -2.47556            -0.945761           8.92585             
1.4502              106752              -0.273949           3.23411             -0.175287           -3.38194            0.377842            11.449              
1.45367             107008              -0.290283           4.44017             -0.642812           -4.87655            2.09226             16.1337             
1.45715             107264              -0.267221           5.21208             -0.567461           -5.64104            1.84426             19.2803             
1.46063             107520              -0.317079           4.08614             -0.612816           -4.45538            2.03409             15.0752             
1.46411             107776              -0.220175           3.57114             -0.417208           -3.78545            1.46135             13.5587             
1.46758             108032              -0.192024           1.97748             0.60895             -1.62251            -2.41284            7.23246             
1.47106             108288              -0.397835           -0.0223294          0.240175            0.32413             -1.03992            -0.0968277          
1.47454             108544              -0.266643           0.974297            0.833708            -0.437511           -3.07297            4.10401             
1.47802             108800              -0.242632           -0.15556            1.28446             0.968239            -4.75157            -0.368152           
1.48149             109056              -0.266411           -3.711              1.7693              4.93595             -6.52679            -13.6921            
1.48497             109312              -0.204659           -2.98501            2.0462              4.29848             -7.54679            -11.4447            
1.48845             109568              -0.125274           -3.35427            2.08977             4.68451             -7.57117            -12.3781            
1.49193             109824              -0.112381           -5.36287            2.53499             6.99125             -9.2496             -20.4592            
1.49541             110080              -0.0816411          -7.04613            2.51209             8.72413             -9.30243            -26.9123            
1.49888             110336              -0.164512           -3.72178            1.64495             4.78596             -6.24712            -14.9427            
1.50236             110592              -0.123132           -2.11188            0.929781            2.76746             -3.69649            -8.64103            
1.50584             110848              -0.196934           -0.369931           0.066514            0.524977            -0.483986           -2.13881            
1.50932             111104              -0.281085           2.3489              -0.684679           -2.69864            2.11134             8.11938             
1.51279             111360              -0.258224           5.34201             -1.06579            -6.05262            3.61664             19.3628             
1.51627             111616              -0.170491           4.93894             -0.790716           -5.50389            2.69188             18.1886             
1.51975             111872              -0.0989023          3.70464             -0.224489           -3.93637            0.714096            13.489              
1.52323             112128              -0.269664           1.00272             0.0951149           -0.922607           -0.66387            2.87271             
1.5267              112384              -0.220938           2.7537              -0.523195           -3.0217             1.71202             10.0324             
1.53018             112640              -0.222488           4.48175             -0.785587           -4.94838            2.74171             16.8023             
1.53366             112896              -0.208382           4.01683             -0.169962           -4.14616            0.531675            15.2034             
1.53714             113152              -0.283997           1.74773             0.555184            -1.40581            -2.15749            6.44916             
1.54062             113408              -0.290314           0.528055            0.728764            -0.0126274          -2.71465            2.22495             
1.54409             113664              -0.331559           1.68026             0.381514            -1.4084             -1.49492            6.09604             
1.54757             113920              -0.245008           1.93331             0.324509            -1.68364            -1.13295            7.39318             
1.55105             114176              -0.149442           0.60281             0.817561            -0.072189           -2.87052            1.90688             
1.55453             114432              -0.104252           -1.48146            1.04835             2.25302             -3.75228            -5.59305            
1.558               114688              -0.187144           -0.513199           0.862034            1.13497             -3.1993             -2.43687            
1.56148             114944              -0.112346           -0.758646           1.59865             1.7209              -5.74359            -2.94499            
1.56496             115200              -0.103181           -2.15417            1.35237             3.06555             -4.96262            -8.3861             
1.56844             115456              -0.101537           -0.871523           0.80427             1.45289             -2.89353            -3.60789            
1.57191             115712              -0.144535           1.44476             0.308324            -1.23299            -1.10617            5.2018              
1.57539             115968              -0.115444           2.48287             0.0167519           -2.46393            -0.0420612          9.17717             
1.57887             116224              -0.169492           3.12303             -0.0615581          -3.18196            0.213975            11.3854             
1.58235             116480              -0.221128           0.874547            0.494663            -0.550245           -1.94044            2.97681             
1.58582             116736              -0.184976           -1.59301            1.19329             2.40068             -4.50194            -6.1219             
1.5893              116992              -0.222051           -2.93579            1.51907             3.97398             -5.76033            -11.0327            
1.59278             117248              -0.21532            -3.16099            1.37039             4.13829             -5.13589            -12.2033            
1.59626             117504              -0.318722           -1.83974            1.26234             2.70564             -4.77681            -7.21532            
1.59974             117760              -0.173043           -2.82387            1.51121             3.86327             -5.66688            -10.5861            
1.60321             118016              -0.179716           -5.92204            2.1579              7.44109             -8.09705            -22.4445            
1.60669             118272              -0.184069           -6.49991            1.87232             7.89459             -7.08332            -24.9076            
1.61017             118528              -0.127523           -2.4084             1.16288             3.27124             -4.38677            -9.45402            
1.61365             118784              -0.204942           0.00655763          0.173002            0.27422             -0.907166           -0.492441           
1.61712             119040              -0.202098           0.316177            0.122513            -0.106722           -0.784818           0.545697            
1.6206              119296              -0.342279           -0.0619515          0.428888            0.409842            -2.07173            -1.22101            
1.62408             119552              -0.266642           1.20225             -0.186201           -1.18984            0.347262            4.16949             
1.62756             119808              -0.377149           4.46552             -1.4075             -5.20101            4.74815             16.5864             
1.63103             120064              -0.328044           4.98909             -0.723191           -5.45161            2.34837             18.3744             
1.63451             120320              -0.331368           3.22732             -0.785433           -3.5974             2.6531              12.1231             
1.63799             120576              -0.290935           3.49388             0.0329921           -3.48235            -0.288821           12.9208             
1.64147             120832              -0.321522           3.31399             0.043239            -3.26911            -0.306935           12.4272             
1.64495             121088              -0.253788           0.719904            0.552704            -0.272952           -1.93965            3.30165             
1.64842             121344              -0.214219           -2.90157            2.07339             4.21806             -7.57797            -10.9209            
1.6519              121600              -0.270124           -5.27323            2.05245             6.7425              -7.59467            -19.5756            
1.65538             121856              -0.181482           -2.72942            1.5069              3.80379             -5.43243            -10.159             
1.65886             122112              -0.326552           -2.60441            2.06552             3.88462             -7.61434            -9.86028            
1.66233             122368              -0.151158           -4.60461            2.25904             6.07561             -8.27428            -17.7639            
1.66581             122624              -0.168153           -4.57026            2.02098             5.93712             -7.59703            -17.8916            
1.66929             122880              -0.177469           -3.47225            1.63793             4.55313             -6.13753            -13.7145            
1.67277             123136              -0.175549           -1.56381            1.28634             2.38052             -4.92039            -6.64948            
1.67624             123392              -0.170798           -1.71531            0.997585            2.40979             -3.93235            -7.01096            
1.67972             123648              -0.311985           0.238703            0.178124            -0.0438113          -1.08405            -0.00239973         
1.6832              123904              -0.311792           3.69969             -0.704779           -4.11017            2.29483             13.1637             
1.68668             124160              -0.269221           4.60784             -1.23802            -5.30171            4.36574             16.9128             
1.69016             124416              -0.259414           2.19655             -0.421012           -2.35648            1.46734             8.0582              
1.69363             124672              -0.175249           2.60285             0.271929            -2.46957            -0.95881            9.69114             
1.69711             124928              -0.135788           0.693111            1.00586             -0.107523           -3.58838            2.19164             
1.70059             125184              -0.072959           -1.75178            1.23692             2.6096              -4.43426            -6.67671            
1.70407             125440              -0.0636958          -4.56081            2.04228             5.93467             -7.48813            -17.7145            
1.70754             125696              -0.106267           -5.31253            1.73923             6.60033             -6.48381            -20.4877            
1.71102             125952              -0.0808635          -2.76408            1.34935             3.72475             -5.05346            -10.8533            
1.7145              126208              -0.127674           0.981757            0.292006            -0.735594           -1.29951            2.56558             
1.71798             126464              -0.249125           0.11804             0.242367            0.156837            -1.22371            -0.435638           
1.72145             126720              -0.181808           0.353436            -0.126934           -0.273844           0.180158            0.490232            
1.72493             126976              -0.330012           3.81876             -0.700663           -4.2042             2.20159             13.4503             
1.72841             127232              -0.317592           4.94924             -0.868549           -5.47076            2.82481             17.8936             
1.73189             127488              -0.377655           3.68246             -0.670656           -4.00534            2.15585             13.5345             
1.73537             127744              -0.269824           2.10187             0.0951177           -2.00211            -0.482124           7.48722             
1.73884             128000              -0.242931           3.1292              0.164579            -3.0203             -0.654592           11.5735             
1.74232             128256              -0.344545           1.63289             0.445156            -1.31555            -1.76963            5.72318             
1.7458              128512              -0.307498           0.521559            0.799888            0.0261868           -3.02116            1.96375             
1.74928             128768              -0.15835            0.184182            0.964089            0.456679            -3.56904            0.628127            
1.75275             129024              -0.225562           -1.17904            1.60233             2.1614              -5.86063            -4.8085             
1.75623             129280              -0.241805           -2.44773            1.53981             3.46192             -5.6866             -9.32316            
1.75971             129536              -0.0974604          -1.96094            1.06284             2.73542             -3.78427            -7.38               
1.76319             129792              -0.0396261          -2.23822            1.6316              3.27633             -5.83413            -8.64237            
1.76666             130048              -0.160113           -4.13562            1.6376              5.25754             -6.10775            -16.1119            
1.77014             130304              -0.151987           -3.88121            1.37559             4.87751             -5.20249            -14.9018            
1.77362             130560              -0.254917           -2.16584            1.27849             2.99415             -4.94234            -8.88654            
1.7771              130816              -0.245924           -2.13145            1.13583             2.89297             -4.45182            -8.54508            
1.78058             131072              -0.18441            -2.11903            0.24613             2.46186             -1.11566            -8.61806            
1.78405             131328              -0.175168           1.44125             -0.151225           -1.47352            0.397978            4.97355             
1.78753             131584              -0.291576           2.98662             -0.101985           -3.08443            0.141327            10.4134             
1.79101             131840              -0.271377           1.87634             -0.14587            -1.89172            0.242783            6.7998              
1.79449             132096              -0.419601           1.11991             -0.177648           -1.09428            0.241282            3.65359             
1.79796             132352              -0.360766           1.28253             0.336082            -1.01148            -1.44466            4.63966             
1.80144             132608              -0.332494           1.07606             0.57007             -0.694631           -2.33015            3.99645             
1.80492             132864              -0.263591           -0.401261           0.723419            0.920143            -2.72636            -1.65521            
1.8084              133120              -0.145541           1.15009             0.465733            -0.858322           -1.66725            3.77376             
1.81187             133376              -0.176641           1.3826              0.901655            -0.872965           -3.31043            5.19599             
1.81535             133632              -0.137764           -0.21332            0.568879            0.677672            -2.08373            -1.03773            
1.81883             133888              -0.161271           -1.44894            1.19799             2.27431             -4.40791            -5.41785            
1.82231             134144              -0.133422           -1.17697            1.06286             1.912               -3.85981            -4.87077            
1.82579             134400              -0.210959           -0.411169           0.858094            0.990702            -3.26729            -1.81452            
1.82926             134656              -0.251274           -0.84271            0.680583            1.37591             -2.64013            -3.38334            
1.83274             134912              -0.265581           -0.999958           0.664502            1.55746             -2.65004            -3.46181            
1.83622             135168              -0.255915           -1.13549            1.27442             1.9776              -4.86068            -4.30797            
1.8397              135424              -0.253286           -3.29931            1.25869             4.24104             -4.8652             -12.8828            
1.84317             135680              -0.156702           -3.15332            1.23796             4.08344             -4.68251            -12.0853            
1.84665             135936              -0.103358           -1.32612            0.562039            1.83051             -2.09783            -5.54818            
1.85013             136192              -0.102679           -0.101556           0.595262            0.564024            -2.18136            -0.658044           
1.85361             136448              -0.247893           -0.297426           1.1413              0.987158            -4.43989            -1.55248            
1.85708             136704              -0.199383           -1.69165            1.10604             2.46809             -4.19062            -6.73894            
1.86056             136960              -0.105685           -1.74628            1.09746             2.48456             -4.10029            -6.93275            
1.86404             137216              -0.248963           -0.816288           0.59599             1.2771              -2.46328            -3.69397            
1.86752             137472              -0.271371           1.17301             0.0841181           -1.07829            -0.606311           3.59384             
1.871               137728              -0.200756           1.81911             0.0518228           -1.75708            -0.366583           6.66816             
1.87447             137984              -0.0907988          1.05137             0.212291            -0.888854           -0.816278           3.50539             
1.87795             138240              -0.154826           0.685075            0.436961            -0.377067           -1.80041            2.1327              
1.88143             138496              -0.264813           0.71944             0.523377            -0.372627           -2.24285            1.91737             
1.88491             138752              -0.17136            0.822254            0.459584            -0.491638           -1.81467            2.79782             
1.88838             139008              -0.0972729          -0.346578           0.992267            1.01897             -3.72759            -1.55367            
1.89186             139264              -0.278317           -3.12263            1.09153             3.96478             -4.3039             -12.3967            
1.89534             139520              -0.283584           -1.34597            0.674386            1.90561             -2.75237            -5.60345            
1.89882             139776              -0.323595           0.271127            0.462486            0.120433            -1.91071            0.990251            
1.90229             140032              -0.23991            -0.867652           1.15182             1.62739             -4.3582             -3.44958            
1.90577             140288              -0.32316            -0.799331           1.16152             1.56782             -4.49824            -3.24403            
1.90925             140544              -0.334145           -2.41588            1.14176             3.2742              -4.41306            -9.23994            
1.91273             140800              -0.210139           -3.08717            1.10829             3.97229             -4.17482            -11.7745            
1.91621             141056              -0.231927           -1.01169            0.945549            1.68264             -3.56735            -4.20353            
1.91968             141312              -0.242073           1.06461             0.460121            -0.725752           -1.78872            3.85892             
1.92316             141568              -0.16544            2.0875              0.240516            -1.91571            -0.928091           7.34225             
1.92664             141824              -0.293718           2.36228             0.191152            -2.20633            -0.866001           8.43667             
1.93012             142080              -0.288767           2.28821             0.648184            -1.92104            -2.50458            8.47772             
1.93359             142336              -0.0806337          -1.67005            1.19606             2.51819             -4.33255            -6.43491            
1.93707             142592              -0.134844           -2.85804            1.15153             3.75905             -4.18178            -11.3047            
1.94055             142848              -0.125819           -1.63989            1.35506             2.54687             -4.98665            -6.53767            
1.94403             143104              -0.0393341          -3.09335            1.55907             4.14908             -5.6131             -12.2039            
1.9475              143360              -0.0756801          -2.767              1.16062             3.63995             -4.31436            -11.0897            
1.95098             143616              -0.103095           -1.02571            1.15245             1.773               -4.21716            -4.61836            
1.95446             143872              -0.022753           -1.23305            1.083               1.93069             -3.99161            -5.44436            
1.95794             144128              -0.0439538          -1.54268            0.99924             2.22633             -3.80026            -6.68925            
1.96142             144384              0.0379441           -2.44256            1.35683             3.33772             -4.9838             -9.74225            
1.96489             144640              0.0686601           -3.62178            1.35042             4.5625              -5.02961            -14.6715            
1.96837             144896              -0.0290219          -2.79858            1.12691             3.607               -4.28965            -11.5164            
1.97185             145152              -0.139573           -2.86478            1.58393             3.88352             -6.2615             -12.1467            
1.97533             145408              0.0316655           -3.11762            0.313868            3.5514              -1.33148            -12.6863            
1.9788              145664              0.0432706           1.05818             -0.249604           -1.11705            0.842256            3.13416             
1.98228             145920              -0.112575           2.52295             -0.0852631          -2.5785             0.0959746           8.38732             
1.98576             146176              -0.148457           0.350199            -0.0296366          -0.220245           -0.062061           0.742919            
1.98924             146432              -0.231468           -0.260747           0.424085            0.657215            -1.79308            -1.55022            
1.99271             146688              -0.399799           1.16552             0.00577098          -0.996587           -0.297268           4.30139             
1.99619             146944              -0.249534           0.945088            -0.16251            -0.82204            0.447981            3.57708             
1.99967             147200              -0.321138           1.5956              0.548897            -1.19719            -2.24611            5.79964             
