#Time               nTime               force-x             force-y             force-z             moment-x            moment-y            moment-z            
0                   0                   4.96101e-06         0.000403            -2.96007e-05        -0.000466212        4.73678e-05         0.000518905         
0.00347769          256                 0.00126804          0.0397053           -0.0467341          -0.0299854          0.0837405           0.115412            
0.00695537          512                 5.01261             1.28893             -1.52362            -2.95588            6.60941             7.69248             
0.0104331           768                 2.78912             17.2954             0.627524            -19.286             1.84906             26.0424             
0.0139107           1024                -2.71446            23.896              -2.96559            -25.8775            1.37267             27.9897             
0.0173884           1280                -0.844084           -4.87457            -0.127871           4.85942             -0.249342           -7.59023            
0.0208661           1536                -2.79795            -2.41389            0.970044            2.2003              -3.87037            -7.29696            
0.0243438           1792                0.526973            -5.50197            0.266119            7.02828             -0.321402           -7.47553            
0.0278215           2048                1.39103             -4.03449            0.0622622           5.91345             1.09884             -3.95006            
0.0312992           2304                -0.089728           -8.08646            0.301318            9.95274             -0.638001           -10.4884            
0.0347769           2560                0.26521             -14.3192            1.44555             15.1372             -1.6217             -17.336             
0.0382545           2816                -0.313226           -8.64127            0.68187             9.41884             -1.30354            -11.0487            
0.0417322           3072                0.463848            -6.63134            0.348435            7.81693             -0.116455           -8.03239            
0.0452099           3328                0.236434            -5.25451            0.391435            6.18865             -0.331741           -6.36276            
0.0486876           3584                -0.014403           -4.8899             0.339741            5.59503             -0.528356           -6.21822            
0.0521653           3840                0.0168846           -4.71531            0.412709            5.20071             -0.550286           -5.87396            
0.055643            4096                -0.0453027          -3.48623            0.324832            3.91835             -0.517128           -4.48872            
0.0591207           4352                -0.0200322          -2.82752            0.225002            3.26564             -0.367059           -3.65397            
0.0625984           4608                0.0250829           -2.73642            0.206512            3.13207             -0.285911           -3.49806            
0.066076            4864                -0.0507287          -2.7459             0.216813            3.0938              -0.371685           -3.58483            
0.0695537           5120                -0.115316           -2.54874            0.21361             2.93894             -0.444284           -3.40171            
0.0730314           5376                -0.127831           -2.30762            0.169397            2.76263             -0.41788            -3.18612            
0.0765091           5632                -0.0897553          -2.60077            0.184123            3.04857             -0.393824           -3.5045             
0.0799868           5888                -0.0800894          -3.03083            0.214719            3.4878              -0.426866           -4.04302            
0.0834645           6144                -0.0894605          -3.34414            0.243749            3.82084             -0.476284           -4.43603            
0.0869422           6400                -0.109603           -3.49511            0.243634            4.0326              -0.507364           -4.68807            
0.0904198           6656                -0.115257           -3.83633            0.27506             4.3937              -0.553077           -5.08599            
0.0938975           6912                -0.104044           -4.22161            0.312773            4.78458             -0.5864             -5.52135            
0.0973752           7168                -0.116397           -4.38325            0.334569            4.95145             -0.631638           -5.73384            
0.100853            7424                -0.126945           -4.55577            0.352133            5.11514             -0.663595           -5.94765            
0.104331            7680                -0.136144           -4.53697            0.343984            5.11107             -0.675345           -5.99882            
0.107808            7936                -0.139302           -4.34474            0.33071             4.981               -0.668667           -5.77594            
0.111286            8192                -0.128605           -4.39684            0.342577            4.98422             -0.66792            -5.82187            
0.114764            8448                -0.109095           -4.81888            0.409028            5.32856             -0.727837           -6.28892            
0.118241            8704                -0.118719           -4.84443            0.422362            5.37533             -0.759358           -6.35821            
0.121719            8960                -0.138967           -4.57566            0.397131            5.14588             -0.753991           -6.03662            
0.125197            9216                -0.156174           -3.99531            0.308703            4.62123             -0.662237           -5.366              
0.128674            9472                -0.155116           -3.8272             0.274865            4.38772             -0.59873            -5.12801            
0.132152            9728                -0.136053           -4.10878            0.310267            4.63128             -0.618876           -5.40975            
0.13563             9984                -0.120671           -4.35991            0.338905            4.89154             -0.648815           -5.73072            
0.139107            10240               -0.107221           -4.22682            0.308617            4.83393             -0.604026           -5.57955            
0.142585            10496               -0.123172           -4.31135            0.333192            4.88805             -0.648108           -5.66487            
0.146063            10752               -0.11967            -4.51291            0.357701            5.05971             -0.675442           -5.90629            
0.149541            11008               -0.100797           -4.45583            0.351488            4.97228             -0.632824           -5.79305            
0.153018            11264               -0.144763           -3.97067            0.275476            4.55898             -0.589471           -5.26139            
0.156496            11520               -0.135949           -4.15319            0.320828            4.79922             -0.669602           -5.59205            
0.159974            11776               -0.132772           -4.30362            0.35008             4.85354             -0.68273            -5.66958            
0.163451            12032               -0.129926           -4.29468            0.348127            4.84107             -0.670338           -5.68857            
0.166929            12288               -0.126883           -3.95905            0.301074            4.53044             -0.599621           -5.21584            
0.170407            12544               -0.139559           -3.91641            0.303818            4.47049             -0.628013           -5.22626            
0.173884            12800               -0.100153           -3.92312            0.297798            4.4718              -0.567059           -5.18713            
0.177362            13056               -0.150002           -3.92996            0.317627            4.42939             -0.646061           -5.22205            
0.18084             13312               -0.115052           -4.13293            0.336678            4.56097             -0.620213           -5.44073            
0.184317            13568               -0.156073           -3.8678             0.300363            4.37238             -0.618657           -5.10357            
0.187795            13824               -0.156266           -3.56589            0.271536            4.07664             -0.593499           -4.78542            
0.191273            14080               -0.158701           -3.82099            0.327902            4.37439             -0.687638           -5.18589            
0.19475             14336               -0.176163           -3.83368            0.314243            4.3251              -0.660305           -5.09348            
0.198228            14592               -0.141177           -3.56203            0.268177            4.07842             -0.574607           -4.79008            
0.201706            14848               -0.142329           -3.6417             0.281909            4.13361             -0.586665           -4.87107            
0.205183            15104               -0.126524           -3.83301            0.304368            4.2103              -0.575995           -5.00405            
0.208661            15360               -0.158699           -3.58875            0.273065            4.07954             -0.588094           -4.80884            
0.212139            15616               -0.196208           -3.32011            0.249194            3.88334             -0.611574           -4.53637            
0.215617            15872               -0.166818           -3.50339            0.26562             4.06007             -0.607146           -4.80027            
0.219094            16128               -0.122102           -3.64289            0.280483            4.05119             -0.552052           -4.81425            
0.222572            16384               -0.126509           -3.72247            0.295802            4.16809             -0.575157           -4.90767            
0.22605             16640               -0.12233            -3.86795            0.309983            4.31699             -0.591957           -5.11249            
0.229527            16896               -0.159271           -3.79519            0.299959            4.33539             -0.632733           -5.06677            
0.233005            17152               -0.149179           -3.81223            0.296784            4.35517             -0.620615           -5.10754            
0.236483            17408               -0.149901           -3.78511            0.290184            4.29483             -0.605594           -5.0289             
0.23996             17664               -0.120996           -3.7477             0.290526            4.26568             -0.569213           -4.95763            
0.243438            17920               -0.168419           -3.56069            0.247254            4.08678             -0.561782           -4.73857            
0.246916            18176               -0.158441           -3.64086            0.27784             4.11453             -0.592829           -4.88497            
0.250393            18432               -0.107213           -3.86168            0.2794              4.30804             -0.522039           -5.07877            
0.253871            18688               -0.162167           -4.15913            0.359296            4.65753             -0.717613           -5.51264            
0.257349            18944               -0.11761            -4.00682            0.321755            4.51381             -0.611024           -5.2665             
0.260826            19200               -0.180634           -3.71165            0.29853             4.3219              -0.669336           -5.0611             
0.264304            19456               -0.109398           -4.14261            0.326826            4.65301             -0.606099           -5.46332            
0.267782            19712               -0.146327           -4.19944            0.328954            4.7681              -0.650688           -5.58938            
0.27126             19968               -0.150123           -3.82596            0.27923             4.43223             -0.601777           -5.13212            
0.274737            20224               -0.163029           -3.72878            0.27084             4.3204              -0.596411           -4.98167            
0.278215            20480               -0.084448           -4.35388            0.324127            4.87095             -0.569389           -5.66609            
0.281693            20736               -0.106712           -4.26294            0.322809            4.86813             -0.607891           -5.6267             
0.28517             20992               -0.131578           -3.8093             0.27404             4.48666             -0.570082           -5.08679            
0.288648            21248               -0.148156           -3.84576            0.27226             4.41336             -0.576814           -5.14567            
0.292126            21504               -0.118905           -4.01923            0.284925            4.59034             -0.550738           -5.29485            
0.295603            21760               -0.104266           -3.84251            0.276475            4.41007             -0.543397           -5.1025             
0.299081            22016               -0.141506           -3.60714            0.235342            4.22269             -0.518877           -4.80476            
0.302559            22272               -0.102343           -3.92195            0.258955            4.46455             -0.498459           -5.16202            
0.306036            22528               -0.0997172          -4.18204            0.312104            4.74601             -0.587269           -5.52945            
0.309514            22784               -0.121742           -4.20503            0.313074            4.79276             -0.596538           -5.53564            
0.312992            23040               -0.0767054          -4.21793            0.271468            4.76561             -0.478836           -5.49995            
0.316469            23296               -0.114602           -4.33119            0.295024            5.01442             -0.582708           -5.69722            
0.319947            23552               -0.115347           -4.35607            0.310327            4.94115             -0.577274           -5.65585            
0.323425            23808               -0.107756           -4.43078            0.297047            5.06042             -0.570862           -5.84898            
0.326903            24064               -0.110835           -4.58662            0.333815            5.26761             -0.627709           -6.05893            
0.33038             24320               -0.100048           -4.62666            0.329475            5.31468             -0.606539           -6.0402             
0.333858            24576               -0.113561           -4.23805            0.290762            4.94845             -0.577772           -5.66176            
0.337336            24832               -0.120036           -4.2524             0.312926            4.92877             -0.615001           -5.64671            
0.340813            25088               -0.102041           -4.47298            0.319121            5.1236              -0.591022           -5.87432            
0.344291            25344               -0.106613           -4.63299            0.356356            5.2332              -0.64299            -6.04839            
0.347769            25600               -0.0987842          -4.48967            0.331174            5.14834             -0.60694            -5.93452            
0.351246            25856               -0.105972           -4.56946            0.36625             5.18062             -0.665395           -6.01427            
0.354724            26112               -0.0923704          -4.32995            0.305426            4.93132             -0.547141           -5.6267             
0.358202            26368               -0.130656           -3.86629            0.269906            4.50614             -0.556516           -5.14011            
0.361679            26624               -0.136074           -3.62402            0.239101            4.1909              -0.505917           -4.80128            
0.365157            26880               -0.110653           -4.00637            0.311365            4.55222             -0.594849           -5.38288            
0.368635            27136               -0.127122           -3.99016            0.310503            4.47841             -0.588095           -5.20431            
0.372112            27392               -0.135668           -3.78595            0.282941            4.38143             -0.586666           -5.10863            
0.37559             27648               -0.143721           -3.52557            0.257225            4.05003             -0.546445           -4.70134            
0.379068            27904               -0.10277            -3.65183            0.263495            4.18229             -0.516703           -4.88393            
0.382546            28160               -0.131146           -3.55756            0.281461            4.00855             -0.555093           -4.68937            
0.386023            28416               -0.133156           -3.55319            0.267412            4.02257             -0.542857           -4.7199             
0.389501            28672               -0.12921            -3.42584            0.249515            3.89368             -0.515367           -4.60267            
0.392979            28928               -0.0943793          -3.3363             0.22057             3.83476             -0.436901           -4.42166            
0.396456            29184               -0.132584           -3.43012            0.217252            4.00748             -0.484747           -4.60091            
0.399934            29440               -0.161897           -3.85485            0.304744            4.44684             -0.646975           -5.20851            
0.403412            29696               -0.120392           -4.13206            0.291045            4.68332             -0.554561           -5.43102            
0.406889            29952               -0.0946092          -4.05808            0.261697            4.61911             -0.506912           -5.35347            
0.410367            30208               -0.116148           -4.28835            0.317374            4.89486             -0.603377           -5.62837            
0.413845            30464               -0.0833655          -4.18508            0.269555            4.88576             -0.509195           -5.50596            
0.417322            30720               -0.130897           -4.15188            0.262632            4.84105             -0.552883           -5.54971            
0.4208              30976               -0.147566           -4.45291            0.327278            5.11027             -0.659604           -5.92835            
0.424278            31232               -0.102283           -4.63654            0.359029            5.28173             -0.653915           -6.09992            
0.427755            31488               -0.118303           -4.1883             0.291549            4.89722             -0.577188           -5.53836            
0.431233            31744               -0.132586           -4.22898            0.317909            4.83921             -0.630835           -5.66659            
0.434711            32000               -0.116791           -4.55124            0.352208            5.10506             -0.628517           -5.8988             
0.438188            32256               -0.127872           -4.28098            0.315997            4.91644             -0.618291           -5.68025            
0.441666            32512               -0.145525           -3.87134            0.259739            4.4557              -0.551789           -5.12771            
0.445144            32768               -0.109724           -4.23586            0.307937            4.88831             -0.599782           -5.66024            
0.448622            33024               -0.141341           -4.02291            0.271222            4.63569             -0.564962           -5.35451            
0.452099            33280               -0.124117           -4.33275            0.33063             4.85296             -0.615916           -5.67218            
0.455577            33536               -0.100117           -4.21956            0.306484            4.76456             -0.551848           -5.4786             
0.459055            33792               -0.117356           -3.78139            0.231148            4.40188             -0.477149           -5.00077            
0.462532            34048               -0.120245           -4.09729            0.283579            4.69506             -0.564568           -5.43183            
0.46601             34304               -0.106172           -4.61433            0.362698            5.20796             -0.660464           -6.06801            
0.469488            34560               -0.10636            -4.30998            0.315447            4.90272             -0.581701           -5.62674            
0.472965            34816               -0.13226            -3.82142            0.268048            4.44887             -0.559019           -5.10461            
0.476443            35072               -0.140158           -3.88052            0.254656            4.59112             -0.569399           -5.29165            
0.479921            35328               -0.142397           -4.1238             0.276627            4.82773             -0.580349           -5.49902            
0.483398            35584               -0.121294           -4.42269            0.335665            5.10015             -0.649114           -5.90814            
0.486876            35840               -0.105186           -4.49154            0.346254            4.97974             -0.606295           -5.80429            
0.490354            36096               -0.0846326          -4.5542             0.336464            5.20316             -0.595937           -5.9715             
0.493831            36352               -0.108407           -4.25018            0.312171            4.87886             -0.594716           -5.63518            
0.497309            36608               -0.143692           -4.29079            0.318896            4.91677             -0.637485           -5.6843             
0.500787            36864               -0.117182           -4.51771            0.323497            5.14577             -0.604411           -5.92959            
0.504265            37120               -0.102609           -4.25126            0.281028            4.91053             -0.536779           -5.5802             
0.507742            37376               -0.16051            -4.36116            0.333445            5.07648             -0.698195           -5.91157            
0.51122             37632               -0.15587            -4.22775            0.289301            4.93125             -0.613056           -5.6775             
0.514698            37888               -0.112387           -4.37686            0.31244             5.03806             -0.58866            -5.72427            
0.518175            38144               -0.124235           -4.32309            0.314736            4.90242             -0.581935           -5.65189            
0.521653            38400               -0.141952           -4.20544            0.289246            4.87737             -0.594356           -5.59409            
0.525131            38656               -0.146406           -4.2549             0.306769            4.88793             -0.630129           -5.73238            
0.528608            38912               -0.122878           -4.4834             0.348011            5.08993             -0.64622            -5.83837            
0.532086            39168               -0.157603           -3.83616            0.254643            4.48908             -0.551574           -5.12217            
0.535564            39424               -0.135322           -4.05555            0.290483            4.6797              -0.588062           -5.39062            
0.539041            39680               -0.118929           -4.3947             0.344155            4.98123             -0.644338           -5.81228            
0.542519            39936               -0.114131           -4.34683            0.323589            4.90744             -0.603516           -5.73573            
0.545997            40192               -0.109691           -4.22616            0.313832            4.78579             -0.578005           -5.53145            
0.549474            40448               -0.111986           -4.07168            0.282531            4.62685             -0.54052            -5.35579            
0.552952            40704               -0.155092           -3.95078            0.269934            4.67931             -0.604813           -5.3615             
0.55643             40960               -0.120739           -4.22399            0.286658            4.83845             -0.558762           -5.54118            
0.559907            41216               -0.108891           -4.44631            0.317116            5.10226             -0.595685           -5.83165            
0.563385            41472               -0.124699           -4.25065            0.311268            4.92243             -0.611664           -5.65637            
0.566863            41728               -0.114585           -4.46235            0.331468            5.12938             -0.632964           -5.9344             
0.570341            41984               -0.0793248          -4.4299             0.31224             5.03607             -0.548486           -5.74147            
0.573818            42240               -0.104179           -3.97903            0.257759            4.65293             -0.510611           -5.26287            
0.577296            42496               -0.1554             -3.94367            0.266932            4.51037             -0.576249           -5.28401            
0.580774            42752               -0.100174           -4.91364            0.362705            5.44431             -0.632867           -6.41035            
0.584251            43008               -0.0808655          -4.84902            0.364479            5.48873             -0.628356           -6.34496            
0.587729            43264               -0.129374           -3.99431            0.251778            4.7408              -0.537476           -5.27716            
0.591207            43520               -0.14668            -3.81588            0.234421            4.55433             -0.537104           -5.13661            
0.594684            43776               -0.122693           -4.46372            0.317361            5.08851             -0.602398           -5.87455            
0.598162            44032               -0.0990288          -4.6359             0.302693            5.30858             -0.552915           -6.05301            
0.60164             44288               -0.149666           -4.44285            0.309755            5.16205             -0.639742           -5.90731            
0.605117            44544               -0.141756           -4.59057            0.340987            5.25388             -0.671909           -6.11145            
0.608595            44800               -0.109011           -4.81505            0.366964            5.47635             -0.66465            -6.30065            
0.612073            45056               -0.141834           -4.59639            0.337461            5.24979             -0.654636           -6.08299            
0.61555             45312               -0.1158             -4.75626            0.355825            5.40136             -0.65686            -6.26547            
0.619028            45568               -0.101794           -4.51332            0.330273            5.12363             -0.596763           -5.87811            
0.622506            45824               -0.119034           -4.02399            0.251607            4.7059              -0.516444           -5.34969            
0.625984            46080               -0.129778           -3.84763            0.270277            4.52373             -0.561743           -5.16189            
0.629461            46336               -0.161709           -3.97192            0.286528            4.56294             -0.610693           -5.32114            
0.632939            46592               -0.134047           -4.0729             0.283669            4.63331             -0.566034           -5.3668             
0.636417            46848               -0.179775           -3.6203             0.250083            4.23393             -0.587301           -4.92151            
0.639894            47104               -0.132627           -3.73595            0.245988            4.27672             -0.50845            -4.92238            
0.643372            47360               -0.103049           -3.9745             0.278776            4.5548              -0.541592           -5.25816            
0.64685             47616               -0.129267           -3.80168            0.264237            4.38735             -0.550765           -5.06435            
0.650327            47872               -0.117297           -3.85937            0.250423            4.39484             -0.493499           -5.07753            
0.653805            48128               -0.122608           -3.93974            0.233835            4.55125             -0.497602           -5.24453            
0.657283            48384               -0.123155           -4.22954            0.274628            4.93414             -0.575826           -5.65716            
0.66076             48640               -0.130366           -4.40889            0.305743            5.07266             -0.614776           -5.85501            
0.664238            48896               -0.0982005          -4.60529            0.319942            5.27555             -0.592515           -6.01774            
0.667716            49152               -0.0843791          -4.45399            0.27234             5.20917             -0.519844           -5.89065            
0.671193            49408               -0.137674           -4.3739             0.276335            5.17038             -0.588481           -5.81368            
0.674671            49664               -0.0496604          -4.86644            0.330714            5.48929             -0.542638           -6.27508            
0.678149            49920               -0.0407837          -5.20524            0.384292            5.8914              -0.623056           -6.77956            
0.681626            50176               -0.126221           -4.84166            0.382401            5.52185             -0.711813           -6.32725            
0.685104            50432               -0.0956264          -4.58406            0.313149            5.24848             -0.569656           -6.0179             
0.688582            50688               -0.131823           -4.46059            0.30858             5.11938             -0.598525           -5.87328            
0.69206             50944               -0.149245           -4.12619            0.295115            4.85532             -0.624934           -5.53104            
0.695537            51200               -0.124499           -3.76557            0.207234            4.38303             -0.450931           -4.98107            
0.699015            51456               -0.0904246          -4.48223            0.337507            5.00795             -0.582576           -5.76759            
0.702493            51712               -0.0569397          -4.43379            0.326099            4.96431             -0.535957           -5.7836             
0.70597             51968               -0.120517           -3.87325            0.276772            4.48952             -0.555977           -5.16271            
0.709448            52224               -0.130527           -3.67127            0.236262            4.27406             -0.504272           -4.9108             
0.712926            52480               -0.0828241          -3.86262            0.234572            4.46989             -0.43801            -5.06258            
0.716403            52736               -0.11646            -3.55689            0.237084            4.12672             -0.498083           -4.7426             
0.719881            52992               -0.13498            -3.38415            0.210277            4.01378             -0.484876           -4.57297            
0.723359            53248               -0.0997852          -4.14225            0.294285            4.72937             -0.548712           -5.45711            
0.726836            53504               -0.0641342          -4.28473            0.300674            4.87837             -0.5173             -5.58986            
0.730314            53760               -0.0981581          -3.8671             0.246777            4.44534             -0.484417           -5.10101            
0.733792            54016               -0.103432           -3.93312            0.249263            4.61662             -0.503024           -5.25067            
0.73727             54272               -0.0857562          -4.2444             0.295072            4.85167             -0.529377           -5.54854            
0.740747            54528               -0.0855942          -4.23814            0.29032             4.90515             -0.532223           -5.53156            
0.744225            54784               -0.0871148          -4.08345            0.254815            4.7769              -0.492704           -5.40362            
0.747703            55040               -0.0467002          -4.49646            0.3211              5.07016             -0.534577           -5.84757            
0.75118             55296               -0.0870984          -4.3225             0.286119            4.92413             -0.519644           -5.66125            
0.754658            55552               -0.119805           -4.15191            0.285571            4.85362             -0.571752           -5.53806            
0.758136            55808               -0.0933712          -4.12083            0.256153            4.76218             -0.484512           -5.37838            
0.761613            56064               -0.133892           -4.17568            0.28692             4.82674             -0.576146           -5.52234            
0.765091            56320               -0.0864867          -4.43496            0.31235             5.0788              -0.563329           -5.85609            
0.768569            56576               -0.0961939          -4.65358            0.355193            5.25397             -0.627518           -6.09656            
0.772046            56832               -0.0872632          -4.67778            0.33959             5.29336             -0.607263           -6.12206            
0.775524            57088               -0.0957702          -4.41448            0.302642            5.11435             -0.560264           -5.81479            
0.779002            57344               -0.109547           -4.3673             0.305168            4.95461             -0.564707           -5.68679            
0.782479            57600               -0.116219           -4.40149            0.335854            5.07936             -0.644009           -5.86792            
0.785957            57856               -0.148827           -3.90503            0.26144             4.57631             -0.563432           -5.22165            
0.789435            58112               -0.105187           -4.14298            0.27705             4.75743             -0.524535           -5.43195            
0.792912            58368               -0.092894           -4.12652            0.286678            4.70892             -0.539614           -5.45469            
0.79639             58624               -0.137966           -3.89829            0.259391            4.51669             -0.547613           -5.19669            
0.799868            58880               -0.123139           -4.08205            0.28063             4.62972             -0.556778           -5.44844            
0.803346            59136               -0.115769           -4.38636            0.329347            4.99267             -0.607024           -5.74556            
0.806823            59392               -0.125933           -4.13874            0.279998            4.85981             -0.574735           -5.51337            
0.810301            59648               -0.112122           -3.92579            0.246954            4.60857             -0.514661           -5.25531            
0.813779            59904               -0.111624           -4.42319            0.331579            5.05679             -0.627736           -5.85848            
0.817256            60160               -0.0983756          -4.27831            0.291778            4.90054             -0.542014           -5.62688            
0.820734            60416               -0.123628           -4.35856            0.3165              5.05909             -0.625552           -5.8186             
0.824212            60672               -0.106809           -4.23492            0.296701            4.87154             -0.553558           -5.5099             
0.827689            60928               -0.0638893          -4.22182            0.279809            4.85457             -0.49717            -5.54858            
0.831167            61184               -0.135812           -3.84305            0.243582            4.51038             -0.524284           -5.10899            
0.834645            61440               -0.0928821          -4.10223            0.2672              4.76922             -0.517621           -5.43336            
0.838122            61696               -0.0747954          -4.24442            0.308219            4.74116             -0.51529            -5.48098            
0.8416              61952               -0.0580816          -4.5009             0.326975            5.13528             -0.55549            -5.92338            
0.845078            62208               -0.105014           -4.30051            0.312605            4.86819             -0.562756           -5.57314            
0.848555            62464               -0.0869629          -4.30172            0.277274            4.90229             -0.509235           -5.67637            
0.852033            62720               -0.141528           -4.08049            0.275764            4.83841             -0.59281            -5.43659            
0.855511            62976               -0.100828           -4.1778             0.289884            4.84478             -0.551538           -5.54438            
0.858989            63232               -0.0889523          -4.50303            0.311995            5.15443             -0.564115           -5.9215             
0.862466            63488               -0.0814517          -4.56789            0.337394            5.19921             -0.593609           -5.9427             
0.865944            63744               -0.121274           -4.29778            0.306938            4.88526             -0.579974           -5.63809            
0.869422            64000               -0.0876365          -4.55615            0.33873             5.26333             -0.617849           -6.02863            
0.872899            64256               -0.117786           -4.32994            0.310438            5.02674             -0.605276           -5.74351            
0.876377            64512               -0.0782021          -4.4012             0.324405            5.03086             -0.577774           -5.8182             
0.879855            64768               -0.109889           -4.2267             0.304055            4.84769             -0.573997           -5.59413            
0.883332            65024               -0.134136           -3.98012            0.287038            4.61229             -0.580594           -5.285              
0.88681             65280               -0.0977326          -3.84915            0.259269            4.43262             -0.489515           -5.03809            
0.890288            65536               -0.10008            -3.90258            0.280455            4.5101              -0.543211           -5.24878            
0.893765            65792               -0.0900837          -4.06445            0.285907            4.63271             -0.516807           -5.29948            
0.897243            66048               -0.102502           -4.04348            0.295871            4.60424             -0.549374           -5.34127            
0.900721            66304               -0.0798207          -4.0979             0.292126            4.63462             -0.517169           -5.31499            
0.904198            66560               -0.101005           -3.69735            0.222585            4.32709             -0.450571           -4.90701            
0.907676            66816               -0.106329           -3.69296            0.207324            4.42342             -0.456051           -4.9981             
0.911154            67072               -0.101239           -4.275              0.315982            4.89801             -0.589342           -5.59755            
0.914631            67328               -0.0529701          -4.3843             0.307488            5.0331              -0.527187           -5.76971            
0.918109            67584               -0.111747           -4.26995            0.304146            4.8779              -0.576902           -5.62321            
0.921587            67840               -0.0843523          -4.56078            0.329097            5.25037             -0.592222           -5.98777            
0.925065            68096               -0.0719428          -4.6963             0.354347            5.32986             -0.601328           -6.12474            
0.928542            68352               -0.0711935          -4.2709             0.27185             4.95433             -0.49595            -5.64758            
0.93202             68608               -0.1083             -4.25432            0.297066            4.90207             -0.567416           -5.60485            
0.935498            68864               -0.0796643          -4.51373            0.327145            5.13042             -0.569753           -5.90688            
0.938975            69120               -0.116509           -4.40044            0.330178            5.05194             -0.623143           -5.8261             
0.942453            69376               -0.051745           -4.52497            0.315293            5.10883             -0.51503            -5.8498             
0.945931            69632               -0.0778092          -4.44948            0.313078            5.13108             -0.563362           -5.83411            
0.949408            69888               -0.0827105          -4.13337            0.28854             4.78323             -0.523864           -5.4157             
0.952886            70144               -0.0959232          -3.96992            0.270983            4.60685             -0.515942           -5.27613            
0.956364            70400               -0.112601           -3.93761            0.267238            4.48661             -0.507581           -5.16038            
0.959841            70656               -0.0832117          -3.97037            0.228173            4.64568             -0.450879           -5.2676             
0.963319            70912               -0.0823816          -4.25136            0.321125            4.86283             -0.572079           -5.61074            
0.966797            71168               -0.0664346          -4.46949            0.349353            5.02786             -0.591403           -5.79646            
0.970275            71424               -0.12966            -3.8382             0.279726            4.42618             -0.555137           -5.08155            
0.973752            71680               -0.113186           -3.55083            0.228313            4.22448             -0.473208           -4.74783            
0.97723             71936               -0.0726119          -4.24079            0.316191            4.77515             -0.546069           -5.57203            
0.980708            72192               -0.0379317          -4.53029            0.356505            5.0952              -0.557696           -5.85588            
0.984185            72448               -0.0898698          -3.67915            0.228987            4.32804             -0.455771           -4.86208            
0.987663            72704               -0.0981538          -3.77352            0.252051            4.44126             -0.507542           -5.08901            
0.991141            72960               -0.0861969          -4.14401            0.284294            4.79346             -0.534474           -5.51038            
0.994618            73216               -0.0739181          -4.3729             0.329636            4.98337             -0.569273           -5.71472            
0.998096            73472               -0.0352333          -4.21219            0.28316             4.83842             -0.461093           -5.48627            
1.00157             73728               -0.0642101          -4.35323            0.314889            5.04637             -0.559389           -5.75276            
1.00505             73984               -0.0959873          -4.33882            0.29761             4.99366             -0.553103           -5.69486            
1.00853             74240               -0.0633035          -4.45436            0.305691            5.08406             -0.517217           -5.79013            
1.01201             74496               -0.08744            -4.44559            0.315068            5.14159             -0.578058           -5.86455            
1.01548             74752               -0.0855037          -4.43448            0.304885            5.11762             -0.558866           -5.81744            
1.01896             75008               -0.0803893          -4.50607            0.338781            5.15205             -0.6003             -5.95161            
1.02244             75264               -0.0624729          -4.56768            0.342205            5.18047             -0.569578           -5.89516            
1.02592             75520               -0.0662244          -4.4653             0.339133            5.03184             -0.569674           -5.78884            
1.0294              75776               -0.0649541          -4.27587            0.292405            4.86383             -0.494055           -5.55562            
1.03287             76032               -0.113417           -3.98497            0.274028            4.63739             -0.549479           -5.30677            
1.03635             76288               -0.107535           -3.99769            0.290915            4.64892             -0.577531           -5.3701             
1.03983             76544               -0.10697            -3.84851            0.245052            4.43474             -0.483457           -5.06098            
1.04331             76800               -0.0947205          -4.42326            0.335398            5.044               -0.613727           -5.86459            
1.04678             77056               -0.101195           -4.03129            0.287412            4.61849             -0.523175           -5.20967            
1.05026             77312               -0.0988143          -3.67911            0.232321            4.37375             -0.485291           -4.98913            
1.05374             77568               -0.117973           -3.57684            0.224729            4.2817              -0.493781           -4.81216            
1.05722             77824               -0.0943859          -4.31667            0.33235             4.89033             -0.607396           -5.74765            
1.06069             78080               -0.0550095          -4.58586            0.322233            5.16103             -0.517946           -5.8601             
1.06417             78336               -0.0963864          -4.25669            0.288335            4.96373             -0.553601           -5.66339            
1.06765             78592               -0.0750157          -4.41975            0.296392            5.04207             -0.535316           -5.81721            
1.07113             78848               -0.0474964          -4.81048            0.346725            5.42352             -0.557591           -6.17247            
1.07461             79104               -0.0915674          -4.48288            0.327439            5.13116             -0.585687           -5.85863            
1.07808             79360               -0.113331           -4.06654            0.261205            4.79446             -0.530717           -5.39548            
1.08156             79616               -0.0801832          -4.43783            0.293064            5.06194             -0.529323           -5.83974            
1.08504             79872               -0.10792            -4.82424            0.375599            5.44673             -0.669296           -6.25919            
1.08852             80128               -0.0807646          -4.6793             0.335803            5.32805             -0.584252           -6.1305             
1.09199             80384               -0.114413           -4.41101            0.323354            5.12657             -0.62714            -5.88349            
1.09547             80640               -0.100259           -4.40117            0.314717            5.07618             -0.591235           -5.81396            
1.09895             80896               -0.120103           -4.31579            0.316182            4.98723             -0.607301           -5.68257            
1.10243             81152               -0.0916298          -4.02473            0.270488            4.62851             -0.508285           -5.31522            
1.1059              81408               -0.119569           -3.91809            0.253238            4.57668             -0.524143           -5.21171            
1.10938             81664               -0.0640184          -4.39001            0.326581            4.99205             -0.561746           -5.76984            
1.11286             81920               -0.10488            -4.11452            0.289856            4.75025             -0.547124           -5.42833            
1.11634             82176               -0.126205           -3.91484            0.263955            4.50799             -0.534578           -5.19765            
1.11981             82432               -0.06676            -4.05787            0.271523            4.67689             -0.484902           -5.3342             
1.12329             82688               -0.0990959          -4.29463            0.318187            4.87062             -0.576703           -5.58614            
1.12677             82944               -0.102456           -4.38752            0.324391            4.98011             -0.594589           -5.76907            
1.13025             83200               -0.103548           -4.23911            0.291387            4.86332             -0.543931           -5.5773             
1.13373             83456               -0.107238           -4.36963            0.319055            5.00487             -0.600605           -5.79686            
1.1372              83712               -0.102984           -4.34923            0.320022            4.97243             -0.594288           -5.70822            
1.14068             83968               -0.110123           -4.20643            0.290009            4.8205              -0.546774           -5.5078             
1.14416             84224               -0.139114           -4.29325            0.309472            4.95406             -0.619466           -5.71873            
1.14764             84480               -0.120486           -4.26523            0.301878            4.87121             -0.579071           -5.66342            
1.15111             84736               -0.102286           -4.53357            0.334808            5.21643             -0.622796           -5.98505            
1.15459             84992               -0.0841644          -4.45308            0.306617            5.10071             -0.54585            -5.83111            
1.15807             85248               -0.0973827          -4.43279            0.315873            5.08476             -0.578897           -5.81618            
1.16155             85504               -0.130708           -4.28561            0.307787            4.98706             -0.61219            -5.70982            
1.16502             85760               -0.0908552          -4.52911            0.320628            5.20487             -0.583771           -5.97157            
1.1685              86016               -0.0869495          -4.61221            0.32866             5.22135             -0.578919           -6.008              
1.17198             86272               -0.113077           -4.4784             0.319153            5.12552             -0.592563           -5.86216            
1.17546             86528               -0.0986502          -4.56975            0.322057            5.21355             -0.588669           -5.9939             
1.17894             86784               -0.135519           -4.64263            0.34544             5.31292             -0.65761            -6.12146            
1.18241             87040               -0.0839395          -4.65089            0.338433            5.32125             -0.593494           -6.06896            
1.18589             87296               -0.120771           -4.68735            0.339776            5.30328             -0.625936           -6.10925            
1.18937             87552               -0.13214            -4.57498            0.341401            5.30804             -0.67028            -6.1362             
1.19285             87808               -0.13896            -4.08419            0.257988            4.77525             -0.540477           -5.39112            
1.19632             88064               -0.0837748          -4.10995            0.260958            4.81228             -0.492998           -5.42783            
1.1998              88320               -0.122362           -4.19193            0.324001            4.7907              -0.612545           -5.50395            
1.20328             88576               -0.140066           -4.03743            0.271644            4.64367             -0.552649           -5.37005            
1.20676             88832               -0.139204           -4.67712            0.387179            5.21406             -0.708872           -6.10943            
1.21023             89088               -0.0591379          -4.59886            0.339341            5.17011             -0.556046           -5.95489            
1.21371             89344               -0.11032            -4.14318            0.29034             4.86287             -0.57491            -5.52977            
1.21719             89600               -0.12792            -4.05435            0.285806            4.68374             -0.571842           -5.35599            
1.22067             89856               -0.119354           -4.39174            0.330236            5.00645             -0.612067           -5.75214            
1.22415             90112               -0.170407           -3.81321            0.256179            4.46439             -0.575427           -5.10065            
1.22762             90368               -0.141218           -3.50814            0.218438            4.17222             -0.507897           -4.78583            
1.2311              90624               -0.106665           -4.22703            0.323414            4.78314             -0.594906           -5.57243            
1.23458             90880               -0.0893573          -4.65249            0.352911            5.15305             -0.599021           -6.01269            
1.23806             91136               -0.0900715          -4.43442            0.32782             5.03508             -0.585526           -5.82018            
1.24153             91392               -0.157219           -3.78841            0.274817            4.4147              -0.590186           -5.04854            
1.24501             91648               -0.119588           -3.88856            0.271271            4.51765             -0.557248           -5.24216            
1.24849             91904               -0.153822           -4.22731            0.335858            4.85088             -0.670712           -5.63666            
1.25197             92160               -0.0993345          -4.37202            0.312116            4.97936             -0.554872           -5.69323            
1.25544             92416               -0.0810998          -4.27917            0.30135             4.95477             -0.550154           -5.63528            
1.25892             92672               -0.148964           -3.77754            0.260129            4.43347             -0.573081           -5.07457            
1.2624              92928               -0.090961           -4.1064             0.258431            4.8642              -0.504277           -5.43833            
1.26588             93184               -0.113956           -4.23916            0.332027            4.76528             -0.61472            -5.58078            
1.26936             93440               -0.078008           -4.52775            0.335904            5.11953             -0.578019           -5.90357            
1.27283             93696               -0.126451           -4.34822            0.31694             4.94387             -0.610546           -5.75827            
1.27631             93952               -0.0975254          -4.23187            0.281229            4.94632             -0.531993           -5.55261            
1.27979             94208               -0.107677           -4.2222             0.299734            4.91137             -0.582042           -5.62244            
1.28327             94464               -0.0914793          -4.45817            0.305054            5.0193              -0.533858           -5.7457             
1.28674             94720               -0.0905626          -4.51914            0.323349            5.10538             -0.569118           -5.88773            
1.29022             94976               -0.144453           -4.32855            0.338499            5.02555             -0.683725           -5.82972            
1.2937              95232               -0.120309           -4.349              0.310972            4.9561              -0.594381           -5.72097            
1.29718             95488               -0.0974758          -4.60126            0.342824            5.23949             -0.614084           -6.02183            
1.30065             95744               -0.0950469          -4.28264            0.3048              4.94037             -0.547539           -5.62207            
1.30413             96000               -0.141408           -4.1667             0.290896            4.87795             -0.603602           -5.56673            
1.30761             96256               -0.106992           -4.27944            0.310329            4.91179             -0.581909           -5.6738             
1.31109             96512               -0.103774           -4.37434            0.299641            5.00127             -0.542825           -5.70264            
1.31457             96768               -0.109305           -4.19596            0.277725            4.85864             -0.5352             -5.49017            
1.31804             97024               -0.126367           -4.29167            0.307388            5.00655             -0.617201           -5.78594            
1.32152             97280               -0.156753           -4.319              0.324665            4.99638             -0.658498           -5.75043            
1.325               97536               -0.124962           -4.25508            0.29138             4.88273             -0.582216           -5.65006            
1.32848             97792               -0.0750292          -4.25781            0.277392            4.96577             -0.50963            -5.61268            
1.33195             98048               -0.0788962          -4.68363            0.359409            5.3001              -0.610849           -6.09474            
1.33543             98304               -0.0779524          -4.63399            0.333322            5.24662             -0.572434           -6.04515            
1.33891             98560               -0.125084           -4.33781            0.298931            5.03747             -0.587369           -5.72055            
1.34239             98816               -0.129104           -4.39376            0.318394            5.05522             -0.623722           -5.79349            
1.34586             99072               -0.090671           -4.76069            0.356285            5.39728             -0.63542            -6.27775            
1.34934             99328               -0.0846109          -4.56895            0.320293            5.17811             -0.558748           -5.94693            
1.35282             99584               -0.145226           -4.01572            0.250052            4.74163             -0.54737            -5.36417            
1.3563              99840               -0.0970374          -4.38692            0.316441            5.06668             -0.59331            -5.79539            
1.35978             100096              -0.104378           -4.5044             0.328522            5.15483             -0.601179           -5.90682            
1.36325             100352              -0.07926            -4.38691            0.302216            5.04259             -0.536268           -5.74869            
1.36673             100608              -0.085894           -4.38063            0.315356            5.06893             -0.584378           -5.80907            
1.37021             100864              -0.0948534          -4.51616            0.328578            5.17999             -0.60017            -5.96132            
1.37369             101120              -0.0663119          -4.55079            0.320827            5.16111             -0.535209           -5.92011            
1.37716             101376              -0.0941238          -4.40736            0.293314            5.03679             -0.533478           -5.73549            
1.38064             101632              -0.100495           -4.5986             0.334479            5.31389             -0.621795           -6.07715            
1.38412             101888              -0.131832           -4.35212            0.326731            4.98002             -0.625534           -5.7386             
1.3876              102144              -0.122385           -4.18258            0.283612            4.82817             -0.551369           -5.48626            
1.39107             102400              -0.0845087          -4.43357            0.311139            5.11801             -0.569942           -5.88217            
1.39455             102656              -0.101273           -4.46526            0.33892             5.0526              -0.609388           -5.83434            
1.39803             102912              -0.0954395          -4.2233             0.312148            4.85366             -0.577497           -5.57771            
1.40151             103168              -0.0986016          -3.95469            0.285396            4.49868             -0.530429           -5.1842             
1.40499             103424              -0.10016            -4.09192            0.322664            4.62842             -0.590949           -5.39133            
1.40846             103680              -0.0839562          -4.06179            0.311709            4.66998             -0.567579           -5.38995            
1.41194             103936              -0.126305           -3.86161            0.286242            4.38723             -0.552733           -5.02592            
1.41542             104192              -0.104291           -3.94467            0.302745            4.50739             -0.573658           -5.25881            
1.4189              104448              -0.097389           -3.98506            0.297467            4.54864             -0.548523           -5.22526            
1.42237             104704              -0.0982367          -3.86283            0.282769            4.44195             -0.532719           -5.11897            
1.42585             104960              -0.107444           -3.52475            0.226997            4.10706             -0.462801           -4.68799            
1.42933             105216              -0.167914           -3.44847            0.229154            4.05015             -0.54376            -4.67433            
1.43281             105472              -0.11512            -3.99749            0.309421            4.61629             -0.608114           -5.34844            
1.43628             105728              -0.128522           -3.9616             0.301697            4.50084             -0.577996           -5.22229            
1.43976             105984              -0.10562            -3.96427            0.26298             4.53981             -0.506306           -5.24948            
1.44324             106240              -0.0764507          -4.13307            0.302299            4.72439             -0.539194           -5.43056            
1.44672             106496              -0.0961744          -4.19399            0.334903            4.74005             -0.600755           -5.47684            
1.4502              106752              -0.117823           -4.21367            0.308525            4.77506             -0.58278            -5.55306            
1.45367             107008              -0.125891           -4.11227            0.317435            4.757               -0.629376           -5.47488            
1.45715             107264              -0.0905997          -3.85562            0.25499             4.39737             -0.467655           -5.03626            
1.46063             107520              -0.127794           -3.96487            0.295894            4.59081             -0.601585           -5.29029            
1.46411             107776              -0.0926016          -4.07087            0.304021            4.67598             -0.551407           -5.32792            
1.46758             108032              -0.0728821          -3.8652             0.266138            4.46123             -0.482496           -5.10071            
1.47106             108288              -0.0986273          -3.89185            0.269717            4.46687             -0.517211           -5.16726            
1.47454             108544              -0.0990362          -4.37417            0.324464            4.94257             -0.578891           -5.75752            
1.47802             108800              -0.119857           -4.29919            0.301322            4.9105              -0.567802           -5.60147            
1.48149             109056              -0.0790526          -4.55567            0.312535            5.18676             -0.546663           -5.93804            
1.48497             109312              -0.060979           -4.9715             0.353009            5.6346              -0.598129           -6.4757             
1.48845             109568              -0.138206           -4.49588            0.322419            5.22377             -0.641662           -5.93477            
1.49193             109824              -0.0837078          -4.33715            0.282774            5.03412             -0.518283           -5.70922            
1.49541             110080              -0.108059           -4.478              0.303293            5.18091             -0.575766           -5.91044            
1.49888             110336              -0.119334           -4.70499            0.361517            5.32993             -0.664732           -6.15298            
1.50236             110592              -0.0747461          -4.55565            0.334898            5.14872             -0.576268           -5.94677            
1.50584             110848              -0.115735           -4.17775            0.312315            4.75845             -0.584153           -5.47047            
1.50932             111104              -0.116677           -4.11376            0.303294            4.69712             -0.57768            -5.45792            
1.51279             111360              -0.113159           -4.14311            0.320235            4.69985             -0.596812           -5.46174            
1.51627             111616              -0.117695           -3.88227            0.304712            4.4584              -0.586448           -5.17171            
1.51975             111872              -0.149241           -3.58534            0.267388            4.14888             -0.56295            -4.75747            
1.52323             112128              -0.101874           -3.63873            0.255123            4.13576             -0.494143           -4.85066            
1.5267              112384              -0.139              -3.5985             0.260433            4.15141             -0.550086           -4.81499            
1.53018             112640              -0.118246           -3.54397            0.233447            4.10497             -0.469307           -4.69326            
1.53366             112896              -0.10053            -4.18985            0.315181            4.66553             -0.563733           -5.47817            
1.53714             113152              -0.103221           -4.4846             0.344706            5.13593             -0.63867            -5.98056            
1.54062             113408              -0.121667           -4.06573            0.261513            4.75956             -0.532972           -5.38178            
1.54409             113664              -0.119133           -4.15496            0.290431            4.86916             -0.583168           -5.53323            
1.54757             113920              -0.0810049          -4.16703            0.285393            4.85429             -0.522186           -5.43423            
1.55105             114176              -0.062351           -4.2711             0.27986             4.92186             -0.492603           -5.59099            
1.55453             114432              -0.0567861          -4.62723            0.325662            5.2784              -0.541227           -5.96916            
1.558               114688              -0.090523           -4.64264            0.369301            5.22254             -0.646627           -6.10641            
1.56148             114944              -0.0838492          -4.62131            0.339312            5.26766             -0.598257           -6.07471            
1.56496             115200              -0.107949           -4.12753            0.288335            4.85066             -0.566187           -5.52189            
1.56844             115456              -0.105974           -4.28083            0.312321            4.87741             -0.575774           -5.5914             
1.57191             115712              -0.119694           -4.25334            0.289564            4.87366             -0.556657           -5.58398            
1.57539             115968              -0.103307           -4.35595            0.318553            4.99859             -0.597026           -5.73223            
1.57887             116224              -0.0820299          -4.38263            0.327116            4.91882             -0.567204           -5.72938            
1.58235             116480              -0.13313            -4.1908             0.328764            4.82096             -0.643279           -5.55497            
1.58582             116736              -0.127207           -4.10484            0.310785            4.71638             -0.630961           -5.55049            
1.5893              116992              -0.0802914          -4.24775            0.322472            4.8121              -0.565582           -5.54626            
1.59278             117248              -0.0955706          -4.22344            0.304489            4.83369             -0.564111           -5.5901             
1.59626             117504              -0.112362           -4.06587            0.28315             4.77245             -0.566438           -5.43293            
1.59974             117760              -0.101459           -4.00737            0.278847            4.56873             -0.533909           -5.28206            
1.60321             118016              -0.053674           -4.19429            0.300616            4.8013              -0.518308           -5.47901            
1.60669             118272              -0.100559           -4.13258            0.301129            4.71051             -0.557002           -5.44688            
1.61017             118528              -0.118773           -4.39116            0.34229             4.96705             -0.633491           -5.78984            
1.61365             118784              -0.0767418          -4.16092            0.300622            4.77956             -0.532798           -5.46934            
1.61712             119040              -0.106316           -3.76571            0.264246            4.28829             -0.510747           -4.95772            
1.6206              119296              -0.0807306          -4.02338            0.290712            4.6222              -0.533558           -5.33314            
1.62408             119552              -0.0867898          -3.94782            0.279799            4.55041             -0.516605           -5.20047            
1.62756             119808              -0.128486           -3.69387            0.262838            4.26479             -0.538281           -4.90831            
1.63103             120064              -0.0646387          -3.80505            0.246824            4.39811             -0.453027           -5.03401            
1.63451             120320              -0.0959743          -3.77273            0.257717            4.38019             -0.505079           -5.01224            
1.63799             120576              -0.111686           -3.94998            0.2986              4.59418             -0.591111           -5.31272            
1.64147             120832              -0.0848742          -4.03959            0.280414            4.6182              -0.508542           -5.30087            
1.64495             121088              -0.07402            -4.35562            0.33002             4.94335             -0.572354           -5.73146            
1.64842             121344              -0.0783627          -4.28204            0.291267            4.93411             -0.524244           -5.64687            
1.6519              121600              -0.0926643          -4.45543            0.303308            5.16987             -0.567608           -5.90317            
1.65538             121856              -0.0637027          -5.00396            0.377566            5.65447             -0.621576           -6.4966             
1.65886             122112              -0.110311           -4.75367            0.346525            5.53271             -0.654694           -6.31162            
1.66233             122368              -0.0816394          -5.01667            0.382937            5.68079             -0.652275           -6.49219            
1.66581             122624              -0.0796415          -4.82784            0.339401            5.50832             -0.583399           -6.28387            
1.66929             122880              -0.0815516          -4.5895             0.316571            5.3174              -0.575785           -6.02814            
1.67277             123136              -0.0997002          -4.64129            0.337359            5.37862             -0.627135           -6.1648             
1.67624             123392              -0.102224           -4.72738            0.36041             5.4288              -0.662336           -6.22535            
1.67972             123648              -0.100112           -4.48106            0.325139            5.16171             -0.600338           -5.9591             
1.6832              123904              -0.11174            -4.39794            0.326424            5.034               -0.603103           -5.78052            
1.68668             124160              -0.0750524          -4.19798            0.295798            4.84375             -0.533622           -5.52996            
1.69016             124416              -0.0919375          -3.86668            0.266495            4.43779             -0.488009           -5.00817            
1.69363             124672              -0.105243           -3.83053            0.258207            4.48388             -0.521303           -5.15022            
1.69711             124928              -0.118003           -4.18818            0.332769            4.78809             -0.634025           -5.57093            
1.70059             125184              -0.103132           -3.91093            0.26515             4.54469             -0.513842           -5.18945            
1.70407             125440              -0.12263            -4.15054            0.307863            4.76466             -0.607954           -5.54245            
1.70754             125696              -0.064667           -4.53941            0.353082            5.09995             -0.586691           -5.89807            
1.71102             125952              -0.120659           -4.3844             0.339399            4.95463             -0.637176           -5.79346            
1.7145              126208              -0.0826968          -4.40556            0.320722            5.02128             -0.560894           -5.73129            
1.71798             126464              -0.0496303          -4.41112            0.295242            5.00739             -0.484516           -5.72392            
1.72145             126720              -0.121938           -4.44493            0.324766            5.0944              -0.616963           -5.85706            
1.72493             126976              -0.0741488          -4.51363            0.314901            5.2336              -0.561619           -5.92263            
1.72841             127232              -0.0961446          -4.1648             0.288814            4.84102             -0.542489           -5.49349            
1.73189             127488              -0.102885           -4.27378            0.289779            4.96906             -0.576308           -5.74481            
1.73537             127744              -0.102018           -4.55238            0.339578            5.23754             -0.622696           -5.95269            
1.73884             128000              -0.0699887          -4.51409            0.324946            5.20234             -0.576498           -5.95652            
1.74232             128256              -0.0652054          -4.43971            0.310041            5.05396             -0.519627           -5.7707             
1.7458              128512              -0.0602272          -4.44133            0.285054            5.11356             -0.488744           -5.74554            
1.74928             128768              -0.122197           -4.21636            0.27649             5.00356             -0.579354           -5.67609            
1.75275             129024              -0.08954            -4.45421            0.319392            5.17799             -0.592769           -5.88945            
1.75623             129280              -0.0671825          -4.71702            0.323645            5.34641             -0.545056           -6.09585            
1.75971             129536              -0.0901231          -4.47689            0.301816            5.19135             -0.565241           -5.93103            
1.76319             129792              -0.101567           -4.18368            0.270302            4.87114             -0.534111           -5.54433            
1.76666             130048              -0.0930331          -4.72028            0.365637            5.34481             -0.648566           -6.16981            
1.77014             130304              -0.0801804          -4.58425            0.341801            5.18251             -0.586597           -5.9782             
1.77362             130560              -0.132046           -3.80111            0.250468            4.46939             -0.533533           -5.13663            
1.7771              130816              -0.0875803          -4.2039             0.281771            4.86201             -0.523513           -5.56272            
1.78058             131072              -0.0954373          -4.47397            0.349666            5.04393             -0.623982           -5.88466            
1.78405             131328              -0.103763           -4.17182            0.292367            4.74027             -0.532469           -5.43695            
1.78753             131584              -0.12397            -4.34739            0.317043            5.03545             -0.632654           -5.84701            
1.79101             131840              -0.097751           -4.4968             0.320146            5.06527             -0.567912           -5.86459            
1.79449             132096              -0.0546016          -4.85114            0.365856            5.44709             -0.593415           -6.29801            
1.79796             132352              -0.078172           -4.36611            0.283744            5.06057             -0.515379           -5.72286            
1.80144             132608              -0.116754           -4.02164            0.277451            4.74122             -0.561415           -5.3378             
1.80492             132864              -0.104331           -4.17418            0.270544            4.8836              -0.538413           -5.57477            
1.8084              133120              -0.0902134          -4.44759            0.341595            5.07683             -0.615937           -5.86052            
1.81187             133376              -0.0889667          -4.04398            0.266828            4.65553             -0.490141           -5.28128            
1.81535             133632              -0.0660638          -4.35083            0.302897            4.98829             -0.521493           -5.65581            
1.81883             133888              -0.0462591          -4.56807            0.327944            5.17127             -0.53873            -5.98473            
1.82231             134144              -0.12978            -4.27073            0.337468            4.829               -0.6309             -5.56603            
1.82579             134400              -0.0812422          -4.12805            0.283282            4.79931             -0.527973           -5.51727            
1.82926             134656              -0.0916605          -4.31031            0.319047            4.88249             -0.557287           -5.55619            
1.83274             134912              -0.0790028          -4.33203            0.31498             5.06044             -0.581735           -5.79085            
1.83622             135168              -0.105089           -4.19794            0.315003            4.83801             -0.5907             -5.52926            
1.8397              135424              -0.0886528          -4.13526            0.293622            4.71151             -0.528312           -5.38636            
1.84317             135680              -0.0870077          -4.19856            0.30755             4.77827             -0.546967           -5.45864            
1.84665             135936              -0.0827572          -4.16949            0.304709            4.80352             -0.55661            -5.53928            
1.85013             136192              -0.133988           -4.12954            0.303652            4.74896             -0.601217           -5.50602            
1.85361             136448              -0.106385           -4.2283             0.293827            4.88097             -0.559484           -5.61237            
1.85708             136704              -0.110057           -4.16114            0.31412             4.83703             -0.59905            -5.52375            
1.86056             136960              -0.103382           -4.02467            0.277799            4.61342             -0.521382           -5.26288            
1.86404             137216              -0.0593648          -4.55418            0.322767            5.1061              -0.532103           -5.90565            
1.86752             137472              -0.104477           -4.67369            0.372317            5.21736             -0.645562           -6.09151            
1.871               137728              -0.130716           -4.51662            0.366004            5.16236             -0.694137           -5.99012            
1.87447             137984              -0.115036           -4.16144            0.281784            4.77566             -0.543592           -5.45487            
1.87795             138240              -0.091728           -4.46833            0.325636            5.08746             -0.581209           -5.84075            
1.88143             138496              -0.129143           -4.2405             0.317569            4.9388              -0.636284           -5.68791            
1.88491             138752              -0.128559           -3.84381            0.255975            4.52045             -0.537147           -5.09118            
1.88838             139008              -0.105894           -3.98317            0.27601             4.63291             -0.540736           -5.31434            
1.89186             139264              -0.0802426          -4.52603            0.354307            5.16126             -0.616053           -5.9447             
1.89534             139520              -0.0859568          -4.40328            0.330554            4.97406             -0.562363           -5.72313            
1.89882             139776              -0.130528           -4.13326            0.303573            4.80899             -0.609364           -5.49878            
1.90229             140032              -0.0887714          -4.4106             0.320066            5.03176             -0.578642           -5.8306             
1.90577             140288              -0.10093            -4.49403            0.330251            5.13891             -0.5945             -5.86252            
1.90925             140544              -0.0681531          -4.55444            0.32474             5.23373             -0.563529           -5.97558            
1.91273             140800              -0.135827           -4.33539            0.317715            5.00058             -0.623202           -5.72685            
1.91621             141056              -0.104819           -4.45025            0.31174             5.12129             -0.580136           -5.84581            
1.91968             141312              -0.0837957          -4.47542            0.310506            5.18976             -0.573173           -5.89093            
1.92316             141568              -0.0972195          -4.4263             0.323501            5.07352             -0.585408           -5.81573            
1.92664             141824              -0.0874491          -4.57066            0.348744            5.20967             -0.614613           -5.9752             
1.93012             142080              -0.0866139          -4.27885            0.299403            4.93648             -0.550046           -5.61099            
1.93359             142336              -0.0653857          -4.41698            0.319025            5.0273              -0.543243           -5.74829            
1.93707             142592              -0.105164           -4.23501            0.297266            4.88723             -0.563614           -5.55683            
1.94055             142848              -0.10943            -4.3132             0.32299             4.95062             -0.603904           -5.70045            
1.94403             143104              -0.0855902          -4.39755            0.331206            5.04958             -0.592435           -5.78396            
1.9475              143360              -0.09421            -4.27639            0.305756            4.90847             -0.561061           -5.62821            
1.95098             143616              -0.115521           -4.02926            0.270166            4.66524             -0.533591           -5.31222            
1.95446             143872              -0.148242           -3.83742            0.277218            4.51109             -0.60017            -5.17228            
1.95794             144128              -0.0834504          -4.46182            0.33768             5.08496             -0.604636           -5.87655            
1.96142             144384              -0.0750085          -4.66882            0.361048            5.25831             -0.597992           -6.04016            
1.96489             144640              -0.0842997          -4.10179            0.297728            4.68644             -0.535195           -5.40816            
1.96837             144896              -0.134923           -3.98074            0.306608            4.57754             -0.602735           -5.26492            
1.97185             145152              -0.125277           -4.30856            0.328689            4.87233             -0.624091           -5.69148            
1.97533             145408              -0.0852165          -4.39657            0.32201             5.01076             -0.574962           -5.75924            
1.9788              145664              -0.137789           -4.06882            0.312682            4.68527             -0.61852            -5.37173            
1.98228             145920              -0.112798           -3.91744            0.270653            4.50509             -0.534458           -5.20647            
1.98576             146176              -0.0862967          -4.42231            0.333021            5.0558              -0.598002           -5.83299            
1.98924             146432              -0.102268           -4.07119            0.304961            4.6572              -0.558799           -5.30806            
1.99271             146688              -0.0838747          -3.90966            0.275483            4.53917             -0.518974           -5.18323            
1.99619             146944              -0.0946183          -3.8868             0.270458            4.56014             -0.528075           -5.18189            
1.99967             147200              -0.158001           -4.05037            0.292144            4.6774              -0.613524           -5.37549            
