#Time               nTime               force-x             force-y             force-z             moment-x            moment-y            moment-z            
0                   0                   0.000175951         -4.4153e-05         -7.22654e-05        3.3547e-05          0.000397435         -0.000148934        
0.00347769          256                 -0.253823           0.0648687           0.109313            -0.0494238          -0.597593           0.218565            
0.00695537          512                 -0.62461            0.106345            0.385026            -0.0528099          -1.86194            0.410608            
0.0104331           768                 -1.38378            0.364476            0.525225            -0.285025           -2.97647            1.21053             
0.0139107           1024                8.26204             -2.13438            -3.32764            1.66318             18.4178             -7.14996            
0.0173884           1280                15.9179             -3.94552            -6.76348            2.97051             36.7532             -13.3688            
0.0208661           1536                4.28154             -1.12387            -1.62948            0.882933            9.22589             -3.73917            
0.0243438           1792                -6.62957            1.68863             2.69164             -1.29845            -14.8514            5.6733              
0.0278215           2048                -9.94569            2.52421             4.0987              -1.92903            -22.4961            8.49167             
0.0312992           2304                -4.47172            1.10749             1.85869             -0.834127           -10.173             3.74809             
0.0347769           2560                -2.84196            0.726882            1.10386             -0.565083           -6.20121            2.43648             
0.0382545           2816                -4.3623             1.09608             1.81368             -0.833453           -9.9228             3.6983              
0.0417322           3072                -3.65227            0.924222            1.50434             -0.706146           -8.25964            3.11192             
0.0452099           3328                -2.81943            0.716262            1.15788             -0.549063           -6.36639            2.40944             
0.0486876           3584                -1.88568            0.473196            0.775841            -0.360108           -4.26204            1.59634             
0.0521653           3840                -1.5976             0.401145            0.664557            -0.304889           -3.63545            1.35382             
0.055643            4096                -1.53194            0.385456            0.634486            -0.293377           -3.47546            1.2999              
0.0591207           4352                -1.25693            0.315925            0.520663            -0.24025            -2.8518             1.06562             
0.0625984           4608                -1.05307            0.266042            0.432819            -0.203165           -2.37794            0.896036            
0.066076            4864                -0.998798           0.253216            0.411153            -0.193682           -2.25746            0.852203            
0.0695537           5120                -1.0447             0.264502            0.429185            -0.202208           -2.35816            0.890354            
0.0730314           5376                -1.15553            0.293048            0.473567            -0.224335           -2.60464            0.985986            
0.0765091           5632                -1.27823            0.324272            0.524277            -0.248224           -2.88275            1.09099             
0.0799868           5888                -1.41615            0.358861            0.582002            -0.274481           -3.19791            1.20779             
0.0834645           6144                -1.55441            0.393088            0.639334            -0.300329           -3.51179            1.32366             
0.0869422           6400                -1.68822            0.427418            0.693493            -0.326837           -3.81126            1.43882             
0.0904198           6656                -1.82535            0.462422            0.749285            -0.353766           -4.11899            1.55639             
0.0938975           6912                -1.96145            0.495869            0.806901            -0.378829           -4.43213            1.66993             
0.0973752           7168                -2.06943            0.524173            0.84968             -0.40097            -4.67058            1.76432             
0.100853            7424                -2.1228             0.536926            0.872531            -0.410356           -4.79423            1.80792             
0.104331            7680                -2.13482            0.540586            0.877144            -0.413437           -4.8203             1.81974             
0.107808            7936                -2.15147            0.54374             0.88428             -0.415439           -4.85898            1.83122             
0.111286            8192                -2.12291            0.536927            0.872355            -0.410376           -4.79387            1.80793             
0.114764            8448                -2.00981            0.508781            0.825428            -0.389088           -4.53702            1.71277             
0.118241            8704                -1.95021            0.49318             0.801041            -0.376971           -4.40273            1.66067             
0.121719            8960                -1.96143            0.495655            0.807102            -0.37861            -4.43298            1.66941             
0.125197            9216                -1.95551            0.494725            0.804241            -0.378105           -4.41799            1.66578             
0.128674            9472                -1.92798            0.488367            0.79218             -0.373542           -4.35338            1.64383             
0.132152            9728                -1.93622            0.490331            0.796271            -0.374963           -4.37437            1.65062             
0.13563             9984                -1.96167            0.49621             0.80751             -0.379184           -4.43448            1.67091             
0.139107            10240               -2.00739            0.5074              0.825838            -0.387603           -4.53597            1.70882             
0.142585            10496               -2.05025            0.519314            0.842733            -0.397242           -4.6305             1.74808             
0.146063            10752               -2.0325             0.514434            0.835953            -0.393328           -4.59227            1.73201             
0.149541            11008               -2.02921            0.512967            0.834836            -0.391971           -4.58558            1.72759             
0.153018            11264               -2.05886            0.519751            0.84723             -0.396818           -4.65302            1.75098             
0.156496            11520               -2.06014            0.522465            0.84667             -0.399948           -4.65244            1.7582              
0.159974            11776               -1.99675            0.506573            0.818749            -0.388027           -4.50315            1.70442             
0.163451            12032               -1.92578            0.487377            0.790985            -0.372831           -4.3478             1.64092             
0.166929            12288               -1.87651            0.474675            0.771264            -0.36299            -4.23838            1.59837             
0.170407            12544               -1.85026            0.46859             0.759333            -0.358694           -4.17511            1.57737             
0.173884            12800               -1.7841             0.451458            0.732339            -0.345388           -4.02654            1.52                
0.177362            13056               -1.72908            0.438256            0.708376            -0.335664           -3.89767            1.47487             
0.18084             13312               -1.72096            0.435229            0.706608            -0.33285            -3.88497            1.46557             
0.184317            13568               -1.73562            0.44022             0.711408            -0.337146           -3.91366            1.48122             
0.187795            13824               -1.73791            0.438526            0.713286            -0.334763           -3.92181            1.47728             
0.191273            14080               -1.75577            0.444818            0.721371            -0.3402             -3.96489            1.49717             
0.19475             14336               -1.70271            0.430777            0.698821            -0.329231           -3.84254            1.45028             
0.198228            14592               -1.68965            0.426564            0.693921            -0.325614           -3.81457            1.43684             
0.201706            14848               -1.69779            0.428781            0.697446            -0.327289           -3.8334             1.44416             
0.205183            15104               -1.66592            0.420826            0.684611            -0.321297           -3.76258            1.41736             
0.208661            15360               -1.6157             0.408391            0.663392            -0.311938           -3.64679            1.37523             
0.212139            15616               -1.62297            0.411305            0.666298            -0.314626           -3.66283            1.38421             
0.215617            15872               -1.64458            0.415806            0.676208            -0.317704           -3.715              1.40023             
0.219094            16128               -1.63586            0.41477             0.672165            -0.317425           -3.6936             1.3958              
0.222572            16384               -1.64254            0.417312            0.673818            -0.319741           -3.70477            1.40357             
0.22605             16640               -1.66994            0.42279             0.687393            -0.32332            -3.77462            1.42341             
0.229527            16896               -1.64525            0.415978            0.67712             -0.317886           -3.71835            1.40089             
0.233005            17152               -1.66341            0.420717            0.684019            -0.321509           -3.75736            1.41664             
0.236483            17408               -1.7155             0.43451             0.705848            -0.332085           -3.87659            1.46256             
0.23996             17664               -1.75597            0.44361             0.722426            -0.338478           -3.96776            1.49403             
0.243438            17920               -1.72904            0.436693            0.712328            -0.333058           -3.9105             1.47092             
0.246916            18176               -1.67654            0.423635            0.687462            -0.323316           -3.78072            1.42644             
0.250393            18432               -1.66108            0.418626            0.68339             -0.319034           -3.75405            1.41071             
0.253871            18688               -1.71142            0.43137             0.704461            -0.328757           -3.86908            1.45365             
0.257349            18944               -1.75349            0.442973            0.721004            -0.338107           -3.96157            1.49195             
0.260826            19200               -1.73779            0.437579            0.715476            -0.333409           -3.9293             1.47499             
0.264304            19456               -1.77621            0.448915            0.731532            -0.342725           -4.0171             1.51197             
0.267782            19712               -1.80272            0.456486            0.740875            -0.349014           -4.07158            1.53667             
0.27126             19968               -1.80155            0.453455            0.74155             -0.345562           -4.07272            1.52868             
0.274737            20224               -1.87051            0.473245            0.768877            -0.361631           -4.22493            1.59339             
0.278215            20480               -1.81565            0.45795             0.746086            -0.349419           -4.09992            1.54296             
0.281693            20736               -1.83617            0.464139            0.755623            -0.354572           -4.15044            1.5632              
0.28517             20992               -1.80982            0.455994            0.744098            -0.347817           -4.08819            1.53685             
0.288648            21248               -1.80055            0.455499            0.739398            -0.348264           -4.06458            1.53371             
0.292126            21504               -1.78298            0.449089            0.732604            -0.342572           -4.02634            1.51367             
0.295603            21760               -1.80328            0.453848            0.74088             -0.345997           -4.07184            1.52995             
0.299081            22016               -1.78225            0.449642            0.731285            -0.343469           -4.02145            1.51496             
0.302559            22272               -1.83228            0.461691            0.753196            -0.352355           -4.13895            1.55612             
0.306036            22528               -1.85877            0.468217            0.763737            -0.357228           -4.19727            1.57816             
0.309514            22784               -1.90026            0.479337            0.78059             -0.366056           -4.29068            1.61515             
0.312992            23040               -1.91608            0.48289             0.787705            -0.36854            -4.32849            1.62751             
0.316469            23296               -1.9627             0.494416            0.805832            -0.377373           -4.4302             1.66646             
0.319947            23552               -2.03998            0.515011            0.837794            -0.39341            -4.60546            1.73497             
0.323425            23808               -2.07345            0.524005            0.851165            -0.400489           -4.6799             1.7648              
0.326903            24064               -2.07364            0.522368            0.851904            -0.398436           -4.68245            1.7606              
0.33038             24320               -2.05719            0.518105            0.844559            -0.395226           -4.64351            1.74631             
0.333858            24576               -2.04922            0.516357            0.840741            -0.393937           -4.62355            1.74012             
0.337336            24832               -2.04899            0.515423            0.841897            -0.392766           -4.62738            1.73776             
0.340813            25088               -2.03282            0.512069            0.834626            -0.390421           -4.58887            1.72578             
0.344291            25344               -1.97369            0.497868            0.808694            -0.379886           -4.44934            1.67719             
0.347769            25600               -1.97768            0.496559            0.812457            -0.377757           -4.46572            1.67474             
0.351246            25856               -1.9668             0.493616            0.808172            -0.375293           -4.44164            1.66492             
0.354724            26112               -1.89945            0.477395            0.778412            -0.363232           -4.28241            1.60943             
0.358202            26368               -1.83871            0.460651            0.754599            -0.349788           -4.14911            1.55421             
0.361679            26624               -1.80987            0.454326            0.742363            -0.345224           -4.08267            1.53208             
0.365157            26880               -1.74806            0.437672            0.718664            -0.332069           -3.94927            1.477               
0.368635            27136               -1.68236            0.420718            0.691139            -0.318856           -3.79884            1.42004             
0.372112            27392               -1.66325            0.416218            0.682191            -0.315573           -3.75215            1.40451             
0.37559             27648               -1.67116            0.417732            0.685523            -0.316347           -3.76994            1.40989             
0.379068            27904               -1.58645            0.394839            0.65227             -0.29823            -3.58443            1.33412             
0.382546            28160               -1.55862            0.388887            0.638971            -0.294086           -3.5151             1.313               
0.386023            28416               -1.523              0.38055             0.625408            -0.287906           -3.43842            1.28453             
0.389501            28672               -1.52209            0.378608            0.625306            -0.285718           -3.43702            1.27933             
0.392979            28928               -1.61723            0.40364             0.666159            -0.305068           -3.65783            1.36301             
0.396456            29184               -1.67571            0.417702            0.69002             -0.315544           -3.78906            1.4109              
0.399934            29440               -1.72056            0.430058            0.707231            -0.325521           -3.88606            1.45164             
0.403412            29696               -1.79938            0.449729            0.741378            -0.340331           -4.07004            1.51825             
0.406889            29952               -1.88633            0.471412            0.776954            -0.35702            -4.26596            1.59159             
0.410367            30208               -2.02774            0.507539            0.834717            -0.384679           -4.58391            1.71286             
0.413845            30464               -2.05432            0.51551             0.845017            -0.391396           -4.64216            1.73874             
0.417322            30720               -2.02773            0.508983            0.833051            -0.386565           -4.57866            1.71653             
0.4208              30976               -1.99483            0.501378            0.81966             -0.381151           -4.50518            1.69045             
0.424278            31232               -1.96022            0.490225            0.807728            -0.371741           -4.43492            1.65506             
0.427755            31488               -1.98659            0.498847            0.817885            -0.379151           -4.49222            1.68252             
0.431233            31744               -1.96272            0.491983            0.807613            -0.373639           -4.43655            1.66                
0.434711            32000               -1.91028            0.480649            0.785527            -0.365779           -4.31629            1.62031             
0.438188            32256               -1.87252            0.469756            0.770971            -0.356874           -4.23453            1.58477             
0.441666            32512               -1.95748            0.492598            0.805798            -0.374846           -4.42625            1.66063             
0.445144            32768               -1.90289            0.477614            0.782047            -0.362946           -4.29843            1.61093             
0.448622            33024               -1.85733            0.465861            0.7643              -0.353911           -4.19931            1.57169             
0.452099            33280               -1.83287            0.45956             0.752813            -0.34917            -4.13896            1.55043             
0.455577            33536               -1.8448             0.463932            0.757651            -0.353086           -4.16572            1.56413             
0.459055            33792               -1.91268            0.480266            0.785422            -0.365297           -4.3187             1.61978             
0.462532            34048               -1.90023            0.476376            0.780753            -0.36197            -4.29196            1.60728             
0.46601             34304               -1.93691            0.487545            0.796173            -0.371339           -4.37654            1.64352             
0.469488            34560               -1.90402            0.476908            0.781614            -0.362386           -4.29826            1.60939             
0.472965            34816               -1.90433            0.479999            0.782201            -0.365844           -4.30062            1.6175              
0.476443            35072               -1.8935             0.476762            0.776981            -0.3632             -4.27334            1.60688             
0.479921            35328               -1.89804            0.477361            0.779731            -0.363604           -4.28682            1.60951             
0.483398            35584               -1.92028            0.483069            0.788317            -0.368069           -4.33496            1.62862             
0.486876            35840               -1.96476            0.494571            0.807156            -0.376933           -4.43741            1.6672              
0.490354            36096               -1.98053            0.499809            0.812149            -0.3816             -4.468              1.68377             
0.493831            36352               -1.98697            0.501679            0.815396            -0.383185           -4.48474            1.68999             
0.497309            36608               -1.97182            0.4985              0.809139            -0.381018           -4.45074            1.67878             
0.500787            36864               -1.94284            0.489792            0.796323            -0.373964           -4.38212            1.65047             
0.504265            37120               -2.02706            0.511748            0.830438            -0.391001           -4.57071            1.72383             
0.507742            37376               -2.01864            0.508891            0.828126            -0.388471           -4.55583            1.7149              
0.51122             37632               -1.97561            0.499895            0.808604            -0.382403           -4.4527             1.68295             
0.514698            37888               -1.97045            0.496899            0.80783             -0.379359           -4.44573            1.67431             
0.518175            38144               -1.97754            0.497587            0.812931            -0.37927            -4.46941            1.67766             
0.521653            38400               -1.92548            0.484654            0.788759            -0.369487           -4.34178            1.63357             
0.525131            38656               -1.94565            0.489948            0.797791            -0.373468           -4.39003            1.65128             
0.528608            38912               -1.93761            0.487169            0.795618            -0.370921           -4.37584            1.64258             
0.532086            39168               -1.90213            0.478298            0.780234            -0.364252           -4.29317            1.61256             
0.535564            39424               -1.8835             0.47391             0.771781            -0.360865           -4.24794            1.59735             
0.539041            39680               -1.83467            0.460987            0.753213            -0.350681           -4.1428             1.55443             
0.542519            39936               -1.80401            0.453676            0.739726            -0.345324           -4.07051            1.52939             
0.545997            40192               -1.8358             0.460694            0.753416            -0.350208           -4.14415            1.55384             
0.549474            40448               -1.91106            0.478809            0.785477            -0.36357            -4.31793            1.61563             
0.552952            40704               -1.95865            0.492119            0.803371            -0.37429            -4.4194             1.65927             
0.55643             40960               -1.97767            0.496831            0.811831            -0.377833           -4.46472            1.67529             
0.559907            41216               -1.97751            0.496361            0.811699            -0.377297           -4.4639             1.67402             
0.563385            41472               -1.98778            0.498451            0.817495            -0.37874            -4.49267            1.68169             
0.566863            41728               -2.0146             0.506395            0.828073            -0.385294           -4.55182            1.7075              
0.570341            41984               -1.96612            0.494103            0.807847            -0.37592            -4.4412             1.66611             
0.573818            42240               -1.9034             0.47842             0.780555            -0.364046           -4.2939             1.613               
0.577296            42496               -1.91767            0.4825              0.787872            -0.367326           -4.33113            1.62654             
0.580774            42752               -1.88276            0.472187            0.774483            -0.358826           -4.2553             1.59306             
0.584251            43008               -1.93262            0.486176            0.793367            -0.370264           -4.36206            1.63899             
0.587729            43264               -2.10263            0.529654            0.865224            -0.403518           -4.75293            1.78518             
0.591207            43520               -2.11321            0.532149            0.867618            -0.405408           -4.76949            1.79348             
0.594684            43776               -2.05954            0.517754            0.847326            -0.393986           -4.65455            1.74583             
0.598162            44032               -1.9973             0.501278            0.821563            -0.38123            -4.51325            1.69096             
0.60164             44288               -2.10829            0.531143            0.865833            -0.404576           -4.75894            1.78986             
0.605117            44544               -2.15496            0.542301            0.885921            -0.41263            -4.86747            1.82794             
0.608595            44800               -2.07366            0.521978            0.850606            -0.397205           -4.67713            1.75908             
0.612073            45056               -2.01959            0.507929            0.830014            -0.386239           -4.56099            1.71224             
0.61555             45312               -2.02595            0.509256            0.832832            -0.387032           -4.57571            1.7169              
0.619028            45568               -1.99923            0.500723            0.822027            -0.379846           -4.51588            1.68956             
0.622506            45824               -1.94447            0.490121            0.798138            -0.373129           -4.38758            1.65124             
0.625984            46080               -1.88442            0.473014            0.774448            -0.359511           -4.25547            1.59534             
0.629461            46336               -1.836              0.46197             0.755193            -0.351614           -4.14842            1.55735             
0.632939            46592               -1.70752            0.432312            0.700763            -0.330294           -3.85281            1.4552              
0.636417            46848               -1.72179            0.433898            0.706811            -0.33084            -3.88559            1.46218             
0.639894            47104               -1.76457            0.445152            0.724115            -0.339629           -3.98136            1.49972             
0.643372            47360               -1.77621            0.447419            0.730499            -0.341044           -4.01336            1.50807             
0.64685             47616               -1.80868            0.455453            0.743028            -0.34714            -4.08405            1.5352              
0.650327            47872               -1.87167            0.472283            0.767558            -0.36036            -4.22179            1.59101             
0.653805            48128               -1.8723             0.470178            0.768455            -0.357712           -4.22534            1.58569             
0.657283            48384               -1.98513            0.500125            0.813402            -0.381174           -4.47552            1.68529             
0.66076             48640               -1.98063            0.497435            0.813143            -0.378315           -4.47115            1.67756             
0.664238            48896               -2.07158            0.519676            0.850255            -0.394922           -4.67557            1.75296             
0.667716            49152               -2.1751             0.545669            0.89159             -0.414649           -4.90519            1.84046             
0.671193            49408               -2.20761            0.552129            0.90663             -0.418661           -4.9848             1.86369             
0.674671            49664               -2.16491            0.541727            0.886968            -0.410977           -4.88131            1.82817             
0.678149            49920               -2.17789            0.54606             0.892527            -0.414603           -4.91168            1.84195             
0.681626            50176               -2.14019            0.535254            0.876427            -0.405935           -4.82478            1.80651             
0.685104            50432               -2.0586             0.514522            0.844327            -0.390222           -4.64574            1.73706             
0.688582            50688               -1.96749            0.493076            0.804446            -0.374596           -4.4313             1.66335             
0.69206             50944               -1.9328             0.485087            0.790642            -0.369047           -4.35484            1.63603             
0.695537            51200               -1.94096            0.486976            0.795386            -0.370345           -4.37767            1.64265             
0.699015            51456               -1.87683            0.472684            0.768993            -0.360186           -4.23285            1.59303             
0.702493            51712               -1.77735            0.445728            0.729045            -0.338958           -4.01132            1.50379             
0.70597             51968               -1.76732            0.443899            0.724513            -0.337828           -3.98663            1.49701             
0.709448            52224               -1.74249            0.438235            0.714271            -0.333846           -3.93044            1.4775              
0.712926            52480               -1.73624            0.437095            0.712363            -0.333334           -3.91861            1.47347             
0.716403            52736               -1.77247            0.447196            0.727776            -0.341482           -4.00232            1.50684             
0.719881            52992               -1.72219            0.435486            0.705832            -0.33333            -3.88465            1.46665             
0.723359            53248               -1.7202             0.434882            0.704829            -0.332902           -3.87924            1.46468             
0.726836            53504               -1.8128             0.45734             0.744738            -0.349786           -4.09476            1.5413              
0.730314            53760               -1.87342            0.474017            0.768795            -0.363193           -4.22845            1.59636             
0.733792            54016               -1.8973             0.481592            0.777448            -0.369706           -4.2784             1.62057             
0.73727             54272               -1.92979            0.488587            0.791664            -0.374486           -4.35432            1.64511             
0.740747            54528               -1.95484            0.495869            0.803082            -0.380377           -4.41477            1.66901             
0.744225            54784               -1.90539            0.482145            0.782643            -0.369483           -4.3025             1.62375             
0.747703            55040               -1.92805            0.488348            0.792987            -0.37425            -4.35689            1.64432             
0.75118             55296               -1.96826            0.499606            0.809435            -0.383177           -4.44723            1.68132             
0.754658            55552               -1.96533            0.497916            0.807736            -0.381476           -4.43848            1.67626             
0.758136            55808               -1.99069            0.503808            0.819827            -0.385546           -4.50103            1.69659             
0.761613            56064               -1.96638            0.497076            0.809996            -0.380129           -4.44664            1.67438             
0.765091            56320               -1.93634            0.490359            0.795298            -0.375419           -4.37034            1.65081             
0.768569            56576               -1.98838            0.504028            0.817899            -0.386001           -4.49226            1.69656             
0.772046            56832               -1.98178            0.500707            0.816635            -0.382651           -4.48202            1.68676             
0.775524            57088               -2.01514            0.509482            0.82955             -0.38943            -4.55448            1.7159              
0.779002            57344               -2.00672            0.507577            0.826098            -0.388087           -4.53559            1.70934             
0.782479            57600               -1.9476             0.492989            0.800422            -0.377128           -4.39743            1.65978             
0.785957            57856               -1.89137            0.478308            0.777562            -0.365728           -4.27121            1.61073             
0.789435            58112               -1.8976             0.480356            0.780677            -0.367493           -4.28732            1.61735             
0.792912            58368               -1.87642            0.474612            0.771751            -0.363018           -4.23883            1.59831             
0.79639             58624               -1.84177            0.467531            0.757291            -0.358201           -4.15982            1.57311             
0.799868            58880               -1.83321            0.463614            0.754074            -0.354579           -4.14175            1.56134             
0.803346            59136               -1.82935            0.464078            0.75054             -0.355575           -4.12585            1.56157             
0.806823            59392               -1.91474            0.484821            0.787979            -0.371007           -4.32715            1.63233             
0.810301            59648               -2.01445            0.510011            0.828505            -0.390242           -4.55065            1.71711             
0.813779            59904               -1.99198            0.504237            0.819017            -0.385866           -4.49926            1.69775             
0.817256            60160               -1.95848            0.495975            0.804592            -0.37977            -4.4214             1.66975             
0.820734            60416               -1.98392            0.502525            0.816218            -0.384724           -4.48296            1.69182             
0.824212            60672               -1.93647            0.490625            0.795949            -0.375753           -4.37315            1.65161             
0.827689            60928               -1.95754            0.496843            0.803525            -0.380931           -4.41703            1.67175             
0.831167            61184               -1.95881            0.496274            0.805963            -0.380071           -4.42643            1.67073             
0.834645            61440               -1.8907             0.479765            0.776859            -0.367894           -4.26896            1.61453             
0.838122            61696               -1.90484            0.482015            0.783494            -0.369066           -4.30363            1.6232              
0.8416              61952               -1.8708             0.474               0.769189            -0.363295           -4.22566            1.59577             
0.845078            62208               -1.86898            0.474246            0.76743             -0.36399            -4.21812            1.59604             
0.848555            62464               -1.91621            0.486377            0.78871             -0.373262           -4.3316             1.63694             
0.852033            62720               -1.93067            0.489391            0.793912            -0.37545            -4.3617             1.64756             
0.855511            62976               -2.01836            0.512422            0.829614            -0.393395           -4.5586             1.72441             
0.858989            63232               -2.00727            0.507956            0.825329            -0.389346           -4.53449            1.71069             
0.862466            63488               -2.01381            0.510805            0.826811            -0.392018           -4.54502            1.71922             
0.865944            63744               -2.06264            0.523547            0.847655            -0.401846           -4.65804            1.76189             
0.869422            64000               -2.07305            0.523984            0.853269            -0.401249           -4.68627            1.76519             
0.872899            64256               -2.03328            0.515461            0.835057            -0.395284           -4.58995            1.73503             
0.876377            64512               -1.91269            0.484381            0.786468            -0.371198           -4.32079            1.63091             
0.879855            64768               -1.84671            0.468342            0.758241            -0.359365           -4.16837            1.57635             
0.883332            65024               -1.83608            0.464548            0.75542             -0.355877           -4.14953            1.56453             
0.88681             65280               -1.87627            0.47418             0.771529            -0.362878           -4.23867            1.59724             
0.890288            65536               -1.8206             0.45949             0.748822            -0.351345           -4.1134             1.54823             
0.893765            65792               -1.7877             0.451981            0.735486            -0.34591            -4.03981            1.52235             
0.897243            66048               -1.77437            0.448337            0.729645            -0.343003           -4.0081             1.51023             
0.900721            66304               -1.84143            0.465528            0.758328            -0.356208           -4.16353            1.56807             
0.904198            66560               -1.92013            0.485402            0.790336            -0.371341           -4.33994            1.63494             
0.907676            66816               -1.91683            0.484034            0.788189            -0.370101           -4.3294             1.63065             
0.911154            67072               -1.96994            0.497447            0.810921            -0.380327           -4.45259            1.67595             
0.914631            67328               -2.03373            0.513994            0.838016            -0.393084           -4.59973            1.73143             
0.918109            67584               -1.99507            0.503465            0.821388            -0.384757           -4.50975            1.69647             
0.921587            67840               -2.02806            0.513559            0.833446            -0.393228           -4.5791             1.72894             
0.925065            68096               -2.07682            0.524682            0.854871            -0.401166           -4.69379            1.76746             
0.928542            68352               -2.0447             0.516921            0.842               -0.395318           -4.62247            1.74106             
0.93202             68608               -1.99111            0.502354            0.819657            -0.383914           -4.50043            1.69282             
0.935498            68864               -1.99536            0.503411            0.821932            -0.384627           -4.5119             1.69641             
0.938975            69120               -1.95138            0.492543            0.80163             -0.376544           -4.4046             1.65939             
0.942453            69376               -2.01117            0.508763            0.827259            -0.38942            -4.54372            1.71332             
0.945931            69632               -1.99311            0.503647            0.820253            -0.385322           -4.50453            1.69659             
0.949408            69888               -1.97398            0.498199            0.813042            -0.380878           -4.46365            1.67878             
0.952886            70144               -1.89102            0.478142            0.776954            -0.366038           -4.2695             1.61034             
0.956364            70400               -1.88637            0.476967            0.775515            -0.365098           -4.26064            1.60642             
0.959841            70656               -1.8635             0.471163            0.765733            -0.360636           -4.20736            1.58682             
0.963319            70912               -1.88021            0.474454            0.773794            -0.362793           -4.2495             1.59879             
0.966797            71168               -1.87306            0.472796            0.770375            -0.361519           -4.23157            1.593               
0.970275            71424               -1.7604             0.444977            0.723292            -0.340701           -3.9748             1.4988              
0.973752            71680               -1.76166            0.445566            0.724053            -0.341236           -3.97847            1.50061             
0.97723             71936               -1.80697            0.456517            0.744085            -0.349248           -4.08561            1.53798             
0.980708            72192               -1.8409             0.464428            0.758884            -0.354894           -4.16492            1.56518             
0.984185            72448               -1.89373            0.478489            0.778782            -0.365896           -4.27787            1.61175             
0.987663            72704               -1.91861            0.484225            0.790762            -0.370019           -4.34029            1.63171             
0.991141            72960               -1.90643            0.482017            0.784709            -0.368741           -4.30937            1.62351             
0.994618            73216               -1.93119            0.487801            0.794779            -0.372998           -4.36487            1.64336             
0.998096            73472               -1.93752            0.490144            0.796312            -0.375069           -4.37528            1.65054             
1.00157             73728               -1.9976             0.503953            0.823137            -0.38492            -4.51845            1.6983              
1.00505             73984               -2.01476            0.50961             0.829056            -0.389909           -4.55348            1.71627             
1.00853             74240               -2.02748            0.513009            0.832599            -0.392622           -4.57637            1.72738             
1.01201             74496               -2.04232            0.515207            0.840724            -0.393566           -4.61709            1.73618             
1.01548             74752               -2.06525            0.522962            0.847924            -0.400324           -4.66114            1.76054             
1.01896             75008               -2.02946            0.514779            0.832523            -0.394434           -4.57806            1.73224             
1.02244             75264               -2.00326            0.506154            0.824301            -0.38706            -4.52826            1.70508             
1.02592             75520               -1.96988            0.498357            0.809702            -0.381252           -4.44949            1.67817             
1.0294              75776               -1.8936             0.479016            0.778152            -0.36655            -4.27689            1.61312             
1.03287             76032               -1.82841            0.461778            0.751625            -0.353018           -4.13037            1.55566             
1.03635             76288               -1.8191             0.460447            0.746683            -0.352501           -4.10578            1.55029             
1.03983             76544               -1.82471            0.461263            0.749983            -0.352737           -4.12173            1.55355             
1.04331             76800               -1.79861            0.455764            0.736971            -0.349101           -4.05489            1.53396             
1.04678             77056               -1.83858            0.46502             0.754749            -0.355844           -4.1498             1.56596             
1.05026             77312               -1.92011            0.485129            0.789268            -0.370866           -4.33745            1.63411             
1.05374             77568               -1.90506            0.481054            0.781594            -0.367671           -4.29804            1.62041             
1.05722             77824               -1.85354            0.468098            0.762131            -0.357772           -4.18788            1.57694             
1.06069             78080               -1.84736            0.466961            0.758082            -0.357184           -4.16851            1.57263             
1.06417             78336               -1.97686            0.49811             0.81293             -0.380223           -4.46626            1.67889             
1.06765             78592               -2.10902            0.532587            0.867866            -0.407001           -4.7671             1.79424             
1.07113             78848               -2.08047            0.525004            0.855495            -0.400916           -4.69994            1.76882             
1.07461             79104               -2.06681            0.522501            0.848855            -0.39959            -4.66592            1.75965             
1.07808             79360               -2.12958            0.536719            0.877742            -0.409612           -4.81829            1.80909             
1.08156             79616               -2.05403            0.517375            0.844173            -0.394773           -4.6386             1.74383             
1.08504             79872               -2.00155            0.506638            0.820722            -0.387726           -4.5139             1.70557             
1.08852             80128               -2.00625            0.505988            0.824031            -0.386392           -4.52907            1.70492             
1.09199             80384               -2.01422            0.507261            0.828605            -0.387038           -4.55161            1.70992             
1.09547             80640               -2.00435            0.506152            0.822316            -0.386823           -4.52141            1.70487             
1.09895             80896               -1.96074            0.494653            0.806261            -0.377819           -4.42972            1.66674             
1.10243             81152               -1.90452            0.48037             0.782903            -0.367014           -4.30209            1.61874             
1.1059              81408               -1.90608            0.480481            0.783529            -0.36682            -4.30517            1.61924             
1.10938             81664               -1.86792            0.47062             0.767771            -0.359211           -4.21857            1.58619             
1.11286             81920               -1.83219            0.462867            0.751448            -0.353941           -4.1321             1.55896             
1.11634             82176               -1.88844            0.476021            0.776871            -0.363466           -4.26725            1.60432             
1.11981             82432               -1.9474             0.489587            0.802094            -0.373236           -4.40371            1.65113             
1.12329             82688               -1.95863            0.494329            0.805302            -0.377709           -4.4241             1.6655              
1.12677             82944               -1.89432            0.477592            0.778722            -0.364698           -4.27853            1.60948             
1.13025             83200               -1.85897            0.467037            0.76498             -0.356041           -4.20133            1.57531             
1.13373             83456               -1.95179            0.491726            0.802401            -0.375352           -4.40843            1.65739             
1.1372              83712               -1.9949             0.502608            0.819927            -0.383594           -4.50493            1.69398             
1.14068             83968               -1.97337            0.497348            0.810281            -0.379681           -4.45351            1.67605             
1.14416             84224               -1.9304             0.48646             0.792957            -0.371439           -4.35792            1.6395              
1.14764             84480               -1.96655            0.495675            0.808672            -0.378462           -4.44259            1.67057             
1.15111             84736               -1.97448            0.497364            0.811056            -0.379541           -4.4571             1.67634             
1.15459             84992               -1.97347            0.497491            0.81038             -0.379821           -4.454              1.67646             
1.15807             85248               -2.02536            0.508174            0.833487            -0.386881           -4.57727            1.71447             
1.16155             85504               -2.07717            0.523328            0.852894            -0.399313           -4.68775            1.7637              
1.16502             85760               -2.03694            0.511956            0.838261            -0.390227           -4.60389            1.72663             
1.1685              86016               -2.04019            0.514313            0.837379            -0.392692           -4.60344            1.73313             
1.17198             86272               -2.06027            0.51882             0.847274            -0.395821           -4.65449            1.74892             
1.17546             86528               -2.07191            0.522608            0.851703            -0.399082           -4.67958            1.76099             
1.17894             86784               -2.09075            0.526636            0.859152            -0.401892           -4.72101            1.77509             
1.18241             87040               -2.09325            0.527923            0.859535            -0.403076           -4.72435            1.7788              
1.18589             87296               -2.07174            0.521418            0.853135            -0.397696           -4.6847             1.75805             
1.18937             87552               -2.03782            0.513649            0.836695            -0.392081           -4.59895            1.73094             
1.19285             87808               -2.03988            0.514029            0.837835            -0.392376           -4.60506            1.73239             
1.19632             88064               -2.00116            0.504173            0.821892            -0.384852           -4.51751            1.69926             
1.1998              88320               -1.93106            0.486085            0.792401            -0.370848           -4.35674            1.63853             
1.20328             88576               -1.83939            0.46253             0.755154            -0.352687           -4.15126            1.55955             
1.20676             88832               -1.83808            0.463244            0.754743            -0.353675           -4.14886            1.56119             
1.21023             89088               -1.92539            0.484632            0.7908              -0.369718           -4.34636            1.63374             
1.21371             89344               -2.03869            0.513419            0.839297            -0.39154            -4.60899            1.73069             
1.21719             89600               -1.97875            0.497988            0.812808            -0.379798           -4.46727            1.67878             
1.22067             89856               -1.88181            0.474205            0.772965            -0.361945           -4.24831            1.59816             
1.22415             90112               -1.86705            0.470834            0.766586            -0.359559           -4.21412            1.58651             
1.22762             90368               -1.90089            0.47975             0.780496            -0.366541           -4.29049            1.61627             
1.2311              90624               -1.87015            0.472294            0.76747             -0.360947           -4.21986            1.59086             
1.23458             90880               -1.80121            0.453785            0.739866            -0.346459           -4.06693            1.52949             
1.23806             91136               -1.83478            0.461516            0.754184            -0.352016           -4.14437            1.55615             
1.24153             91392               -1.91856            0.484037            0.787485            -0.369706           -4.32945            1.63078             
1.24501             91648               -1.91273            0.482881            0.785453            -0.368858           -4.31752            1.62666             
1.24849             91904               -1.86034            0.469322            0.763369            -0.358516           -4.19753            1.58124             
1.25197             92160               -1.87804            0.473545            0.771005            -0.361531           -4.2385             1.59565             
1.25544             92416               -1.92744            0.485746            0.791828            -0.370803           -4.35211            1.63706             
1.25892             92672               -2.00579            0.505829            0.825183            -0.386075           -4.53287            1.70453             
1.2624              92928               -1.94429            0.489959            0.798736            -0.373904           -4.39006            1.65123             
1.26588             93184               -1.88702            0.475362            0.774078            -0.362747           -4.25646            1.60204             
1.26936             93440               -1.91042            0.481396            0.78507             -0.367359           -4.31437            1.62243             
1.27283             93696               -1.93458            0.487913            0.793711            -0.372504           -4.36408            1.64389             
1.27631             93952               -2.01986            0.510074            0.829214            -0.389657           -4.55832            1.7181              
1.27979             94208               -2.07108            0.523007            0.851254            -0.399499           -4.67769            1.76177             
1.28327             94464               -2.06584            0.521813            0.848943            -0.398572           -4.66526            1.7576              
1.28674             94720               -1.99533            0.504409            0.819858            -0.385572           -4.506              1.69874             
1.29022             94976               -1.94105            0.491053            0.796433            -0.375526           -4.37945            1.65334             
1.2937              95232               -1.9632             0.497445            0.804738            -0.380833           -4.42702            1.67421             
1.29718             95488               -1.97943            0.500419            0.812415            -0.382575           -4.46717            1.68518             
1.30065             95744               -1.96882            0.497442            0.807364            -0.380168           -4.4408             1.67527             
1.30413             96000               -1.93375            0.489352            0.793707            -0.374372           -4.36457            1.64758             
1.30761             96256               -1.9234             0.486567            0.789049            -0.372222           -4.33984            1.6383              
1.31109             96512               -1.98135            0.501362            0.813398            -0.383461           -4.4725             1.68802             
1.31457             96768               -2.01503            0.509               0.827466            -0.389085           -4.54961            1.71451             
1.31804             97024               -2.00433            0.506809            0.823013            -0.387558           -4.52508            1.70669             
1.32152             97280               -1.99956            0.506852            0.820494            -0.388145           -4.51242            1.70584             
1.325               97536               -1.99352            0.504756            0.818594            -0.386224           -4.50077            1.69924             
1.32848             97792               -2.02186            0.512423            0.828088            -0.392482           -4.55734            1.7245              
1.33195             98048               -2.05609            0.520231            0.844468            -0.398002           -4.64274            1.75169             
1.33543             98304               -2.0284             0.513836            0.832876            -0.393414           -4.57977            1.7297              
1.33891             98560               -2.0253             0.512708            0.831617            -0.392439           -4.57274            1.72619             
1.34239             98816               -2.04447            0.51804             0.837698            -0.396656           -4.60971            1.7435              
1.34586             99072               -2.02163            0.511705            0.828651            -0.39155            -4.5592             1.72262             
1.34934             99328               -2.03095            0.51495             0.832891            -0.394375           -4.58175            1.73293             
1.35282             99584               -2.03573            0.515854            0.833573            -0.395102           -4.58845            1.73612             
1.3563              99840               -2.07037            0.523797            0.85084             -0.400695           -4.67724            1.76382             
1.35978             100096              -2.05298            0.519846            0.842016            -0.397894           -4.63217            1.74997             
1.36325             100352              -2.01324            0.509955            0.825525            -0.390462           -4.54188            1.71656             
1.36673             100608              -2.04629            0.518525            0.839747            -0.397029           -4.6188             1.74531             
1.37021             100864              -2.00679            0.507509            0.823434            -0.388269           -4.52947            1.70903             
1.37369             101120              -1.99887            0.507123            0.81813             -0.388641           -4.50444            1.70623             
1.37716             101376              -2.00142            0.506316            0.820253            -0.387495           -4.51419            1.7048              
1.38064             101632              -2.04244            0.519068            0.835156            -0.398237           -4.59987            1.74568             
1.38412             101888              -2.07823            0.527407            0.851117            -0.404265           -4.68506            1.77444             
1.3876              102144              -2.10338            0.534303            0.861365            -0.409802           -4.74202            1.79725             
1.39107             102400              -2.03113            0.514732            0.831459            -0.394409           -4.57795            1.73237             
1.39455             102656              -1.9728             0.501555            0.806886            -0.384974           -4.44433            1.68672             
1.39803             102912              -1.92892            0.489827            0.790088            -0.375741           -4.34975            1.64787             
1.40151             103168              -1.8728             0.474577            0.76676             -0.363702           -4.22179            1.5973              
1.40499             103424              -1.82771            0.463801            0.74889             -0.355738           -4.12247            1.56063             
1.40846             103680              -1.73681            0.440251            0.710371            -0.337596           -3.91311            1.48166             
1.41194             103936              -1.73412            0.44117             0.708995            -0.33893            -3.90606            1.48349             
1.41542             104192              -1.76355            0.448189            0.722272            -0.344084           -3.97683            1.50758             
1.4189              104448              -1.77928            0.451825            0.728893            -0.346616           -4.01273            1.52006             
1.42237             104704              -1.79176            0.455732            0.733859            -0.349973           -4.04059            1.53266             
1.42585             104960              -1.79988            0.45649             0.737255            -0.350023           -4.05895            1.5362              
1.42933             105216              -1.81497            0.461439            0.743376            -0.354431           -4.09308            1.55207             
1.43281             105472              -1.76078            0.446992            0.720001            -0.343002           -3.9665             1.5038              
1.43628             105728              -1.77155            0.451978            0.72403             -0.347824           -3.98987            1.51887             
1.43976             105984              -1.82129            0.464656            0.744071            -0.357585           -4.10079            1.56144             
1.44324             106240              -1.87779            0.477525            0.769194            -0.366777           -4.23498            1.60607             
1.44672             106496              -1.87949            0.477019            0.769361            -0.366044           -4.23679            1.60503             
1.4502              106752              -1.8577             0.473521            0.759099            -0.364303           -4.18323            1.59161             
1.45367             107008              -1.84628            0.470552            0.754208            -0.361925           -4.15666            1.5816              
1.45715             107264              -1.8533             0.471434            0.760225            -0.362217           -4.1838             1.58567             
1.46063             107520              -1.82777            0.464569            0.746856            -0.356841           -4.11561            1.56249             
1.46411             107776              -1.82771            0.465081            0.747279            -0.357372           -4.11708            1.56384             
1.46758             108032              -1.86724            0.474739            0.763856            -0.36446            -4.20717            1.59658             
1.47106             108288              -1.8632             0.473063            0.764127            -0.362868           -4.20487            1.59168             
1.47454             108544              -1.90033            0.484208            0.777798            -0.372095           -4.28293            1.62766             
1.47802             108800              -1.94855            0.494764            0.798507            -0.379554           -4.39483            1.6646              
1.48149             109056              -2.10178            0.534658            0.862325            -0.410316           -4.74374            1.79808             
1.48497             109312              -2.15924            0.548103            0.884943            -0.420183           -4.86998            1.84406             
1.48845             109568              -2.17878            0.553411            0.892224            -0.42453            -4.91159            1.86163             
1.49193             109824              -2.17222            0.551694            0.890764            -0.423122           -4.90122            1.85602             
1.49541             110080              -2.11012            0.53532             0.864541            -0.410353           -4.75848            1.80131             
1.49888             110336              -2.05968            0.52476             0.84127             -0.403252           -4.63582            1.76378             
1.50236             110592              -1.97629            0.500942            0.809614            -0.383749           -4.45626            1.6859              
1.50584             110848              -1.88016            0.477784            0.769928            -0.366551           -4.23883            1.60705             
1.50932             111104              -1.82981            0.466276            0.748006            -0.358316           -4.12097            1.56723             
1.51279             111360              -1.77563            0.450655            0.727362            -0.345588           -4.0043             1.5163              
1.51627             111616              -1.75747            0.446839            0.720467            -0.342972           -3.96536            1.50293             
1.51975             111872              -1.7166             0.435663            0.703174            -0.333969           -3.87112            1.46581             
1.52323             112128              -1.65108            0.419136            0.676499            -0.32143            -3.72424            1.41021             
1.5267              112384              -1.66567            0.422347            0.683718            -0.323622           -3.76135            1.42152             
1.53018             112640              -1.71506            0.436018            0.702313            -0.334727           -3.8672             1.46652             
1.53366             112896              -1.80742            0.459099            0.740952            -0.352118           -4.07786            1.54447             
1.53714             113152              -1.91394            0.485793            0.785311            -0.372414           -4.32045            1.63462             
1.54062             113408              -1.99259            0.506281            0.81659             -0.388338           -4.49425            1.70302             
1.54409             113664              -2.08423            0.528805            0.855954            -0.405271           -4.70748            1.77959             
1.54757             113920              -2.13672            0.541291            0.877646            -0.414374           -4.82639            1.82218             
1.55105             114176              -2.08872            0.529216            0.85759             -0.405245           -4.71704            1.78148             
1.55453             114432              -2.0095             0.510212            0.823603            -0.391177           -4.53319            1.71654             
1.558               114688              -2.01537            0.512297            0.826849            -0.39288            -4.54914            1.72315             
1.56148             114944              -2.01092            0.510999            0.825379            -0.391865           -4.54072            1.71898             
1.56496             115200              -2.00046            0.508199            0.820539            -0.389651           -4.51506            1.70958             
1.56844             115456              -1.99013            0.506523            0.814825            -0.388729           -4.48635            1.70301             
1.57191             115712              -1.94049            0.492556            0.796492            -0.377353           -4.38144            1.65726             
1.57539             115968              -1.92451            0.488874            0.788035            -0.37471            -4.33849            1.64434             
1.57887             116224              -1.9179             0.487662            0.786418            -0.373919           -4.32744            1.64004             
1.58235             116480              -1.90739            0.485365            0.782863            -0.372296           -4.3065             1.63212             
1.58582             116736              -1.89769            0.482176            0.778705            -0.369517           -4.28363            1.62189             
1.5893              116992              -1.88098            0.477941            0.77256             -0.366161           -4.24814            1.60768             
1.59278             117248              -1.87471            0.475782            0.769982            -0.36429            -4.23374            1.60085             
1.59626             117504              -1.89231            0.480818            0.777929            -0.368489           -4.27614            1.61751             
1.59974             117760              -1.95963            0.496916            0.805237            -0.380309           -4.42622            1.6723              
1.60321             118016              -1.97251            0.500302            0.810938            -0.383011           -4.45705            1.68368             
1.60669             118272              -1.91704            0.487101            0.787541            -0.373177           -4.32915            1.63847             
1.61017             118528              -1.83207            0.466126            0.751808            -0.357558           -4.13471            1.56744             
1.61365             118784              -1.82464            0.464243            0.747807            -0.356172           -4.11414            1.56098             
1.61712             119040              -1.86544            0.472862            0.768626            -0.361926           -4.22036            1.59175             
1.6206              119296              -1.81834            0.461975            0.748237            -0.354023           -4.11031            1.55417             
1.62408             119552              -1.79501            0.456848            0.736225            -0.350522           -4.04888            1.53603             
1.62756             119808              -1.80288            0.458256            0.740959            -0.351349           -4.07159            1.5414              
1.63103             120064              -1.79669            0.456515            0.739476            -0.349817           -4.06127            1.53575             
1.63451             120320              -1.77455            0.450353            0.73008             -0.345102           -4.01046            1.51549             
1.63799             120576              -1.81336            0.460366            0.7464              -0.352775           -4.09907            1.54907             
1.64147             120832              -1.85974            0.472026            0.765799            -0.361718           -4.20513            1.58846             
1.64495             121088              -1.90788            0.48477             0.783947            -0.371675           -4.30769            1.63071             
1.64842             121344              -1.95911            0.497834            0.804778            -0.381789           -4.42262            1.67464             
1.6519              121600              -2.10682            0.533941            0.867008            -0.408766           -4.76143            1.7973              
1.65538             121856              -2.18417            0.552499            0.899215            -0.422559           -4.93738            1.86061             
1.65886             122112              -2.25242            0.571749            0.924823            -0.43829            -5.0834             1.92371             
1.66233             122368              -2.26671            0.574962            0.931361            -0.440594           -5.11827            1.93493             
1.66581             122624              -2.20444            0.558978            0.904798            -0.428416           -4.9743             1.88123             
1.66929             122880              -2.20409            0.558817            0.905889            -0.428245           -4.97821            1.8809              
1.67277             123136              -2.17472            0.551192            0.893489            -0.422306           -4.91082            1.85532             
1.67624             123392              -2.04414            0.518184            0.83824             -0.397128           -4.61038            1.74399             
1.67972             123648              -1.99095            0.505057            0.816048            -0.387278           -4.48929            1.69953             
1.6832              123904              -1.99133            0.505094            0.816863            -0.387263           -4.49281            1.69979             
1.68668             124160              -1.96747            0.496473            0.808393            -0.379459           -4.4432             1.67281             
1.69016             124416              -1.94468            0.491336            0.799232            -0.37568            -4.39249            1.65502             
1.69363             124672              -1.85267            0.469371            0.760062            -0.359474           -4.18022            1.57993             
1.69711             124928              -1.79174            0.452286            0.735658            -0.345702           -4.04465            1.52375             
1.70059             125184              -1.84825            0.466317            0.759298            -0.356214           -4.17354            1.5712              
1.70407             125440              -1.93265            0.487997            0.794201            -0.372872           -4.36493            1.64395             
1.70754             125696              -1.9785             0.499761            0.813113            -0.381812           -4.46873            1.68339             
1.71102             125952              -1.98453            0.501829            0.814675            -0.383719           -4.4794             1.68988             
1.7145              126208              -2.00877            0.507636            0.823945            -0.388095           -4.53173            1.70963             
1.71798             126464              -2.01773            0.509841            0.828427            -0.389863           -4.55514            1.71727             
1.72145             126720              -2.0377             0.514531            0.836475            -0.393234           -4.59965            1.73329             
1.72493             126976              -2.01772            0.510199            0.827009            -0.390281           -4.55033            1.71802             
1.72841             127232              -2.02452            0.510997            0.831086            -0.390451           -4.57015            1.72156             
1.73189             127488              -2.03807            0.515042            0.836772            -0.393778           -4.60137            1.73473             
1.73537             127744              -2.03345            0.513708            0.834417            -0.392795           -4.58951            1.73036             
1.73884             128000              -2.04014            0.515101            0.836488            -0.393817           -4.60216            1.73524             
1.74232             128256              -2.11065            0.532062            0.867724            -0.406337           -4.76938            1.79327             
1.7458              128512              -2.07271            0.523502            0.849464            -0.400277           -4.67428            1.76333             
1.74928             128768              -2.06906            0.522554            0.847476            -0.399658           -4.66441            1.76016             
1.75275             129024              -2.10618            0.532712            0.863372            -0.407712           -4.75057            1.79385             
1.75623             129280              -2.09667            0.531197            0.857793            -0.406897           -4.72295            1.78784             
1.75971             129536              -2.06563            0.521756            0.846726            -0.399082           -4.65893            1.75751             
1.76319             129792              -2.07371            0.522855            0.851695            -0.399497           -4.68291            1.76213             
1.76666             130048              -1.97682            0.499847            0.809978            -0.382555           -4.45761            1.68328             
1.77014             130304              -1.89087            0.479221            0.772549            -0.367404           -4.25622            1.61279             
1.77362             130560              -1.90189            0.480974            0.778652            -0.368144           -4.28625            1.61959             
1.7771              130816              -1.92423            0.485941            0.788876            -0.371654           -4.34036            1.63696             
1.78058             131072              -1.909              0.482988            0.781959            -0.369763           -4.3036             1.62624             
1.78405             131328              -1.88933            0.477947            0.773392            -0.365804           -4.25704            1.60921             
1.78753             131584              -1.90513            0.482665            0.780853            -0.369753           -4.29651            1.6247              
1.79101             131840              -2.00256            0.505997            0.82144             -0.38687            -4.51784            1.70422             
1.79449             132096              -2.00534            0.506176            0.822935            -0.386928           -4.52557            1.70535             
1.79796             132352              -2.02496            0.511789            0.830143            -0.391343           -4.56628            1.72357             
1.80144             132608              -2.06193            0.520459            0.84637             -0.397639           -4.65347            1.7534              
1.80492             132864              -2.02305            0.511275            0.829962            -0.390897           -4.56427            1.72194             
1.8084              133120              -1.97865            0.499463            0.812088            -0.381717           -4.46531            1.6827              
1.81187             133376              -1.97522            0.499284            0.810345            -0.381758           -4.45613            1.68148             
1.81535             133632              -1.9297             0.485783            0.792488            -0.370541           -4.35606            1.6376              
1.81883             133888              -1.94596            0.491657            0.798629            -0.375707           -4.391              1.65597             
1.82231             134144              -1.91531            0.482294            0.786288            -0.367807           -4.32246            1.62565             
1.82579             134400              -1.9251             0.484791            0.79157             -0.369648           -4.34896            1.63419             
1.82926             134656              -1.91639            0.48167             0.787857            -0.366803           -4.32867            1.62432             
1.83274             134912              -1.96528            0.495336            0.807547            -0.377667           -4.4376             1.66925             
1.83622             135168              -1.93061            0.483753            0.794463            -0.367561           -4.3631             1.6325              
1.8397              135424              -1.89319            0.475319            0.778458            -0.361479           -4.27647            1.60322             
1.84317             135680              -1.87733            0.470936            0.771876            -0.357981           -4.24027            1.58873             
1.84665             135936              -1.90688            0.477997            0.785446            -0.363164           -4.31201            1.61299             
1.85013             136192              -1.88735            0.473433            0.776107            -0.359786           -4.26313            1.59714             
1.85361             136448              -1.89331            0.475804            0.777758            -0.362057           -4.27397            1.60441             
1.85708             136704              -1.97145            0.494075            0.812333            -0.375371           -4.45903            1.66737             
1.86056             136960              -2.001              0.5023              0.823987            -0.381973           -4.52412            1.69443             
1.86404             137216              -1.96432            0.494128            0.807736            -0.376337           -4.43735            1.66599             
1.86752             137472              -1.91526            0.48078             0.787645            -0.365913           -4.327              1.62185             
1.871               137728              -1.95472            0.491491            0.803075            -0.374398           -4.41319            1.65724             
1.87447             137984              -1.98392            0.498814            0.816074            -0.379924           -4.48284            1.68204             
1.87795             138240              -1.96874            0.493755            0.809564            -0.375672           -4.44753            1.66596             
1.88143             138496              -1.98773            0.50105             0.816458            -0.38232            -4.48774            1.68854             
1.88491             138752              -1.96864            0.495227            0.809883            -0.377515           -4.44924            1.66988             
1.88838             139008              -1.92805            0.484746            0.793614            -0.3695             -4.35927            1.63485             
1.89186             139264              -1.91573            0.481114            0.788287            -0.366622           -4.33073            1.62303             
1.89534             139520              -1.94749            0.489565            0.801151            -0.3733             -4.40193            1.65116             
1.89882             139776              -1.94805            0.490051            0.800474            -0.373933           -4.40018            1.65248             
1.90229             140032              -2.00595            0.506154            0.823226            -0.386874           -4.5276             1.70547             
1.90577             140288              -2.01467            0.506803            0.827543            -0.386861           -4.55021            1.709               
1.90925             140544              -2.04876            0.515978            0.840415            -0.39422            -4.62334            1.73939             
1.91273             140800              -2.13325            0.538414            0.873957            -0.411888           -4.81052            1.814               
1.91621             141056              -2.11109            0.532232            0.86496             -0.40697            -4.76117            1.79366             
1.91968             141312              -2.07108            0.521867            0.848047            -0.39906            -4.66954            1.75895             
1.92316             141568              -2.04702            0.516637            0.837668            -0.395399           -4.61374            1.74062             
1.92664             141824              -2.0453             0.515938            0.837565            -0.394795           -4.61254            1.73857             
1.93012             142080              -2.00483            0.504138            0.821369            -0.385252           -4.5229             1.70014             
1.93359             142336              -1.99345            0.502778            0.814502            -0.384905           -4.48965            1.69416             
1.93707             142592              -1.98322            0.498832            0.811724            -0.381306           -4.47199            1.68209             
1.94055             142848              -1.96512            0.495061            0.80192             -0.379005           -4.42325            1.66859             
1.94403             143104              -1.93902            0.488688            0.791041            -0.374172           -4.36371            1.64692             
1.9475              143360              -1.93201            0.486535            0.788414            -0.372356           -4.34896            1.63999             
1.95098             143616              -1.9459             0.489871            0.794825            -0.374718           -4.38298            1.6514              
1.95446             143872              -1.93796            0.487452            0.790403            -0.372641           -4.36092            1.6434              
1.95794             144128              -1.93275            0.485825            0.789417            -0.371261           -4.35336            1.63832             
1.96142             144384              -1.87019            0.470491            0.761451            -0.359845           -4.20421            1.58607             
1.96489             144640              -1.88982            0.474888            0.770293            -0.362898           -4.25112            1.60138             
1.96837             144896              -1.91482            0.481613            0.780903            -0.368237           -4.30898            1.62379             
1.97185             145152              -1.8978             0.476029            0.774075            -0.363325           -4.27066            1.60592             
1.97533             145408              -1.91323            0.480077            0.780936            -0.366475           -4.30737            1.61951             
1.9788              145664              -1.90782            0.478251            0.778327            -0.364893           -4.29355            1.61366             
1.98228             145920              -1.87661            0.470425            0.765401            -0.358882           -4.22278            1.58723             
1.98576             146176              -1.80026            0.451282            0.73351             -0.344356           -4.04842            1.5226              
1.98924             146432              -1.80243            0.451663            0.735452            -0.34457            -4.05685            1.52416             
1.99271             146688              -1.91398            0.480542            0.782948            -0.366814           -4.31466            1.62107             
1.99619             146944              -1.937              0.486132            0.792405            -0.371004           -4.36645            1.64007             
1.99967             147200              -1.93243            0.485855            0.789494            -0.371297           -4.35281            1.63841             
