#Time               nTime               force-x             force-y             force-z             moment-x            moment-y            moment-z            
0                   0                   8.23528e-05         1.65367e-06         -6.87927e-05        -2.76361e-06        0.000303211         4.56545e-06         
0.00347769          256                 -0.22855            0.000877438         -0.250145           -0.000953741        0.353657            0.00323867          
0.00695537          512                 -0.833205           -0.0465221          1.02129             0.0699804           -3.97556            -0.129299           
0.0104331           768                 0.286351            -0.103519           0.0801316           0.155295            0.271602            -0.282485           
0.0139107           1024                6.65904             0.193548            -4.66065            -0.288773           22.3629             0.535374            
0.0173884           1280                6.31146             0.0742641           -6.51207            -0.13186            26.4744             0.21257             
0.0208661           1536                1.11253             0.231267            -0.331146           -0.370212           2.38695             0.628014            
0.0243438           1792                -3.81737            -0.0877114          3.05304             0.131281            -13.7808            -0.242897           
0.0278215           2048                -4.18619            -0.0795327          3.67555             0.134929            -15.8674            -0.221209           
0.0312992           2304                -1.49722            -0.143124           1.29337             0.229331            -5.55328            -0.390959           
0.0347769           2560                -1.48869            -0.0384814          1.11001             0.0621407           -5.14187            -0.107171           
0.0382545           2816                -1.86412            -0.0236559          1.75692             0.0402423           -7.39392            -0.0675029          
0.0417322           3072                -1.59614            -0.0594452          1.41839             0.0959857           -6.09946            -0.163468           
0.0452099           3328                -1.30839            -0.0457771          1.13819             0.0734191           -4.94145            -0.126424           
0.0486876           3584                -0.80669            -0.0353148          0.705798            0.0565303           -3.04958            -0.0973478          
0.0521653           3840                -0.686189           -0.00265646         0.628727            0.00655622          -2.67199            -0.00837211         
0.055643            4096                -0.697551           -0.0249465          0.619468            0.0396968           -2.66678            -0.0689379          
0.0591207           4352                -0.575976           -0.0247364          0.507346            0.0392168           -2.19069            -0.0681183          
0.0625984           4608                -0.505888           -0.0152323          0.438152            0.0244275           -1.90725            -0.0422159          
0.066076            4864                -0.474339           -0.00763665         0.404179            0.0128726           -1.77014            -0.0215746          
0.0695537           5120                -0.497685           -0.012042           0.422432            0.0194235           -1.85277            -0.0336301          
0.0730314           5376                -0.550451           -0.0156892          0.46541             0.0250167           -2.04439            -0.0435783          
0.0765091           5632                -0.597205           -0.0139757          0.509078            0.0226836           -2.22824            -0.0389756          
0.0799868           5888                -0.657258           -0.0176668          0.568233            0.028402            -2.47321            -0.0490815          
0.0834645           6144                -0.719228           -0.0204792          0.618321            0.0328764           -2.69641            -0.0568323          
0.0869422           6400                -0.77994            -0.0193364          0.668779            0.0314126           -2.91938            -0.0537788          
0.0904198           6656                -0.84579            -0.0236685          0.721717            0.0380567           -3.15647            -0.0656708          
0.0938975           6912                -0.905379           -0.0244679          0.77793             0.0394964           -3.39278            -0.0679288          
0.0973752           7168                -0.956394           -0.024501           0.816504            0.0397541           -3.57011            -0.0680632          
0.100853            7424                -0.97854            -0.0287545          0.839497            0.0462212           -3.66326            -0.0796757          
0.104331            7680                -0.986549           -0.026403           0.843071            0.0427853           -3.68472            -0.0732587          
0.107808            7936                -0.99962            -0.0319519          0.855844            0.0510284           -3.73798            -0.088436           
0.111286            8192                -0.977437           -0.029203           0.835275            0.0470251           -3.65005            -0.0808599          
0.114764            8448                -0.919513           -0.0256369          0.785073            0.0415801           -3.43133            -0.0710639          
0.118241            8704                -0.897197           -0.0276419          0.767353            0.044345            -3.35203            -0.0765449          
0.121719            8960                -0.903281           -0.0268698          0.774874            0.0431753           -3.38098            -0.0744447          
0.125197            9216                -0.891655           -0.0256701          0.76322             0.0414418           -3.33219            -0.0711448          
0.128674            9472                -0.881425           -0.0251383          0.752622            0.0405839           -3.28924            -0.0696843          
0.132152            9728                -0.883832           -0.0218658          0.755923            0.0356807           -3.30161            -0.0607874          
0.13563             9984                -0.900757           -0.0252727          0.770026            0.0407361           -3.36393            -0.0701304          
0.139107            10240               -0.923718           -0.0316131          0.788314            0.0502533           -3.44603            -0.0874157          
0.142585            10496               -0.943092           -0.0283636          0.799009            0.0454771           -3.50282            -0.0785382          
0.146063            10752               -0.932895           -0.0277904          0.789855            0.0446256           -3.46308            -0.0769922          
0.149541            11008               -0.938694           -0.030694           0.795513            0.0489216           -3.48711            -0.084842           
0.153018            11264               -0.952742           -0.0348422          0.805934            0.0550675           -3.53505            -0.0962337          
0.156496            11520               -0.944549           -0.0231322          0.791882            0.037667            -3.48544            -0.0641922          
0.159974            11776               -0.931223           -0.0296885          0.773469            0.047251            -3.41765            -0.0820818          
0.163451            12032               -0.89254            -0.031001           0.744806            0.0491453           -3.28418            -0.0855674          
0.166929            12288               -0.888865           -0.0305964          0.741552            0.0483451           -3.27162            -0.0843644          
0.170407            12544               -0.88115            -0.0265641          0.722162            0.0421683           -3.2088             -0.0732164          
0.173884            12800               -0.843926           -0.0238488          0.697445            0.037942            -3.08822            -0.0656436          
0.177362            13056               -0.820611           -0.018955           0.671851            0.0305482           -2.98636            -0.0523558          
0.18084             13312               -0.818092           -0.0235026          0.677267            0.0375036           -2.99703            -0.0646786          
0.184317            13568               -0.817881           -0.0225744          0.669488            0.0363549           -2.97544            -0.0622071          
0.187795            13824               -0.834478           -0.0336339          0.681869            0.0527839           -3.03263            -0.0924002          
0.191273            14080               -0.81364            -0.012917           0.664549            0.0218121           -2.95445            -0.0357154          
0.19475             14336               -0.793117           -0.0193104          0.644163            0.0309644           -2.86956            -0.0531278          
0.198228            14592               -0.771863           -0.0215627          0.630459            0.0342474           -2.80079            -0.0592441          
0.201706            14848               -0.78779            -0.0161618          0.638094            0.0262917           -2.84535            -0.0447531          
0.205183            15104               -0.775471           -0.0199026          0.626587            0.0319061           -2.79662            -0.0552065          
0.208661            15360               -0.748924           -0.0185309          0.59931             0.0298755           -2.68484            -0.0516152          
0.212139            15616               -0.750655           -0.00886864         0.604242            0.0152951           -2.70121            -0.0255274          
0.215617            15872               -0.762485           -0.0177556          0.6179              0.0286178           -2.75462            -0.0498858          
0.219094            16128               -0.751836           -0.0173558          0.609079            0.028292            -2.71522            -0.0486082          
0.222572            16384               -0.753041           -0.0135183          0.613394            0.0225948           -2.72885            -0.0382377          
0.22605             16640               -0.774321           -0.0203724          0.636329            0.0329774           -2.82155            -0.0567365          
0.229527            16896               -0.763385           -0.0205617          0.624844            0.0334              -2.77484            -0.0571125          
0.233005            17152               -0.777367           -0.0183548          0.638862            0.0300157           -2.83354            -0.0510482          
0.236483            17408               -0.801239           -0.0137748          0.660953            0.0231684           -2.92737            -0.0385571          
0.23996             17664               -0.80517            -0.0153677          0.669282            0.0256139           -2.95404            -0.042834           
0.243438            17920               -0.775803           -0.00767733         0.650462            0.0142129           -2.86007            -0.0217256          
0.246916            18176               -0.773164           -0.0205283          0.638633            0.0331867           -2.82577            -0.0567581          
0.250393            18432               -0.744738           -0.00926668         0.623553            0.016448            -2.74301            -0.025967           
0.253871            18688               -0.775326           -0.00996453         0.652706            0.0175477           -2.86605            -0.0278662          
0.257349            18944               -0.792908           -0.00851409         0.66264             0.0156655           -2.91814            -0.0237524          
0.260826            19200               -0.790938           -0.0174742          0.661083            0.0289541           -2.91069            -0.0483449          
0.264304            19456               -0.807908           -0.011365           0.675712            0.0199933           -2.97498            -0.0315886          
0.267782            19712               -0.819203           -0.01359            0.683832            0.0232325           -3.01327            -0.0378259          
0.27126             19968               -0.833367           -0.0261965          0.698588            0.0419345           -3.07365            -0.0724632          
0.274737            20224               -0.84717            -0.0142722          0.7166              0.0243124           -3.1417             -0.0400269          
0.278215            20480               -0.834678           -0.0306654          0.701674            0.0487621           -3.08359            -0.0848965          
0.281693            20736               -0.840681           -0.0200098          0.709612            0.0330009           -3.11404            -0.0558991          
0.28517             20992               -0.848455           -0.0276646          0.707789            0.044482            -3.1215             -0.0769287          
0.288648            21248               -0.824768           -0.0218926          0.69196             0.0360118           -3.04398            -0.0611578          
0.292126            21504               -0.831063           -0.0289039          0.699879            0.0464665           -3.07482            -0.0803609          
0.295603            21760               -0.811909           -0.0194678          0.690833            0.0323109           -3.02111            -0.0548702          
0.299081            22016               -0.812958           -0.0262133          0.687589            0.0424335           -3.01493            -0.0729955          
0.302559            22272               -0.839796           -0.0229058          0.712925            0.0373518           -3.12181            -0.0641538          
0.306036            22528               -0.848504           -0.0209323          0.719245            0.0343344           -3.15105            -0.0588695          
0.309514            22784               -0.853547           -0.0179729          0.729922            0.0299308           -3.18623            -0.0506995          
0.312992            23040               -0.853159           -0.0164891          0.732526            0.0276593           -3.19198            -0.0466916          
0.316469            23296               -0.897362           -0.025922           0.760754            0.0415294           -3.33298            -0.0724537          
0.319947            23552               -0.92763            -0.0226877          0.785632            0.0367344           -3.44303            -0.0636563          
0.323425            23808               -0.928              -0.0177323          0.786442            0.0294032           -3.44481            -0.0501569          
0.326903            24064               -0.933562           -0.0249142          0.795977            0.0399508           -3.47834            -0.0699617          
0.33038             24320               -0.94009            -0.0255358          0.793748            0.0408877           -3.48299            -0.0716983          
0.333858            24576               -0.94209            -0.0283072          0.793828            0.0449958           -3.48664            -0.07937            
0.337336            24832               -0.928261           -0.0356522          0.791146            0.0560713           -3.45823            -0.0993765          
0.340813            25088               -0.928706           -0.029312           0.790582            0.0467048           -3.45848            -0.0821015          
0.344291            25344               -0.909149           -0.0337235          0.768014            0.0533737           -3.37061            -0.0939432          
0.347769            25600               -0.905632           -0.0375582          0.775667            0.0591154           -3.38537            -0.104382           
0.351246            25856               -0.88863            -0.0313845          0.761111            0.0500895           -3.32101            -0.0874033          
0.354724            26112               -0.859929           -0.0322347          0.732016            0.051487            -3.20184            -0.0894359          
0.358202            26368               -0.840976           -0.0345955          0.715076            0.0549537           -3.12953            -0.0957171          
0.361679            26624               -0.821562           -0.0290768          0.699201            0.0469047           -3.05889            -0.0803629          
0.365157            26880               -0.798655           -0.0343454          0.681713            0.0548223           -2.97907            -0.094504           
0.368635            27136               -0.771097           -0.0318317          0.655674            0.0510875           -2.86972            -0.0876024          
0.372112            27392               -0.765236           -0.0309521          0.650507            0.0497557           -2.84811            -0.0851423          
0.37559             27648               -0.765435           -0.0296392          0.651078            0.047792            -2.84971            -0.0816748          
0.379068            27904               -0.735586           -0.0289525          0.625603            0.0469336           -2.73871            -0.0795527          
0.382546            28160               -0.718491           -0.0281695          0.611002            0.0456122           -2.67489            -0.0774679          
0.386023            28416               -0.696393           -0.0266734          0.591192            0.0435214           -2.58952            -0.0731199          
0.389501            28672               -0.6984             -0.0313916          0.589739            0.0504098           -2.58805            -0.0862463          
0.392979            28928               -0.737304           -0.0229169          0.629273            0.0377969           -2.75048            -0.0631859          
0.396456            29184               -0.760584           -0.0267038          0.645619            0.0434874           -2.82702            -0.0735964          
0.399934            29440               -0.784591           -0.0293298          0.65919             0.0473151           -2.89816            -0.0809374          
0.403412            29696               -0.808962           -0.0194606          0.687618            0.0324336           -3.00901            -0.0542337          
0.406889            29952               -0.86406            -0.0341162          0.728452            0.054235            -3.19863            -0.094268           
0.410367            30208               -0.912849           -0.034991           0.776415            0.0556646           -3.39651            -0.0967824          
0.413845            30464               -0.92423            -0.0262904          0.778174            0.0429268           -3.41783            -0.072947           
0.417322            30720               -0.913903           -0.0290515          0.771346            0.0468635           -3.38485            -0.0806442          
0.4208              30976               -0.913267           -0.0288253          0.765432            0.0465385           -3.36932            -0.0799444          
0.424278            31232               -0.896723           -0.0370654          0.757504            0.0588071           -3.32347            -0.102468           
0.427755            31488               -0.903257           -0.0256397          0.765557            0.0419307           -3.3549             -0.0712032          
0.431233            31744               -0.892136           -0.0382081          0.759914            0.0606772           -3.32304            -0.105521           
0.434711            32000               -0.872066           -0.0204321          0.733303            0.0342562           -3.22393            -0.0570075          
0.438188            32256               -0.85393            -0.0312653          0.726899            0.0501266           -3.17985            -0.0868165          
0.441666            32512               -0.878022           -0.0201783          0.750128            0.0338558           -3.27674            -0.0564616          
0.445144            32768               -0.864105           -0.0282001          0.729592            0.0458211           -3.20131            -0.0785235          
0.448622            33024               -0.845653           -0.0221289          0.715044            0.0367061           -3.1361             -0.0620511          
0.452099            33280               -0.836307           -0.0308178          0.704897            0.0494676           -3.09529            -0.0858524          
0.455577            33536               -0.845791           -0.0269509          0.712222            0.043699            -3.12947            -0.0753354          
0.459055            33792               -0.887123           -0.0329396          0.746601            0.0526342           -3.28173            -0.0917866          
0.462532            34048               -0.874671           -0.0317123          0.734794            0.0508409           -3.23105            -0.088612           
0.46601             34304               -0.89518            -0.0161585          0.751248            0.0277218           -3.30612            -0.0460873          
0.469488            34560               -0.883538           -0.0419457          0.741561            0.0661545           -3.26214            -0.116403           
0.472965            34816               -0.848713           -0.0169171          0.719287            0.0291468           -3.15089            -0.0478385          
0.476443            35072               -0.860072           -0.0256197          0.728815            0.0419603           -3.19362            -0.0717248          
0.479921            35328               -0.878685           -0.0288658          0.738417            0.0468936           -3.24742            -0.0804904          
0.483398            35584               -0.900404           -0.0332388          0.751494            0.0534721           -3.31427            -0.0924898          
0.486876            35840               -0.904834           -0.0324584          0.761926            0.0524096           -3.34724            -0.0904423          
0.490354            36096               -0.911348           -0.0280932          0.762506            0.0460532           -3.35846            -0.0784739          
0.493831            36352               -0.919593           -0.0299324          0.76865             0.0488546           -3.38724            -0.0835279          
0.497309            36608               -0.90839            -0.026686           0.762631            0.0439691           -3.35473            -0.0747681          
0.500787            36864               -0.912041           -0.0347253          0.759188            0.0559106           -3.35157            -0.0967564          
0.504265            37120               -0.942705           -0.0316122          0.789181            0.0512782           -3.47598            -0.0882924          
0.507742            37376               -0.939058           -0.0326314          0.785132            0.0529439           -3.45966            -0.0910023          
0.51122             37632               -0.920257           -0.025576           0.763043            0.0422788           -3.3738             -0.0717356          
0.514698            37888               -0.931417           -0.0293222          0.772864            0.0477156           -3.41711            -0.0820023          
0.518175            38144               -0.917456           -0.0253681          0.766765            0.0418685           -3.37902            -0.0711039          
0.521653            38400               -0.903183           -0.0370697          0.752677            0.0591              -3.32132            -0.102941           
0.525131            38656               -0.90158            -0.0232622          0.754713            0.0383241           -3.32414            -0.0653947          
0.528608            38912               -0.892489           -0.0264968          0.7517              0.0430881           -3.3023             -0.0740787          
0.532086            39168               -0.884677           -0.0274662          0.737012            0.0443615           -3.252              -0.076676           
0.535564            39424               -0.874989           -0.0282422          0.729428            0.0452305           -3.21762            -0.0789509          
0.539041            39680               -0.844424           -0.0242347          0.706841            0.0392085           -3.11245            -0.0678409          
0.542519            39936               -0.823473           -0.0211093          0.690274            0.0344637           -3.03763            -0.0592465          
0.545997            40192               -0.847074           -0.0229574          0.710087            0.0372614           -3.12542            -0.0642702          
0.549474            40448               -0.865923           -0.0234749          0.733057            0.0380672           -3.21261            -0.0658905          
0.552952            40704               -0.882351           -0.0237401          0.746649            0.0386787           -3.27269            -0.0664255          
0.55643             40960               -0.896747           -0.0252382          0.758514            0.0409504           -3.32555            -0.0705064          
0.559907            41216               -0.889945           -0.028846           0.753009            0.0463989           -3.30006            -0.0803122          
0.563385            41472               -0.924338           -0.0300318          0.77366             0.0482237           -3.4073             -0.083456           
0.566863            41728               -0.928389           -0.0324846          0.776808            0.0518582           -3.42106            -0.0901665          
0.570341            41984               -0.903137           -0.0313549          0.7511              0.0500409           -3.31536            -0.087185           
0.573818            42240               -0.877861           -0.0285592          0.725437            0.0455088           -3.21053            -0.0797828          
0.577296            42496               -0.879153           -0.0319468          0.735489            0.0503901           -3.23905            -0.0888916          
0.580774            42752               -0.863957           -0.0343056          0.72101             0.0536786           -3.17761            -0.0954824          
0.584251            43008               -0.911649           -0.0324055          0.748654            0.0506875           -3.323              -0.090258           
0.587729            43264               -0.96938            -0.0271265          0.814515            0.0428663           -3.58184            -0.0759326          
0.591207            43520               -0.957937           -0.0389054          0.800305            0.0605461           -3.52505            -0.108              
0.594684            43776               -0.949537           -0.0368071          0.793297            0.0572702           -3.49507            -0.102282           
0.598162            44032               -0.938681           -0.0429339          0.776792            0.0661377           -3.43638            -0.118998           
0.60164             44288               -0.980428           -0.0312618          0.813329            0.0486514           -3.59487            -0.0873332          
0.605117            44544               -0.992016           -0.0312575          0.829339            0.0486576           -3.6536             -0.0874109          
0.608595            44800               -0.974122           -0.0335796          0.799283            0.0519946           -3.5485             -0.0937969          
0.612073            45056               -0.945973           -0.0293508          0.780029            0.0455543           -3.45616            -0.0822063          
0.61555             45312               -0.935907           -0.0292065          0.776682            0.0452894           -3.43173            -0.0818109          
0.619028            45568               -0.927877           -0.0431433          0.771598            0.066072            -3.40575            -0.1198             
0.622506            45824               -0.879384           -0.0245456          0.733414            0.0384814           -3.23266            -0.0689015          
0.625984            46080               -0.883339           -0.0366912          0.729794            0.056421            -3.23015            -0.102131           
0.629461            46336               -0.846177           -0.0272621          0.700455            0.0425967           -3.09711            -0.0761407          
0.632939            46592               -0.797373           -0.0167168          0.651479            0.026692            -2.89694            -0.0473531          
0.636417            46848               -0.816197           -0.0358179          0.672669            0.0549998           -2.98105            -0.0994206          
0.639894            47104               -0.809705           -0.0263197          0.670714            0.0409712           -2.96449            -0.0735783          
0.643372            47360               -0.802354           -0.0278569          0.672877            0.0433501           -2.95847            -0.0775381          
0.64685             47616               -0.831186           -0.0273537          0.690988            0.0425326           -3.0498             -0.0761489          
0.650327            47872               -0.854028           -0.0235465          0.703665            0.0368948           -3.11621            -0.065585           
0.653805            48128               -0.850495           -0.0342191          0.704801            0.0525727           -3.11292            -0.0949007          
0.657283            48384               -0.915071           -0.0244935          0.750231            0.0381726           -3.33               -0.0682455          
0.66076             48640               -0.886358           -0.0290649          0.733249            0.0450631           -3.24004            -0.0808456          
0.664238            48896               -0.938642           -0.0293793          0.778515            0.0455981           -3.43818            -0.0817781          
0.667716            49152               -0.980019           -0.0343535          0.815009            0.0533181           -3.59534            -0.0953494          
0.671193            49408               -0.999256           -0.0353654          0.83904             0.0551606           -3.68778            -0.0979857          
0.674671            49664               -0.982076           -0.032361           0.817836            0.0509185           -3.60695            -0.0896408          
0.678149            49920               -0.99931            -0.0276469          0.836054            0.0440422           -3.68249            -0.0766236          
0.681626            50176               -0.972641           -0.0394346          0.820338            0.0618266           -3.60025            -0.108712           
0.685104            50432               -0.930064           -0.0306101          0.786423            0.0488929           -3.4479             -0.0845163          
0.688582            50688               -0.904833           -0.0326456          0.764766            0.051838            -3.35524            -0.0899926          
0.69206             50944               -0.903974           -0.0293112          0.758573            0.046847            -3.33892            -0.0808522          
0.695537            51200               -0.911116           -0.0305035          0.763489            0.0486146           -3.36256            -0.0841627          
0.699015            51456               -0.858066           -0.0199605          0.72377             0.0328928           -3.17811            -0.0552783          
0.702493            51712               -0.825843           -0.0299792          0.701174            0.0475445           -3.07145            -0.0825537          
0.70597             51968               -0.818908           -0.0276444          0.695395            0.0439206           -3.04607            -0.0762375          
0.709448            52224               -0.797509           -0.027122           0.681176            0.0430969           -2.97632            -0.0749021          
0.712926            52480               -0.808122           -0.0266034          0.686382            0.0423241           -3.00682            -0.0735661          
0.716403            52736               -0.831631           -0.0191801          0.707045            0.0313608           -3.09711            -0.0534742          
0.719881            52992               -0.803219           -0.0262372          0.67674             0.0420989           -2.97423            -0.0725303          
0.723359            53248               -0.810535           -0.0300814          0.680804            0.0476348           -2.99587            -0.0834089          
0.726836            53504               -0.853437           -0.0269391          0.723525            0.0430753           -3.17253            -0.0747614          
0.730314            53760               -0.880696           -0.0281547          0.741432            0.0450861           -3.25999            -0.0780476          
0.733792            54016               -0.88469            -0.0279551          0.74577             0.0447677           -3.27698            -0.0775419          
0.73727             54272               -0.902808           -0.034618           0.764646            0.0546102           -3.3533             -0.0958651          
0.740747            54528               -0.901434           -0.0285415          0.769244            0.0457166           -3.36299            -0.0791009          
0.744225            54784               -0.905589           -0.0420039          0.760711            0.065741            -3.34716            -0.115863           
0.747703            55040               -0.908112           -0.0294544          0.764089            0.046884            -3.35976            -0.0819156          
0.75118             55296               -0.914963           -0.0235007          0.771588            0.0380903           -3.38915            -0.0656297          
0.754658            55552               -0.928928           -0.029718           0.777502            0.0472671           -3.42597            -0.0827519          
0.758136            55808               -0.932676           -0.0259712          0.783401            0.0417119           -3.44645            -0.0726188          
0.761613            56064               -0.915891           -0.0280206          0.773794            0.0448533           -3.3959             -0.0781361          
0.765091            56320               -0.936235           -0.031476           0.775698            0.0498325           -3.43314            -0.0876977          
0.768569            56576               -0.953951           -0.0228169          0.789334            0.036917            -3.49503            -0.0642309          
0.772046            56832               -0.944545           -0.0311014          0.787993            0.0493882           -3.47669            -0.0866866          
0.775524            57088               -0.948426           -0.0241749          0.797684            0.0390492           -3.508              -0.067818           
0.779002            57344               -0.949755           -0.0270331          0.799072            0.0433592           -3.51407            -0.0754385          
0.782479            57600               -0.910884           -0.0250743          0.769698            0.0404644           -3.37838            -0.0698691          
0.785957            57856               -0.893244           -0.0240702          0.753878            0.0388098           -3.31106            -0.067148           
0.789435            58112               -0.911019           -0.0289839          0.770762            0.0461408           -3.38333            -0.0803307          
0.792912            58368               -0.891684           -0.0300343          0.753281            0.0477974           -3.30753            -0.0830916          
0.79639             58624               -0.856554           -0.0162262          0.727223            0.0273143           -3.18617            -0.0452745          
0.799868            58880               -0.855708           -0.0250114          0.730703            0.0404475           -3.19403            -0.0691616          
0.803346            59136               -0.85663            -0.0279608          0.725759            0.0450288           -3.18255            -0.0769771          
0.806823            59392               -0.908376           -0.0206873          0.766126            0.0342049           -3.36622            -0.0574614          
0.810301            59648               -0.935834           -0.0210015          0.794155            0.0351127           -3.47947            -0.0580872          
0.813779            59904               -0.922654           -0.0229525          0.777786            0.0381157           -3.41592            -0.0634244          
0.817256            60160               -0.920088           -0.0268617          0.769541            0.0439077           -3.391              -0.0740964          
0.820734            60416               -0.914458           -0.0227173          0.771354            0.0378728           -3.3865             -0.0627282          
0.824212            60672               -0.889558           -0.0230781          0.747928            0.0383124           -3.28737            -0.0639098          
0.827689            60928               -0.900859           -0.0207521          0.758565            0.0347878           -3.3327             -0.0576259          
0.831167            61184               -0.885245           -0.0212773          0.752531            0.0355448           -3.29251            -0.0591584          
0.834645            61440               -0.858004           -0.017289           0.722948            0.0295547           -3.17424            -0.0481886          
0.838122            61696               -0.865067           -0.0230257          0.740562            0.0378695           -3.23159            -0.0639955          
0.8416              61952               -0.848598           -0.0213654          0.723095            0.0354274           -3.161              -0.0592512          
0.845078            62208               -0.862603           -0.0238951          0.727532            0.0390342           -3.19461            -0.0660861          
0.848555            62464               -0.868902           -0.0196491          0.740402            0.0328311           -3.23701            -0.0544183          
0.852033            62720               -0.899223           -0.02564            0.756788            0.0417318           -3.32619            -0.0708517          
0.855511            62976               -0.927411           -0.0193437          0.785377            0.0324385           -3.44321            -0.0536086          
0.858989            63232               -0.920644           -0.0248626          0.776171            0.0407363           -3.40779            -0.0686692          
0.862466            63488               -0.932649           -0.027211           0.783794            0.0442822           -3.44657            -0.0749884          
0.865944            63744               -0.95055            -0.020852           0.796789            0.0349321           -3.50725            -0.057686           
0.869422            64000               -0.965779           -0.0301205          0.810306            0.0489641           -3.56554            -0.0828665          
0.872899            64256               -0.93538            -0.0230505          0.783473            0.038545            -3.44914            -0.0635321          
0.876377            64512               -0.879272           -0.0204619          0.7341              0.0347628           -3.23548            -0.0562419          
0.879855            64768               -0.864543           -0.0205113          0.713978            0.0348366           -3.16183            -0.0561816          
0.883332            65024               -0.855536           -0.0256177          0.710605            0.0425777           -3.13906            -0.0699192          
0.88681             65280               -0.865371           -0.0227317          0.726024            0.0383383           -3.19403            -0.0620285          
0.890288            65536               -0.822863           -0.0249008          0.689594            0.0416325           -3.03295            -0.067891           
0.893765            65792               -0.807634           -0.0215584          0.680523            0.0366069           -2.98717            -0.0586203          
0.897243            66048               -0.814812           -0.0215392          0.679501            0.036444            -2.99579            -0.0585684          
0.900721            66304               -0.849155           -0.0155852          0.710518            0.0274881           -3.12925            -0.0424575          
0.904198            66560               -0.89011            -0.0181203          0.743331            0.0313885           -3.27655            -0.0493406          
0.907676            66816               -0.887133           -0.027384           0.73784             0.0452694           -3.25691            -0.0745913          
0.911154            67072               -0.910655           -0.0204333          0.761093            0.0348781           -3.35365            -0.055742           
0.914631            67328               -0.931451           -0.024009           0.785299            0.0403765           -3.44799            -0.0653872          
0.918109            67584               -0.922165           -0.0241243          0.769402            0.040526            -3.39233            -0.0659168          
0.921587            67840               -0.938166           -0.0177801          0.784523            0.0309819           -3.45689            -0.0487331          
0.925065            68096               -0.960017           -0.0245683          0.807335            0.0412294           -3.54935            -0.0672476          
0.928542            68352               -0.935668           -0.0202957          0.785521            0.0348879           -3.45468            -0.0557556          
0.93202             68608               -0.924692           -0.0360203          0.77499             0.0582744           -3.41125            -0.0985359          
0.935498            68864               -0.92038            -0.0244264          0.774891            0.0408699           -3.40481            -0.0672166          
0.938975            69120               -0.906891           -0.0302164          0.756359            0.0494323           -3.33607            -0.0829706          
0.942453            69376               -0.930968           -0.0244829          0.782479            0.0408459           -3.44134            -0.0673288          
0.945931            69632               -0.929973           -0.0364677          0.777301            0.0587285           -3.42577            -0.100093           
0.949408            69888               -0.91425            -0.0295012          0.766821            0.0483728           -3.37459            -0.081029           
0.952886            70144               -0.869089           -0.0337374          0.730878            0.0544137           -3.21259            -0.0925733          
0.956364            70400               -0.868494           -0.0246539          0.733867            0.0406275           -3.22034            -0.0679238          
0.959841            70656               -0.865461           -0.0269772          0.728486            0.0439263           -3.20201            -0.0743081          
0.963319            70912               -0.880561           -0.0255565          0.743612            0.0417742           -3.26494            -0.0702921          
0.966797            71168               -0.864729           -0.0270823          0.7349              0.0439667           -3.21758            -0.0743163          
0.970275            71424               -0.820219           -0.0261603          0.688282            0.0425245           -3.02878            -0.0714369          
0.973752            71680               -0.817355           -0.0233007          0.691448            0.0380579           -3.0334             -0.0634795          
0.97723             71936               -0.824187           -0.0254705          0.706434            0.0413448           -3.08208            -0.0692774          
0.980708            72192               -0.828242           -0.0276481          0.716389            0.0447694           -3.11353            -0.0749691          
0.984185            72448               -0.855547           -0.0233816          0.737473            0.0383953           -3.21001            -0.063428           
0.987663            72704               -0.859388           -0.0194429          0.742079            0.0326502           -3.22723            -0.0525869          
0.991141            72960               -0.864861           -0.025513           0.742646            0.0417997           -3.23737            -0.0689935          
0.994618            73216               -0.884633           -0.0303768          0.756798            0.0491136           -3.30454            -0.082236           
0.998096            73472               -0.894111           -0.0273516          0.758052            0.0446853           -3.32232            -0.0740152          
1.00157             73728               -0.925242           -0.0280957          0.79044             0.0457976           -3.4541             -0.0763192          
1.00505             73984               -0.932326           -0.0255436          0.792319            0.0421901           -3.46996            -0.0692518          
1.00853             74240               -0.940103           -0.0287211          0.79721             0.0468624           -3.49434            -0.0780692          
1.01201             74496               -0.936299           -0.0332767          0.805718            0.0536924           -3.5106             -0.0905159          
1.01548             74752               -0.944164           -0.0224544          0.803668            0.0376264           -3.5169             -0.0610716          
1.01896             75008               -0.936099           -0.0217463          0.791102            0.0365041           -3.47221            -0.0591917          
1.02244             75264               -0.94061            -0.0379293          0.796134            0.0604705           -3.49238            -0.103424           
1.02592             75520               -0.8996             -0.0320496          0.764019            0.0517787           -3.34539            -0.0872643          
1.0294              75776               -0.872254           -0.0266767          0.735301            0.0435669           -3.22968            -0.0727159          
1.03287             76032               -0.836613           -0.0287117          0.70847             0.0464403           -3.10576            -0.0782695          
1.03635             76288               -0.84782            -0.025285           0.716363            0.0411974           -3.14481            -0.069003           
1.03983             76544               -0.836636           -0.0267286          0.713517            0.0433214           -3.1197             -0.073032           
1.04331             76800               -0.821172           -0.0180131          0.691216            0.0302213           -3.03762            -0.049437           
1.04678             77056               -0.854345           -0.0274126          0.723314            0.044117            -3.1725             -0.0751147          
1.05026             77312               -0.872505           -0.0229667          0.746515            0.0375943           -3.25928            -0.063137           
1.05374             77568               -0.860353           -0.0333203          0.733827            0.0529698           -3.20656            -0.0914091          
1.05722             77824               -0.835509           -0.0211093          0.710349            0.0346596           -3.10777            -0.0581338          
1.06069             78080               -0.859645           -0.0265677          0.717882            0.0425031           -3.16465            -0.073243           
1.06417             78336               -0.902049           -0.0289963          0.766003            0.0461862           -3.35355            -0.0798952          
1.06765             78592               -0.962092           -0.025305           0.815718            0.0409206           -3.57374            -0.0698423          
1.07113             78848               -0.94744            -0.0330235          0.801692            0.0524223           -3.51417            -0.0911082          
1.07461             79104               -0.946108           -0.0276238          0.794764            0.0445387           -3.49481            -0.076122           
1.07808             79360               -0.971509           -0.0270919          0.829379            0.0437261           -3.62414            -0.0747859          
1.08156             79616               -0.937058           -0.0414977          0.796483            0.0653154           -3.48554            -0.113998           
1.08504             79872               -0.911832           -0.0288857          0.771405            0.0464215           -3.38303            -0.0796205          
1.08852             80128               -0.921391           -0.0375342          0.787231            0.0592839           -3.43961            -0.103226           
1.09199             80384               -0.916241           -0.0345624          0.786052            0.0549934           -3.42824            -0.0950444          
1.09547             80640               -0.918348           -0.0357033          0.782162            0.0568236           -3.42171            -0.0981278          
1.09895             80896               -0.886833           -0.0349708          0.761292            0.0557046           -3.31904            -0.0962049          
1.10243             81152               -0.870274           -0.0317811          0.739176            0.0509998           -3.23666            -0.0873338          
1.1059              81408               -0.853325           -0.0335401          0.735747            0.0535492           -3.20154            -0.0922648          
1.10938             81664               -0.849424           -0.033376           0.724985            0.0533092           -3.16792            -0.0918335          
1.11286             81920               -0.836736           -0.0281041          0.704749            0.0454442           -3.09612            -0.0774055          
1.11634             82176               -0.867329           -0.029442           0.736975            0.0474814           -3.22684            -0.0810882          
1.11981             82432               -0.897713           -0.0340689          0.766877            0.0545595           -3.35078            -0.093663           
1.12329             82688               -0.899123           -0.0262006          0.757235            0.0428887           -3.32709            -0.0722746          
1.12677             82944               -0.867491           -0.0275698          0.730902            0.0448223           -3.21032            -0.0760109          
1.13025             83200               -0.861532           -0.0288617          0.72463             0.0464366           -3.18557            -0.0796982          
1.13373             83456               -0.887018           -0.0173543          0.75033             0.0292965           -3.29056            -0.0483293          
1.1372              83712               -0.892351           -0.0217172          0.760973            0.0358589           -3.32551            -0.0601751          
1.14068             83968               -0.89316            -0.0285015          0.757868            0.0459293           -3.31887            -0.0785914          
1.14416             84224               -0.887283           -0.0204855          0.742547            0.0338349           -3.27063            -0.0567694          
1.14764             84480               -0.890549           -0.0210459          0.755295            0.034631            -3.30869            -0.0580982          
1.15111             84736               -0.906895           -0.0258146          0.76564             0.041693            -3.36066            -0.0712631          
1.15459             84992               -0.904192           -0.0272699          0.762621            0.0437897           -3.34858            -0.075322           
1.15807             85248               -0.933414           -0.0282654          0.793474            0.0452251           -3.47349            -0.0782703          
1.16155             85504               -0.935803           -0.0219325          0.797551            0.036002            -3.48674            -0.0610024          
1.16502             85760               -0.939586           -0.0259511          0.789562            0.0420875           -3.4717             -0.0719498          
1.1685              86016               -0.945932           -0.0252273          0.790464            0.0411049           -3.48402            -0.0698753          
1.17198             86272               -0.944725           -0.0230881          0.796037            0.0379422           -3.49634            -0.0640511          
1.17546             86528               -0.955358           -0.0170737          0.800266            0.0289954           -3.52372            -0.0477433          
1.17894             86784               -0.975982           -0.0325901          0.817204            0.052219            -3.59915            -0.0899387          
1.18241             87040               -0.96987            -0.0199395          0.810339            0.0333823           -3.57178            -0.0554716          
1.18589             87296               -0.965687           -0.0259089          0.812649            0.0422886           -3.57199            -0.0715744          
1.18937             87552               -0.956182           -0.0245428          0.797178            0.0402089           -3.51742            -0.0678378          
1.19285             87808               -0.943041           -0.0220198          0.795151            0.0363296           -3.49219            -0.0608968          
1.19632             88064               -0.944002           -0.0219394          0.785755            0.0362008           -3.46982            -0.0605342          
1.1998              88320               -0.895923           -0.0325345          0.753659            0.0518773           -3.31268            -0.0892882          
1.20328             88576               -0.857399           -0.0271172          0.719746            0.0436836           -3.16643            -0.0744061          
1.20676             88832               -0.852625           -0.0183911          0.719503            0.0305738           -3.15941            -0.0504901          
1.21023             89088               -0.897504           -0.0296358          0.759572            0.0473605           -3.33158            -0.0811548          
1.21371             89344               -0.939027           -0.0189402          0.803217            0.0316408           -3.50815            -0.0520367          
1.21719             89600               -0.912415           -0.0297945          0.774731            0.0479814           -3.3928             -0.0813908          
1.22067             89856               -0.873674           -0.0278293          0.738675            0.0449811           -3.24101            -0.0757929          
1.22415             90112               -0.874912           -0.0268789          0.740958            0.0434328           -3.24983            -0.0731407          
1.22762             90368               -0.891071           -0.0232814          0.749963            0.0381689           -3.29764            -0.0632964          
1.2311              90624               -0.875534           -0.0283274          0.732211            0.0458135           -3.22696            -0.0769829          
1.23458             90880               -0.852795           -0.0311973          0.711459            0.0500428           -3.13889            -0.0846427          
1.23806             91136               -0.87726            -0.0305087          0.732117            0.0489748           -3.23038            -0.0828249          
1.24153             91392               -0.901025           -0.0245385          0.755983            0.0402747           -3.32817            -0.0664211          
1.24501             91648               -0.889466           -0.0278705          0.751637            0.0452961           -3.29889            -0.0755179          
1.24849             91904               -0.868398           -0.0336453          0.725747            0.0538807           -3.19873            -0.0912429          
1.25197             92160               -0.880472           -0.0259296          0.737311            0.0422094           -3.24775            -0.0703684          
1.25544             92416               -0.907031           -0.029016           0.759094            0.0469367           -3.34459            -0.0787171          
1.25892             92672               -0.94472            -0.0231135          0.794761            0.0382413           -3.49513            -0.0626699          
1.2624              92928               -0.894523           -0.0364241          0.753259            0.0581682           -3.30873            -0.0987912          
1.26588             93184               -0.890378           -0.034256           0.740722            0.0546614           -3.2711             -0.0929974          
1.26936             93440               -0.902659           -0.0262925          0.757785            0.0426443           -3.33521            -0.0713941          
1.27283             93696               -0.914045           -0.0372251          0.765643            0.0589621           -3.37236            -0.101139           
1.27631             93952               -0.947517           -0.0232466          0.794714            0.0381308           -3.49894            -0.0631803          
1.27979             94208               -0.985637           -0.0272652          0.822679            0.0441894           -3.62957            -0.0742598          
1.28327             94464               -0.9673             -0.0239227          0.806464            0.0392505           -3.5582             -0.0652843          
1.28674             94720               -0.942584           -0.0249215          0.782302            0.0409427           -3.45853            -0.0676279          
1.29022             94976               -0.903876           -0.0214926          0.752101            0.0356259           -3.32097            -0.0583945          
1.2937              95232               -0.933564           -0.0266775          0.774142            0.0432834           -3.42452            -0.0725694          
1.29718             95488               -0.930302           -0.027633           0.775234            0.0448547           -3.42153            -0.0751482          
1.30065             95744               -0.925228           -0.027612           0.772391            0.0447488           -3.40641            -0.0753128          
1.30413             96000               -0.907592           -0.0183306          0.75715             0.0309801           -3.34062            -0.0498174          
1.30761             96256               -0.901569           -0.0203491          0.749319            0.0339696           -3.31055            -0.0553481          
1.31109             96512               -0.923139           -0.0201822          0.775163            0.0336441           -3.41071            -0.0551248          
1.31457             96768               -0.941795           -0.0284779          0.791611            0.0461036           -3.4815             -0.0776832          
1.31804             97024               -0.922368           -0.0291501          0.778144            0.0470466           -3.41617            -0.079597           
1.32152             97280               -0.908957           -0.0239342          0.767716            0.039356            -3.36862            -0.0651705          
1.325               97536               -0.917012           -0.023667           0.777715            0.0387362           -3.40775            -0.0646571          
1.32848             97792               -0.946487           -0.0309824          0.793276            0.049582            -3.49326            -0.0846819          
1.33195             98048               -0.956285           -0.0274339          0.806356            0.0444286           -3.54198            -0.0749839          
1.33543             98304               -0.930105           -0.0247814          0.783609            0.0404191           -3.44206            -0.0678813          
1.33891             98560               -0.938489           -0.0291727          0.791831            0.0469586           -3.47709            -0.0797713          
1.34239             98816               -0.940535           -0.0210201          0.794555            0.0347813           -3.48737            -0.0577259          
1.34586             99072               -0.921557           -0.0255032          0.786678            0.0414428           -3.43804            -0.0699612          
1.34934             99328               -0.919143           -0.0211129          0.786422            0.0349764           -3.43369            -0.0579341          
1.35282             99584               -0.948077           -0.0311158          0.802627            0.0498084           -3.52052            -0.0854247          
1.3563              99840               -0.948043           -0.0249195          0.80765             0.0407449           -3.53251            -0.0685515          
1.35978             100096              -0.94179            -0.0296368          0.801363            0.047747            -3.50661            -0.0815702          
1.36325             100352              -0.934286           -0.0297368          0.789998            0.0479592           -3.46624            -0.0817593          
1.36673             100608              -0.953806           -0.0215012          0.806171            0.0356683           -3.53842            -0.0595201          
1.37021             100864              -0.925393           -0.0326542          0.778444            0.0524692           -3.42122            -0.0897916          
1.37369             101120              -0.928983           -0.0229356          0.781328            0.0380335           -3.43558            -0.0632301          
1.37716             101376              -0.942347           -0.0328809          0.790478            0.052815            -3.4796             -0.0904015          
1.38064             101632              -0.960057           -0.0242795          0.796818            0.0401053           -3.5229             -0.0669144          
1.38412             101888              -0.965788           -0.0290532          0.809775            0.047235            -3.5648             -0.0799979          
1.3876              102144              -0.990659           -0.0154807          0.826472            0.0269576           -3.64701            -0.0432184          
1.39107             102400              -0.962377           -0.0333357          0.800765            0.0536152           -3.53685            -0.0917397          
1.39455             102656              -0.919326           -0.0182769          0.763279            0.0311272           -3.37353            -0.0506765          
1.39803             102912              -0.902031           -0.0228498          0.756872            0.037691            -3.33136            -0.0634078          
1.40151             103168              -0.88562            -0.0355394          0.738233            0.0565977           -3.25753            -0.0980748          
1.40499             103424              -0.866475           -0.0274379          0.716744            0.0445102           -3.17252            -0.0760763          
1.40846             103680              -0.833737           -0.0360198          0.686652            0.0571602           -3.04489            -0.0995298          
1.41194             103936              -0.836519           -0.0266201          0.686517            0.0430403           -3.04967            -0.074104           
1.41542             104192              -0.84024            -0.0261687          0.691115            0.0425843           -3.06616            -0.0729394          
1.4189              104448              -0.824725           -0.0269887          0.686774            0.0438734           -3.03022            -0.0754433          
1.42237             104704              -0.840194           -0.0210003          0.695964            0.0352116           -3.07821            -0.0590605          
1.42585             104960              -0.859207           -0.0309822          0.708301            0.0500835           -3.13931            -0.0865096          
1.42933             105216              -0.853981           -0.0221463          0.703268            0.0372013           -3.11806            -0.0621219          
1.43281             105472              -0.841157           -0.0305921          0.692205            0.0497519           -3.07033            -0.08521            
1.43628             105728              -0.83083            -0.0160011          0.684897            0.028051            -3.03594            -0.0452957          
1.43976             105984              -0.874894           -0.0301039          0.720192            0.0490559           -3.19546            -0.0838163          
1.44324             106240              -0.898478           -0.0292687          0.741755            0.0478066           -3.2867             -0.0817069          
1.44672             106496              -0.883005           -0.0377123          0.733782            0.0605879           -3.24129            -0.104389           
1.4502              106752              -0.876789           -0.0245026          0.722022            0.0408353           -3.20208            -0.0682648          
1.45367             107008              -0.88926            -0.0287277          0.728886            0.0468538           -3.2395             -0.0800026          
1.45715             107264              -0.863424           -0.0245172          0.715322            0.0406906           -3.16339            -0.0682086          
1.46063             107520              -0.874163           -0.0331617          0.717475            0.0534212           -3.18614            -0.091737           
1.46411             107776              -0.84906            -0.0286657          0.704188            0.0466617           -3.11255            -0.0793382          
1.46758             108032              -0.872726           -0.0289265          0.726951            0.0468924           -3.20812            -0.080136           
1.47106             108288              -0.859635           -0.0311089          0.717734            0.0501207           -3.16321            -0.0860142          
1.47454             108544              -0.870946           -0.0246433          0.723794            0.0403641           -3.19603            -0.0683667          
1.47802             108800              -0.92508            -0.0423874          0.765336            0.0668047           -3.38721            -0.116595           
1.48149             109056              -0.957905           -0.0242286          0.804313            0.0396529           -3.53725            -0.0672631          
1.48497             109312              -1.00663            -0.0413269          0.840972            0.0651264           -3.70661            -0.113869           
1.48845             109568              -1.01706            -0.0402449          0.846888            0.0634472           -3.73795            -0.110838           
1.49193             109824              -1.00751            -0.0370819          0.842795            0.0586094           -3.71272            -0.102111           
1.49541             110080              -0.977891           -0.0402654          0.820218            0.0631755           -3.60921            -0.110606           
1.49888             110336              -0.962805           -0.0272852          0.799199            0.043412            -3.5327             -0.075384           
1.50236             110592              -0.916836           -0.040931           0.77341             0.0635057           -3.39569            -0.11252            
1.50584             110848              -0.871148           -0.0314469          0.73066             0.0491278           -3.21549            -0.0866132          
1.50932             111104              -0.833338           -0.0251181          0.698999            0.0395187           -3.0754             -0.0691573          
1.51279             111360              -0.825946           -0.0329545          0.690031            0.0510228           -3.04116            -0.0904406          
1.51627             111616              -0.797849           -0.0269638          0.669515            0.0419849           -2.94428            -0.0740396          
1.51975             111872              -0.797567           -0.03283            0.667037            0.0505335           -2.93786            -0.0902577          
1.52323             112128              -0.753827           -0.0293553          0.627736            0.0452197           -2.76813            -0.0807594          
1.5267              112384              -0.74333            -0.0243106          0.628841            0.0376787           -2.75493            -0.0669439          
1.53018             112640              -0.77093            -0.0253728          0.647462            0.039434            -2.84545            -0.0696771          
1.53366             112896              -0.822361           -0.0279667          0.690622            0.0433092           -3.0358             -0.0770258          
1.53714             113152              -0.874185           -0.0255841          0.730215            0.040086            -3.21693            -0.0704269          
1.54062             113408              -0.926271           -0.024162           0.763796            0.0381732           -3.3835             -0.066669           
1.54409             113664              -0.962342           -0.0295633          0.798743            0.0465329           -3.52847            -0.081307           
1.54757             113920              -0.967393           -0.0351666          0.808395            0.0550661           -3.5595             -0.0966652          
1.55105             114176              -0.947335           -0.0320695          0.784442            0.050672            -3.46653            -0.0880228          
1.55453             114432              -0.932758           -0.0349854          0.761241            0.0549541           -3.38485            -0.0959608          
1.558               114688              -0.92948            -0.0250587          0.758816            0.0401353           -3.37378            -0.0689102          
1.56148             114944              -0.920208           -0.0314274          0.751327            0.0498687           -3.33937            -0.086085           
1.56496             115200              -0.919489           -0.029071           0.750034            0.0465038           -3.33538            -0.079604           
1.56844             115456              -0.936524           -0.0254902          0.757867            0.0410897           -3.38302            -0.0700152          
1.57191             115712              -0.887146           -0.0258591          0.724195            0.041777            -3.21867            -0.0710395          
1.57539             115968              -0.898224           -0.0275596          0.730655            0.0443142           -3.25366            -0.0758227          
1.57887             116224              -0.895872           -0.021651           0.725867            0.0357111           -3.2376             -0.0596347          
1.58235             116480              -0.883242           -0.0161269          0.71443             0.0275018           -3.18823            -0.0446994          
1.58582             116736              -0.880622           -0.0261685          0.711884            0.0426023           -3.17726            -0.0720953          
1.5893              116992              -0.868846           -0.0169673          0.701044            0.0291101           -3.13102            -0.0470346          
1.59278             117248              -0.877083           -0.0209641          0.707805            0.0352213           -3.16188            -0.0580109          
1.59626             117504              -0.885623           -0.0206613          0.710451            0.0352323           -3.18153            -0.0569258          
1.59974             117760              -0.929291           -0.0233407          0.746388            0.0393979           -3.34176            -0.0645457          
1.60321             118016              -0.929539           -0.0250027          0.749834            0.0422286           -3.35085            -0.0690258          
1.60669             118272              -0.891205           -0.0226993          0.722616            0.0388256           -3.222              -0.0627673          
1.61017             118528              -0.862073           -0.0139099          0.693743            0.0256031           -3.10399            -0.0387587          
1.61365             118784              -0.867873           -0.0244715          0.70025             0.0410499           -3.13057            -0.0677236          
1.61712             119040              -0.862812           -0.0276023          0.71575             0.0458999           -3.16271            -0.0759793          
1.6206              119296              -0.828178           -0.0166146          0.688492            0.0294328           -3.03923            -0.0459615          
1.62408             119552              -0.837503           -0.0169227          0.689751            0.0295958           -3.0579             -0.0468687          
1.62756             119808              -0.835541           -0.0257407          0.690657            0.0427544           -3.05671            -0.0706674          
1.63103             120064              -0.815747           -0.0137582          0.681728            0.0249227           -3.00312            -0.0379706          
1.63451             120320              -0.821775           -0.0268249          0.681121            0.0441461           -3.01078            -0.0737311          
1.63799             120576              -0.839157           -0.0182507          0.690171            0.0315955           -3.06044            -0.0501686          
1.64147             120832              -0.855389           -0.0211549          0.707892            0.0360446           -3.13098            -0.0579889          
1.64495             121088              -0.891256           -0.0190266          0.731759            0.032945            -3.24812            -0.0523148          
1.64842             121344              -0.911423           -0.0244624          0.75134             0.0412382           -3.32946            -0.0670938          
1.6519              121600              -0.970872           -0.0210673          0.814152            0.036301            -3.58303            -0.058113           
1.65538             121856              -1.01568            -0.0283724          0.84984             0.0475456           -3.74363            -0.0781114          
1.65886             122112              -1.05115            -0.0213193          0.872464            0.0372857           -3.85673            -0.0588913          
1.66233             122368              -1.05749            -0.0246586          0.881266            0.0423303           -3.8892             -0.0681151          
1.66581             122624              -1.04704            -0.0306128          0.863847            0.0512648           -3.8286             -0.0843629          
1.66929             122880              -1.03759            -0.0283796          0.862766            0.0478546           -3.8115             -0.0783215          
1.67277             123136              -0.998193           -0.0242408          0.837663            0.0417445           -3.68555            -0.0669325          
1.67624             123392              -0.956127           -0.0279303          0.796919            0.0469802           -3.51684            -0.0770794          
1.67972             123648              -0.930055           -0.0259446          0.774208            0.0439526           -3.41859            -0.0714892          
1.6832              123904              -0.935808           -0.021563           0.778637            0.0373268           -3.43941            -0.0595638          
1.68668             124160              -0.920568           -0.0361995          0.7757              0.0590691           -3.40809            -0.0995303          
1.69016             124416              -0.900169           -0.026871           0.766067            0.0451746           -3.35273            -0.0740231          
1.69363             124672              -0.84906            -0.0199381          0.715697            0.0347537           -3.14353            -0.0549077          
1.69711             124928              -0.83942            -0.0334081          0.709626            0.0545582           -3.11416            -0.0916552          
1.70059             125184              -0.865221           -0.0260232          0.732121            0.0434701           -3.21213            -0.0716104          
1.70407             125440              -0.891298           -0.0276879          0.759975            0.0460665           -3.3237             -0.0761144          
1.70754             125696              -0.911392           -0.022306           0.780215            0.0382291           -3.40722            -0.0613646          
1.71102             125952              -0.928051           -0.0254867          0.787668            0.0428769           -3.45235            -0.0701264          
1.7145              126208              -0.939358           -0.0333245          0.794178            0.0545919           -3.48579            -0.0914671          
1.71798             126464              -0.944012           -0.036585           0.798845            0.0595293           -3.50512            -0.10023            
1.72145             126720              -0.947371           -0.0350519          0.806127            0.0572512           -3.52892            -0.0961457          
1.72493             126976              -0.932375           -0.0278854          0.793433            0.0466516           -3.4733             -0.0765172          
1.72841             127232              -0.937036           -0.0359316          0.805997            0.0586772           -3.51345            -0.0984426          
1.73189             127488              -0.925835           -0.0290881          0.795006            0.0486053           -3.46643            -0.0797856          
1.73537             127744              -0.948843           -0.0308228          0.80504             0.0511286           -3.52819            -0.0846246          
1.73884             128000              -0.949724           -0.0327253          0.803844            0.0539929           -3.52586            -0.0898899          
1.74232             128256              -0.967591           -0.0263112          0.832557            0.0445595           -3.62777            -0.0723582          
1.7458              128512              -0.956816           -0.029209           0.818351            0.0490126           -3.57456            -0.0801209          
1.74928             128768              -0.951012           -0.0318259          0.819553            0.0529384           -3.56938            -0.0870904          
1.75275             129024              -0.954259           -0.0232926          0.825912            0.0404426           -3.59048            -0.0635688          
1.75623             129280              -0.960799           -0.0248844          0.823607            0.0427364           -3.59439            -0.0680417          
1.75971             129536              -0.960934           -0.0328738          0.820796            0.0545861           -3.58744            -0.0898257          
1.76319             129792              -0.963743           -0.0305837          0.827264            0.0511816           -3.60883            -0.0835055          
1.76666             130048              -0.916617           -0.0295875          0.783212            0.0494974           -3.42273            -0.080809           
1.77014             130304              -0.896823           -0.0288022          0.756474            0.048196            -3.32449            -0.078446           
1.77362             130560              -0.88209            -0.0273081          0.754415            0.0456855           -3.29626            -0.0745219          
1.7771              130816              -0.893539           -0.0302585          0.763931            0.0501785           -3.33805            -0.0824593          
1.78058             131072              -0.899265           -0.0267559          0.760608            0.0448669           -3.33853            -0.0730075          
1.78405             131328              -0.883163           -0.0252226          0.747139            0.0424309           -3.27869            -0.0688766          
1.78753             131584              -0.883629           -0.020759           0.74953             0.0355311           -3.28548            -0.0569076          
1.79101             131840              -0.945677           -0.0328837          0.804124            0.0535394           -3.52205            -0.0902217          
1.79449             132096              -0.941573           -0.0362549          0.794858            0.058845            -3.49038            -0.0992327          
1.79796             132352              -0.938271           -0.0285875          0.796767            0.0473649           -3.49049            -0.0784233          
1.80144             132608              -0.944393           -0.0329271          0.810731            0.0537263           -3.53571            -0.0903932          
1.80492             132864              -0.922346           -0.0266876          0.786893            0.0444898           -3.43994            -0.0734294          
1.8084              133120              -0.934682           -0.0299045          0.788562            0.0491732           -3.46461            -0.0822358          
1.81187             133376              -0.919263           -0.0273878          0.777603            0.0453327           -3.4122             -0.0755096          
1.81535             133632              -0.898025           -0.0402145          0.768325            0.0643606           -3.35589            -0.110542           
1.81883             133888              -0.891142           -0.0226449          0.761496            0.0381046           -3.32767            -0.0626472          
1.82231             134144              -0.889902           -0.0306554          0.75938             0.0498948           -3.32044            -0.0846535          
1.82579             134400              -0.891261           -0.0226277          0.757744            0.0379782           -3.31814            -0.0626551          
1.82926             134656              -0.900992           -0.0303966          0.764579            0.0493699           -3.35116            -0.0839916          
1.83274             134912              -0.913333           -0.0106591          0.772114            0.0197988           -3.3895             -0.0303606          
1.83622             135168              -0.916535           -0.0267885          0.779333            0.0436224           -3.41393            -0.0744037          
1.8397              135424              -0.886629           -0.0142781          0.752555            0.0248831           -3.29849            -0.040281           
1.84317             135680              -0.893662           -0.0164593          0.75473             0.0278629           -3.31559            -0.0463893          
1.84665             135936              -0.901963           -0.0143264          0.762643            0.0247604           -3.34836            -0.040481           
1.85013             136192              -0.896859           -0.0137526          0.757546            0.0237023           -3.32783            -0.0391603          
1.85361             136448              -0.900562           -0.00524958         0.756127            0.0107843           -3.32991            -0.0161376          
1.85708             136704              -0.930557           -0.0130055          0.789578            0.0225132           -3.46192            -0.0371784          
1.86056             136960              -0.932748           -0.0138842          0.79531             0.0239156           -3.47959            -0.0396301          
1.86404             137216              -0.911739           -0.0134832          0.771361            0.0233632           -3.38485            -0.0384267          
1.86752             137472              -0.918539           -0.0200878          0.770734            0.0330741           -3.39491            -0.0565219          
1.871               137728              -0.916823           -0.0135821          0.772745            0.0234241           -3.39682            -0.038765           
1.87447             137984              -0.922708           -0.0156983          0.783338            0.0266856           -3.43273            -0.0445859          
1.87795             138240              -0.915371           -0.0262046          0.777191            0.0424735           -3.40498            -0.0730635          
1.88143             138496              -0.909499           -0.0126499          0.772806            0.0223322           -3.38441            -0.0360335          
1.88491             138752              -0.894201           -0.023642           0.764812            0.0387169           -3.33948            -0.0658735          
1.88838             139008              -0.890653           -0.0199444          0.753905            0.033156            -3.3061             -0.0557907          
1.89186             139264              -0.880748           -0.0242174          0.748901            0.039476            -3.27797            -0.0672364          
1.89534             139520              -0.899323           -0.0140273          0.764882            0.0241721           -3.34852            -0.039453           
1.89882             139776              -0.894167           -0.0219816          0.761531            0.0361894           -3.33139            -0.060725           
1.90229             140032              -0.921364           -0.0213909          0.783346            0.0352842           -3.42947            -0.0590766          
1.90577             140288              -0.933454           -0.0252253          0.788539            0.0410888           -3.46068            -0.0694226          
1.90925             140544              -0.968786           -0.0297069          0.81338             0.0477335           -3.58009            -0.0815423          
1.91273             140800              -1.00216            -0.0263433          0.841559            0.0428861           -3.70377            -0.0721971          
1.91621             141056              -0.972465           -0.0265679          0.822365            0.0432845           -3.60783            -0.0727632          
1.91968             141312              -0.97273            -0.0275047          0.816079            0.0446728           -3.59261            -0.0753129          
1.92316             141568              -0.950734           -0.0222581          0.79648             0.0368818           -3.50767            -0.0609902          
1.92664             141824              -0.947201           -0.0172518          0.795647            0.0294332           -3.50015            -0.0473848          
1.93012             142080              -0.928654           -0.0294006          0.782722            0.0476479           -3.438              -0.0804005          
1.93359             142336              -0.90855            -0.0293753          0.765127            0.0477612           -3.36103            -0.0801322          
1.93707             142592              -0.904126           -0.0269421          0.769559            0.0440837           -3.36649            -0.0736757          
1.94055             142848              -0.911507           -0.0288584          0.759798            0.0470961           -3.35222            -0.078728           
1.94403             143104              -0.896373           -0.0244866          0.746497            0.040648            -3.2947             -0.0667858          
1.9475              143360              -0.916734           -0.0298772          0.759858            0.0486643           -3.36155            -0.0814923          
1.95098             143616              -0.909881           -0.0173275          0.757995            0.0299422           -3.34609            -0.0474176          
1.95446             143872              -0.899094           -0.0294026          0.754787            0.0478796           -3.3209             -0.0804308          
1.95794             144128              -0.875054           -0.0190429          0.738675            0.0326201           -3.24187            -0.0518778          
1.96142             144384              -0.862817           -0.0277871          0.715784            0.0454971           -3.16388            -0.0757816          
1.96489             144640              -0.876179           -0.0260336          0.730427            0.0427104           -3.22303            -0.0711834          
1.96837             144896              -0.877661           -0.0221906          0.731861            0.0370169           -3.22863            -0.0606479          
1.97185             145152              -0.870795           -0.0316777          0.73046             0.0509052           -3.21436            -0.0868597          
1.97533             145408              -0.877364           -0.0268857          0.739092            0.043674            -3.24739            -0.0739362          
1.9788              145664              -0.870308           -0.0347631          0.735301            0.0553144           -3.2265             -0.0955761          
1.98228             145920              -0.845999           -0.0273401          0.717924            0.0440158           -3.14422            -0.075631           
1.98576             146176              -0.813387           -0.0279348          0.689106            0.0448286           -3.02               -0.0772406          
1.98924             146432              -0.822854           -0.0267971          0.698691            0.042948            -3.0604             -0.0743345          
1.99271             146688              -0.857413           -0.0181361          0.735529            0.0302305           -3.2083             -0.0506978          
1.99619             146944              -0.853683           -0.0255821          0.735032            0.0415769           -3.19975            -0.0709321          
1.99967             147200              -0.852681           -0.0199788          0.727669            0.0334566           -3.1788             -0.0554678          
