#Time               nTime               force-x             force-y             force-z             moment-x            moment-y            moment-z            
0                   0                   2.03402e-05         1.65367e-07         8.92982e-06         -3.80344e-06        3.84843e-06         8.5766e-06          
0.00347769          256                 0.193392            0.00837221          0.0397824           -0.0220687          0.0932711           0.0927111           
0.00695537          512                 1.39742             -0.0134498          0.246416            -0.0868891          0.724706            0.534355            
0.0104331           768                 2.72345             -0.0303417          2.92552             -1.1327             -1.65632            1.06975             
0.0139107           1024                -0.310209           -0.096416           -0.911648           0.450188            0.911814            -0.235798           
0.0173884           1280                -5.27241            0.0245507           -3.21207            1.22919             0.114462            -2.04867            
0.0208661           1536                -5.12366            0.0572595           -2.30802            0.861374            -0.90501            -1.94865            
0.0243438           1792                2.94394             0.0026763           0.377353            -0.153402           1.71016             1.14639             
0.0278215           2048                1.57568             0.00129995          0.789708            -0.311231           0.176742            0.613331            
0.0312992           2304                -0.331851           0.00438752          0.374669            -0.140549           -0.714164           -0.131502           
0.0347769           2560                -1.61563            0.0139856           -0.795195           0.306835            -0.199849           -0.623033           
0.0382545           2816                0.216873            -0.0155705          -0.203806           0.0977881           0.416933            0.0563401           
0.0417322           3072                0.460937            0.00181573          0.282795            -0.110273           -0.0133046          0.17876             
0.0452099           3328                -0.142802           0.00146019          0.0038299           0.00102122          -0.110295           -0.0575739          
0.0486876           3584                -0.288315           0.00185459          -0.138764           0.0558615           -0.0396447          -0.113886           
0.0521653           3840                -0.276221           -0.000513796        -0.128229           0.0529485           -0.0439892          -0.112191           
0.055643            4096                -0.233074           -0.00163052         -0.102958           0.0438735           -0.0436371          -0.0959751          
0.0591207           4352                -0.11245            -0.0002545          -0.0654316          0.0276615           -0.00132955         -0.0462373          
0.0625984           4608                -0.150575           -0.000461209        -0.096556           0.039904            0.00947335          -0.0618802          
0.066076            4864                -0.230399           0.000340987         -0.129445           0.0520137           -0.00845512         -0.0920474          
0.0695537           5120                -0.279303           0.00207651          -0.144015           0.0564002           -0.0263707          -0.108863           
0.0730314           5376                -0.19917            0.00230786          -0.125019           0.0487617           0.00921597          -0.0770466          
0.0765091           5632                -0.188049           0.00165301          -0.109941           0.0434227           -0.00141821         -0.0738617          
0.0799868           5888                -0.207295           0.000479895         -0.120273           0.0486462           -0.00270146         -0.0833597          
0.0834645           6144                -0.228954           0.000864374         -0.129205           0.0519679           -0.0075345          -0.0915765          
0.0869422           6400                -0.21619            0.00112962          -0.124227           0.0499833           -0.0042968          -0.0864064          
0.0904198           6656                -0.230629           0.000604582         -0.132359           0.0537278           -0.00479182         -0.0930636          
0.0938975           6912                -0.237232           0.000508008         -0.12907            0.0526761           -0.013795           -0.0960177          
0.0973752           7168                -0.230109           0.000339664         -0.118672           0.0488855           -0.0215272          -0.093555           
0.100853            7424                -0.235169           -0.000130971        -0.125005           0.0518387           -0.017341           -0.096278           
0.104331            7680                -0.254744           -0.000461209        -0.136446           0.0566869           -0.0175             -0.104567           
0.107808            7936                -0.196117           0.000962106         -0.108096           0.0443121           -0.00959956         -0.0792944          
0.111286            8192                -0.207459           0.000135601         -0.110443           0.0458648           -0.0150733          -0.0848961          
0.114764            8448                -0.241352           -0.001103           -0.126322           0.0530796           -0.0203033          -0.100019           
0.118241            8704                -0.263946           -0.000951357        -0.142953           0.0594255           -0.0161975          -0.10867            
0.121719            8960                -0.237499           -0.00107803         -0.133982           0.0559159           -0.00784502         -0.0983782          
0.125197            9216                -0.211183           0.00112565          -0.121152           0.0490494           -0.00441708         -0.0847514          
0.128674            9472                -0.219108           0.00124224          -0.120976           0.0488154           -0.0105171          -0.0876612          
0.132152            9728                -0.242211           2.03402e-05         -0.134844           0.0553062           -0.0102564          -0.0985666          
0.13563             9984                -0.246406           -0.000707937        -0.138259           0.0572592           -0.00909377         -0.101287           
0.139107            10240               -0.19906            0.000634183         -0.115307           0.0471307           -0.0027544          -0.0808037          
0.142585            10496               -0.219148           0.000180416         -0.122621           0.0504013           -0.0084915          -0.0894183          
0.146063            10752               -0.242016           -0.000554972        -0.130174           0.0540224           -0.0159719          -0.0995942          
0.149541            11008               -0.242613           -0.000270045        -0.131769           0.0544402           -0.0144058          -0.0993695          
0.153018            11264               -0.209603           0.000970374         -0.12079            0.0490701           -0.00369738         -0.0846029          
0.156496            11520               -0.211911           0.00122041          -0.11438            0.0463465           -0.0134502          -0.0850584          
0.159974            11776               -0.228945           0.000231183         -0.126626           0.0519559           -0.0107334          -0.093226           
0.163451            12032               -0.233029           -0.000975335        -0.125577           0.0525112           -0.015071           -0.0965841          
0.166929            12288               -0.212066           0.0011746           -0.121707           0.049106            -0.00438248         -0.0850506          
0.170407            12544               -0.224509           0.00057895          -0.126891           0.0515043           -0.0071346          -0.0905939          
0.173884            12800               -0.211583           0.000709425         -0.119137           0.0483215           -0.0072585          -0.0852045          
0.177362            13056               -0.23206            0.000365627         -0.127413           0.0518753           -0.0120606          -0.0939605          
0.18084             13312               -0.248116           -0.00102676         -0.14274            0.0589271           -0.00475151         -0.102199           
0.184317            13568               -0.229306           -3.93574e-05        -0.135365           0.055167            -3.33215e-05        -0.0934035          
0.187795            13824               -0.200821           0.000847672         -0.113983           0.0459955           -0.00571467         -0.0807399          
0.191273            14080               -0.217101           -0.000225561        -0.121563           0.0498782           -0.00828551         -0.0887021          
0.19475             14336               -0.237792           -0.000359177        -0.135176           0.0553329           -0.00656119         -0.0971445          
0.198228            14592               -0.180649           0.000796408         -0.10596            0.0428554           -0.000786858        -0.0728647          
0.201706            14848               -0.194397           8.74792e-05         -0.108362           0.044303            -0.00799984         -0.0792603          
0.205183            15104               -0.200758           -0.00218863         -0.109965           0.0469056           -0.0106787          -0.0850886          
0.208661            15360               -0.21545            0.000777722         -0.122067           0.0491141           -0.00640632         -0.0864436          
0.212139            15616               -0.226605           0.00117427          -0.134014           0.0534577           0.000307211         -0.0903983          
0.215617            15872               -0.173432           -0.000189676        -0.10913            0.0447151           0.00853487          -0.0713466          
0.219094            16128               -0.19818            -0.00126473         -0.116782           0.0486176           -0.000226429        -0.0827863          
0.222572            16384               -0.210435           -0.000273186        -0.121254           0.049507            -0.00369513         -0.0861938          
0.22605             16640               -0.18957            -0.00111937         -0.109214           0.0455631           -0.00329366         -0.0793021          
0.229527            16896               -0.232297           0.00106563          -0.129741           0.0518982           -0.00922949         -0.0929895          
0.233005            17152               -0.199326           0.00118006          -0.119707           0.0477983           0.00267             -0.0799053          
0.236483            17408               -0.193765           -0.000362319        -0.11349            0.0467006           -0.000987076        -0.0799863          
0.23996             17664               -0.175019           -0.000380014        -0.0928212          0.0385359           -0.0129992          -0.072231           
0.243438            17920               -0.203951           -0.000201417        -0.117317           0.0481298           -0.00371648         -0.0833293          
0.246916            18176               -0.197312           -0.000376045        -0.113517           0.0466892           -0.00356385         -0.0811619          
0.250393            18432               -0.192661           -0.00117741         -0.11697            0.0486915           0.00422397          -0.0805064          
0.253871            18688               -0.211911           -0.000939616        -0.120208           0.0497736           -0.00597174         -0.0878519          
0.257349            18944               -0.188034           -0.000763831        -0.103751           0.0432399           -0.00887827         -0.0782244          
0.260826            19200               -0.165722           0.0015275           -0.0985803          0.039348            0.001209            -0.0659983          
0.264304            19456               -0.201952           -0.00127151         -0.116983           0.0489172           -0.00261177         -0.0843719          
0.267782            19712               -0.203292           -0.00111954         -0.118438           0.0494263           -0.00174326         -0.0848795          
0.27126             19968               -0.173358           0.00064179          -0.1084             0.0440279           0.00785236          -0.0704569          
0.274737            20224               -0.17259            0.000275171         -0.102641           0.0421289           0.00122339          -0.0706302          
0.278215            20480               -0.204534           -0.0013365          -0.116398           0.0487952           -0.00526812         -0.085558           
0.281693            20736               -0.174055           -0.00138065         -0.104018           0.0441288           0.00186422          -0.073787           
0.28517             20992               -0.177948           0.00143704          -0.108207           0.0432946           0.00418185          -0.0709432          
0.288648            21248               -0.180243           -0.000521237        -0.111217           0.0461238           0.00627711          -0.0749155          
0.292126            21504               -0.192485           -0.00123744         -0.122876           0.0512575           0.0117816           -0.0809038          
0.295603            21760               -0.160453           -0.00113657         -0.107629           0.0450783           0.0164139           -0.0679498          
0.299081            22016               -0.153666           0.00100527          -0.0962615          0.0389504           0.00719395          -0.0623531          
0.302559            22272               -0.210968           -0.000245074        -0.125627           0.0515163           0.00147673          -0.0867246          
0.306036            22528               -0.162608           -0.000391424        -0.0980577          0.0409305           0.00278499          -0.0680286          
0.309514            22784               -0.180543           -0.000284266        -0.110857           0.0458865           0.00550309          -0.0751117          
0.312992            23040               -0.211238           -8.68177e-05        -0.129291           0.0530083           0.00583037          -0.0870896          
0.316469            23296               -0.215179           0.00141025          -0.128203           0.0514288           0.00154335          -0.0866983          
0.319947            23552               -0.182058           -0.000497755        -0.112063           0.046722            0.00586373          -0.0765526          
0.323425            23808               -0.205753           0.00072282          -0.124777           0.0507639           0.00420198          -0.0840417          
0.326903            24064               -0.213432           0.00114484          -0.131625           0.0531993           0.00709578          -0.0866634          
0.33038             24320               -0.222607           0.000541908         -0.126958           0.0519829           -0.00554776         -0.0911947          
0.333858            24576               -0.197551           0.00215473          -0.123663           0.0493037           0.0088804           -0.0786395          
0.337336            24832               -0.195131           0.00217855          -0.112908           0.0450418           -0.00282534         -0.0777369          
0.340813            25088               -0.205692           0.00120817          -0.120478           0.0489297           -0.00116069         -0.0836724          
0.344291            25344               -0.216416           0.00143555          -0.125481           0.0506902           -0.0028388          -0.0876259          
0.347769            25600               -0.213592           0.00115013          -0.124551           0.0505447           -0.00193752         -0.0867666          
0.351246            25856               -0.191136           0.00165235          -0.105469           0.0424653           -0.00921607         -0.0771911          
0.354724            26112               -0.200244           0.0018154           -0.115504           0.0462787           -0.00339896         -0.0805171          
0.358202            26368               -0.209873           0.00277982          -0.1211             0.0475599           -0.00355262         -0.0825219          
0.361679            26624               -0.195375           0.00255443          -0.116303           0.0456662           0.00115457          -0.0769638          
0.365157            26880               -0.20916            0.00107968          -0.115137           0.046331            -0.0105523          -0.0843796          
0.368635            27136               -0.221188           0.0017438           -0.122275           0.0485812           -0.0105161          -0.0882287          
0.372112            27392               -0.213378           0.00299778          -0.119286           0.0462739           -0.00847012         -0.0831097          
0.37559             27648               -0.155222           0.00213439          -0.0991748          0.038965            0.00940484          -0.0614138          
0.379068            27904               -0.177048           0.00097732          -0.1055             0.0422458           0.00111768          -0.0713777          
0.382546            28160               -0.184569           0.00147226          -0.104863           0.0415271           -0.00526583         -0.0733988          
0.386023            28416               -0.206243           0.00125646          -0.121342           0.0481144           -0.000710293        -0.082378           
0.389501            28672               -0.186396           0.000748948         -0.11929            0.0477631           0.0114375           -0.0754241          
0.392979            28928               -0.164725           0.00154602          -0.0985965          0.0389611           0.00153409          -0.0656656          
0.396456            29184               -0.209424           0.00257791          -0.1215             0.0472222           -0.00289638         -0.0818556          
0.399934            29440               -0.198141           0.0019214           -0.114517           0.0451671           -0.00326528         -0.0787693          
0.403412            29696               -0.231628           0.001082            -0.136795           0.0547287           -0.000181532        -0.0932047          
0.406889            29952               -0.196642           0.00170394          -0.116352           0.0462512           0.000147694         -0.0785167          
0.410367            30208               -0.187938           0.00133468          -0.107377           0.0430604           -0.00468175         -0.0755951          
0.413845            30464               -0.165725           0.00152816          -0.0898875          0.0362833           -0.010101           -0.0665566          
0.417322            30720               -0.22844            0.00308823          -0.126919           0.0494738           -0.0102054          -0.0890097          
0.4208              30976               -0.204107           0.00116617          -0.127876           0.0514625           0.00902681          -0.0824643          
0.424278            31232               -0.233043           0.000845522         -0.134405           0.0542301           -0.00428185         -0.0939946          
0.427755            31488               -0.192698           0.00207685          -0.11136            0.0441915           -0.00324492         -0.0762863          
0.431233            31744               -0.185272           0.0018966           -0.110842           0.0439906           0.00158236          -0.0733305          
0.434711            32000               -0.237898           -0.000925891        -0.135601           0.0561871           -0.00640711         -0.0984853          
0.438188            32256               -0.208675           0.000750436         -0.123819           0.0501189           0.000438347         -0.084356           
0.441666            32512               -0.183015           0.00158256          -0.119567           0.0477072           0.0140991           -0.0728591          
0.445144            32768               -0.213736           0.000448806         -0.119099           0.0484845           -0.009303           -0.0866438          
0.448622            33024               -0.222686           0.00052719          -0.132825           0.0539141           0.00125011          -0.0900594          
0.452099            33280               -0.220248           -0.000878926        -0.135307           0.0559795           0.00612024          -0.0912261          
0.455577            33536               -0.216888           -0.000385471        -0.136872           0.0562276           0.0105269           -0.0890441          
0.459055            33792               -0.173308           0.00133683          -0.115072           0.0462121           0.0154776           -0.0695242          
0.462532            34048               -0.196152           0.000901747         -0.117561           0.0477244           0.0016485           -0.0791816          
0.46601             34304               -0.230839           -0.000953341        -0.129308           0.0540423           -0.00933063         -0.0956758          
0.469488            34560               -0.197656           -0.000203567        -0.117813           0.0488623           0.000859682         -0.081603           
0.472965            34816               -0.171207           0.00219211          -0.111978           0.0445754           0.0131808           -0.0675344          
0.476443            35072               -0.201434           0.00380741          -0.124779           0.0481777           0.00680355          -0.077132           
0.479921            35328               -0.240444           0.00285969          -0.150454           0.0591497           0.0101237           -0.0941153          
0.483398            35584               -0.209921           0.00215143          -0.122267           0.0487161           -0.00253371         -0.0833438          
0.486876            35840               -0.215498           0.000976162         -0.126213           0.0512199           -0.00172695         -0.087093           
0.490354            36096               -0.223228           0.00179655          -0.125722           0.0503625           -0.00802217         -0.0887651          
0.493831            36352               -0.196498           0.00331478          -0.115781           0.0451142           -0.000653655        -0.076062           
0.497309            36608               -0.22299            0.00190536          -0.125078           0.0500849           -0.00861327         -0.0887987          
0.500787            36864               -0.237411           0.00188982          -0.1326             0.0529933           -0.00985036         -0.0944457          
0.504265            37120               -0.183088           0.00251606          -0.109204           0.0433397           0.00111763          -0.0723042          
0.507742            37376               -0.211076           0.00326567          -0.119436           0.0466499           -0.00678264         -0.0821703          
0.51122             37632               -0.243244           0.00339052          -0.136666           0.0533868           -0.00899349         -0.0946479          
0.514698            37888               -0.221622           0.0033166           -0.125539           0.0489713           -0.00690443         -0.0861398          
0.518175            38144               -0.226506           0.00261727          -0.128934           0.0509042           -0.00624178         -0.0889959          
0.521653            38400               -0.245584           0.00373879          -0.132878           0.0516102           -0.0154101          -0.0949853          
0.525131            38656               -0.195854           0.00216251          -0.113953           0.0453829           -0.0022986          -0.0776014          
0.528608            38912               -0.202108           0.00220418          -0.112793           0.0447689           -0.00841605         -0.0799738          
0.532086            39168               -0.215775           0.00292568          -0.122651           0.0481074           -0.00620546         -0.0840074          
0.535564            39424               -0.199301           0.00213472          -0.115391           0.0457705           -0.00314681         -0.0785739          
0.539041            39680               -0.195              0.00176811          -0.115008           0.04598             -0.000472309        -0.0777079          
0.542519            39936               -0.220328           0.00124521          -0.132869           0.05348             0.00310624          -0.0884758          
0.545997            40192               -0.226885           0.00226983          -0.130932           0.0517455           -0.00422538         -0.0893437          
0.549474            40448               -0.185716           0.00135948          -0.111118           0.0447259           0.00143394          -0.0744448          
0.552952            40704               -0.205869           0.00331875          -0.110354           0.0428964           -0.0144623          -0.0793857          
0.55643             40960               -0.186682           0.000172313         -0.110778           0.0456493           0.000303614         -0.0764875          
0.559907            41216               -0.206278           0.000571674         -0.117297           0.0478316           -0.0060562          -0.0835422          
0.563385            41472               -0.190193           0.000707275         -0.110497           0.0449962           -0.00266258         -0.0769793          
0.566863            41728               -0.199821           -0.000527686        -0.109657           0.0456594           -0.0108167          -0.082627           
0.570341            41984               -0.173168           -0.000686935        -0.100642           0.0422841           -0.00235481         -0.0722546          
0.573818            42240               -0.184637           0.00157744          -0.106344           0.0425356           -0.00367745         -0.073309           
0.577296            42496               -0.223272           -0.000221757        -0.131638           0.0538852           -0.000588025        -0.0911459          
0.580774            42752               -0.285477           -0.00257394         -0.157906           0.0661318           -0.0137887          -0.119083           
0.584251            43008               -0.229509           -0.00154701         -0.137009           0.0571662           0.00154701          -0.0957009          
0.587729            43264               -0.171815           0.000985919         -0.100319           0.0405756           -0.00172056         -0.0690214          
0.591207            43520               -0.198005           0.000291377         -0.10995            0.0449538           -0.0090714          -0.0799402          
0.594684            43776               -0.240148           -0.00364039         -0.137473           0.0591783           -0.00577756         -0.10236            
0.598162            44032               -0.248976           -0.00345386         -0.142676           0.0611838           -0.00581865         -0.105841           
0.60164             44288               -0.251304           -0.00124786         -0.1384             0.0577345           -0.0129             -0.103554           
0.605117            44544               -0.213744           -0.00193231         -0.116957           0.0497507           -0.0119645          -0.089558           
0.608595            44800               -0.248402           -0.00326683         -0.127793           0.0553097           -0.0240339          -0.105211           
0.612073            45056               -0.243865           -0.00195216         -0.132358           0.0559734           -0.0149439          -0.101517           
0.61555             45312               -0.234971           -0.00289244         -0.137484           0.0586795           -0.00196411         -0.0993173          
0.619028            45568               -0.199843           -0.00182946         -0.111056           0.0473813           -0.00904815         -0.0838438          
0.622506            45824               -0.219534           -0.000917788        -0.11985            0.0501084           -0.012609           -0.0904293          
0.625984            46080               -0.15448            -0.000537609        -0.0886914          0.0374403           -0.00345084         -0.0643169          
0.629461            46336               -0.231597           -0.000987407        -0.118907           0.0496521           -0.0227137          -0.0952127          
0.632939            46592               -0.217773           -0.00117923         -0.128725           0.0536939           -0.000169357        -0.0902198          
0.636417            46848               -0.252824           0.00115922          -0.147638           0.0590597           -0.00243344         -0.100583           
0.639894            47104               -0.163577           -0.000978147        -0.102681           0.0430682           0.00735367          -0.0686335          
0.643372            47360               -0.208769           -0.000746963        -0.122236           0.0506098           -0.00161824         -0.0860666          
0.64685             47616               -0.193184           0.00028592          -0.116166           0.0474259           0.00234817          -0.0786394          
0.650327            47872               -0.224941           0.000204559         -0.119091           0.0487746           -0.0175087          -0.0914847          
0.653805            48128               -0.204597           -0.000252681        -0.122009           0.0504452           0.00125402          -0.0843558          
0.657283            48384               -0.187591           0.0017089           -0.11739            0.0469839           0.00806725          -0.0751329          
0.66076             48640               -0.231469           0.00217441          -0.128224           0.0509999           -0.0108609          -0.0917551          
0.664238            48896               -0.22196            0.00187675          -0.13156            0.0526334           0.000377967         -0.0887628          
0.667716            49152               -0.201258           0.00214828          -0.118536           0.0473012           -0.000611776        -0.0798428          
0.671193            49408               -0.208609           0.00275138          -0.11223            0.0445288           -0.0139376          -0.0819693          
0.674671            49664               -0.22168            0.000772264         -0.116487           0.0478082           -0.0183389          -0.0901973          
0.678149            49920               -0.207929           -0.000381833        -0.114693           0.0481249           -0.0103746          -0.086299           
0.681626            50176               -0.218856           0.00102098          -0.114038           0.0466364           -0.0193053          -0.0885424          
0.685104            50432               -0.218533           0.000392085         -0.115975           0.0478579           -0.0166517          -0.0892436          
0.688582            50688               -0.257649           0.000202905         -0.142224           0.0583411           -0.0127225          -0.10473            
0.69206             50944               -0.234639           0.00215936          -0.131016           0.0521609           -0.00975931         -0.0926461          
0.695537            51200               -0.160521           0.00112598          -0.108531           0.0440501           0.0169636           -0.0650133          
0.699015            51456               -0.22425            -0.00171568         -0.121729           0.051548            -0.0137425          -0.0941996          
0.702493            51712               -0.19759            -0.00144663         -0.109002           0.0463394           -0.00991264         -0.0832247          
0.70597             51968               -0.188105           0.00120668          -0.113032           0.0456203           0.00213441          -0.0753652          
0.709448            52224               -0.196259           0.00154205          -0.116049           0.0465351           -0.000140583        -0.078184           
0.712926            52480               -0.1803             3.96881e-06         -0.112532           0.0464241           0.00726321          -0.0741794          
0.716403            52736               -0.158141           0.000809968         -0.0975805          0.0398143           0.00493499          -0.0641295          
0.719881            52992               -0.191632           0.00312445          -0.110327           0.0428838           -0.00392941         -0.0738645          
0.723359            53248               -0.223887           -0.000102032        -0.136075           0.0557138           0.00443798          -0.0914759          
0.726836            53504               -0.194294           -0.00133617         -0.123054           0.0516798           0.0100266           -0.0816314          
0.730314            53760               -0.16165            0.000769288         -0.109487           0.0445305           0.0172143           -0.0653557          
0.733792            54016               -0.226154           0.00190007          -0.12293            0.0489634           -0.0137361          -0.0893121          
0.73727             54272               -0.180737           -0.000278313        -0.115496           0.0479261           0.0106029           -0.0745599          
0.740747            54528               -0.186719           0.000244743         -0.107676           0.0443951           -0.0036332          -0.0763248          
0.744225            54784               -0.184484           -0.000311882        -0.118514           0.0490077           0.0116015           -0.0759441          
0.747703            55040               -0.190046           -0.00104545         -0.110681           0.0464821           -0.0023435          -0.0793078          
0.75118             55296               -0.231228           -0.000221427        -0.130281           0.0536446           -0.00826567         -0.0943202          
0.754658            55552               -0.231591           0.00135998          -0.133133           0.0533869           -0.00494861         -0.0921389          
0.758136            55808               -0.176438           3.07583e-05         -0.110402           0.0455288           0.00743164          -0.0723829          
0.761613            56064               -0.238355           -0.00025913         -0.135602           0.0557516           -0.00681381         -0.0971527          
0.765091            56320               -0.204782           0.000167021         -0.118953           0.0487601           -0.00280601         -0.0831939          
0.768569            56576               -0.222766           -0.00105835         -0.126397           0.0527554           -0.0067691          -0.0921304          
0.772046            56832               -0.202636           -0.00113293         -0.118124           0.0496134           -0.00220775         -0.0842288          
0.775524            57088               -0.224474           -0.000270375        -0.129735           0.0534017           -0.00382482         -0.0914715          
0.779002            57344               -0.182483           -0.00140529         -0.110451           0.0467908           0.0031452           -0.0765014          
0.782479            57600               -0.212423           -0.000209686        -0.116773           0.0483367           -0.0110851          -0.0866712          
0.785957            57856               -0.218642           0.00105504          -0.13326            0.0537797           0.0049888           -0.0870787          
0.789435            58112               -0.188804           -0.00117394         -0.112316           0.0473203           0.000833182         -0.0786226          
0.792912            58368               -0.179213           -0.000919276        -0.107016           0.0450169           0.00131746          -0.074292           
0.79639             58624               -0.224429           0.000189511         -0.13466            0.0550312           0.00248778          -0.0903628          
0.799868            58880               -0.20424            -0.000892156        -0.128917           0.053612            0.0102498           -0.0841092          
0.803346            59136               -0.250915           -0.000594329        -0.151355           0.0622094           0.00380946          -0.102085           
0.806823            59392               -0.176213           0.000873635         -0.115582           0.0469858           0.0143658           -0.070836           
0.810301            59648               -0.177952           0.00168774          -0.112681           0.0452266           0.00945079          -0.07005            
0.813779            59904               -0.222335           -0.00062856         -0.123536           0.0515107           -0.00979422         -0.090944           
0.817256            60160               -0.173886           0.000522726         -0.111055           0.0456874           0.0105361           -0.0702905          
0.820734            60416               -0.217433           0.00107472          -0.131507           0.0531885           0.00388022          -0.0866357          
0.824212            60672               -0.210732           0.00108084          -0.125879           0.0510522           0.00183214          -0.0840599          
0.827689            60928               -0.160915           0.000775241         -0.105796           0.0433035           0.0135522           -0.0647617          
0.831167            61184               -0.189276           0.00243437          -0.11756            0.0465787           0.00730484          -0.0735046          
0.834645            61440               -0.180196           0.00182764          -0.112409           0.0450383           0.00755782          -0.0708734          
0.838122            61696               -0.212361           -0.000915968        -0.13021            0.054285            0.00600651          -0.087454           
0.8416              61952               -0.191852           -0.000169997        -0.111113           0.046174            -0.00273784         -0.0781961          
0.845078            62208               -0.234642           0.000774414         -0.143273           0.0579909           0.00582907          -0.0938831          
0.848555            62464               -0.19506            0.000904558         -0.126686           0.0513459           0.0143576           -0.0781326          
0.852033            62720               -0.194975           0.00286284          -0.119576           0.0470753           0.005493            -0.0752674          
0.855511            62976               -0.196504           0.00170427          -0.11913            0.0478397           0.00379468          -0.0774753          
0.858989            63232               -0.214311           -0.000383156        -0.126875           0.0527091           0.000272711         -0.0875966          
0.862466            63488               -0.204646           0.00116865          -0.122786           0.0498231           0.00230782          -0.0815499          
0.865944            63744               -0.232958           0.00166889          -0.134618           0.0541851           -0.00383478         -0.0920955          
0.869422            64000               -0.156593           0.00102495          -0.0899167          0.0371251           -0.00328632         -0.0630861          
0.872899            64256               -0.194314           0.00157744          -0.112419           0.0455007           -0.00302146         -0.0769777          
0.876377            64512               -0.174888           0.00200838          -0.10096            0.0405372           -0.00298874         -0.0685581          
0.879855            64768               -0.260295           0.00187559          -0.143503           0.0573864           -0.0129499          -0.102287           
0.883332            65024               -0.203281           0.0024987           -0.126058           0.0498141           0.00743352          -0.0788343          
0.88681             65280               -0.173834           0.00099981          -0.110268           0.0447872           0.00946563          -0.0697324          
0.890288            65536               -0.173701           0.00122322          -0.102697           0.0415317           8.14433e-05         -0.0690656          
0.893765            65792               -0.23353            0.000734561         -0.127922           0.0519476           -0.0126158          -0.0936159          
0.897243            66048               -0.209483           0.000934159         -0.125517           0.0506925           0.00218905          -0.0838027          
0.900721            66304               -0.178544           0.00104562          -0.111815           0.0452039           0.00795102          -0.0715375          
0.904198            66560               -0.183918           0.00277354          -0.102556           0.0402508           -0.00759502         -0.0710834          
0.907676            66816               -0.208681           0.00325575          -0.114684           0.0446298           -0.0107566          -0.0799888          
0.911154            67072               -0.176308           0.000180746         -0.107723           0.0445132           0.00451405          -0.072032           
0.914631            67328               -0.186368           0.00102461          -0.0997319          0.0406818           -0.0129687          -0.0747412          
0.918109            67584               -0.223387           0.00239865          -0.116338           0.0462353           -0.0195613          -0.0874053          
0.921587            67840               -0.22647            0.000602763         -0.127383           0.052098            -0.00802181         -0.091265           
0.925065            68096               -0.197131           -0.000779706        -0.108154           0.0455767           -0.010395           -0.0814605          
0.928542            68352               -0.200024           -0.000363642        -0.122241           0.0507663           0.00508921          -0.0820654          
0.93202             68608               -0.235044           0.00121611          -0.126334           0.0510227           -0.0157534          -0.0935738          
0.935498            68864               -0.230152           -0.000996337        -0.122642           0.0514956           -0.0167559          -0.0948648          
0.938975            69120               -0.231843           0.00114335          -0.128817           0.0521643           -0.0102562          -0.0923143          
0.942453            69376               -0.220951           -0.000384479        -0.126294           0.0523672           -0.00537398         -0.0903101          
0.945931            69632               -0.19428            -0.000354216        -0.108099           0.0451692           -0.00840995         -0.0797643          
0.949408            69888               -0.196551           -0.00033553         -0.103641           0.0434446           -0.0156808          -0.0803623          
0.952886            70144               -0.208283           0.000899597         -0.107894           0.0440222           -0.0190455          -0.0830892          
0.956364            70400               -0.223522           0.000120883         -0.125996           0.0518208           -0.00765623         -0.0903137          
0.959841            70656               -0.19655            0.000891825         -0.118087           0.0479558           0.00242069          -0.0787399          
0.963319            70912               -0.197125           0.000202905         -0.101248           0.0418969           -0.0191285          -0.0800194          
0.966797            71168               -0.172412           -8.11953e-05        -0.0995963          0.0414782           -0.00287569         -0.0707149          
0.970275            71424               -0.243286           0.00246529          -0.132166           0.0520974           -0.0145884          -0.0946249          
0.973752            71680               -0.19073            0.00334802          -0.115628           0.04471             0.00361185          -0.0726967          
0.97723             71936               -0.225336           -0.00120057         -0.131616           0.0547072           -0.00203234         -0.0932268          
0.980708            72192               -0.180575           -0.00161597         -0.102058           0.0435433           -0.00587227         -0.076326           
0.984185            72448               -0.174947           0.00213902          -0.102872           0.0407113           -0.000678336        -0.0683426          
0.987663            72704               -0.190973           0.00273021          -0.101971           0.0398538           -0.0136833          -0.0739437          
0.991141            72960               -0.197509           0.000419867         -0.10899            0.0446699           -0.00971335         -0.0802435          
0.994618            73216               -0.221431           0.000287077         -0.114223           0.0468631           -0.0208893          -0.0899369          
0.998096            73472               -0.182789           0.000922583         -0.105351           0.0428558           -0.00336196         -0.0738513          
1.00157             73728               -0.205863           0.00247852          -0.111786           0.0440962           -0.0123832          -0.0807477          
1.00505             73984               -0.203911           0.00226404          -0.113351           0.0450058           -0.00897278         -0.0805348          
1.00853             74240               -0.22225            0.00127085          -0.12025            0.0485824           -0.0139137          -0.0890496          
1.01201             74496               -0.194093           0.00209454          -0.101914           0.0407207           -0.0160176          -0.0768831          
1.01548             74752               -0.208312           0.00241105          -0.112979           0.044731            -0.0126935          -0.081742           
1.01896             75008               -0.231201           0.0014716           -0.121838           0.0490013           -0.0185501          -0.0920274          
1.02244             75264               -0.190571           -0.000423009        -0.109616           0.0456398           -0.00378664         -0.0788465          
1.02592             75520               -0.185257           -7.40845e-05        -0.0906367          0.0378572           -0.0236181          -0.0764095          
1.0294              75776               -0.203222           0.00111755          -0.105138           0.042585            -0.0187711          -0.0815689          
1.03287             76032               -0.235581           0.00264935          -0.12366            0.0485464           -0.0195421          -0.0920087          
1.03635             76288               -0.189442           0.00248448          -0.110742           0.0435403           -0.0015713          -0.0740739          
1.03983             76544               -0.223408           0.00190189          -0.123024           0.048857            -0.0113324          -0.0884573          
1.04331             76800               -0.237913           0.00113988          -0.129304           0.0519505           -0.0142357          -0.0951062          
1.04678             77056               -0.238042           0.00144647          -0.130369           0.0522075           -0.0129815          -0.0950378          
1.05026             77312               -0.161379           0.00228554          -0.0991388          0.0390563           0.00465312          -0.0633044          
1.05374             77568               -0.18202            0.00263231          -0.0989468          0.0388546           -0.0108764          -0.071125           
1.05722             77824               -0.20261            0.000457075         -0.113578           0.0464018           -0.00778528         -0.0825903          
1.06069             78080               -0.282264           0.00212579          -0.154394           0.0611696           -0.0156705          -0.111741           
1.06417             78336               -0.209798           0.00274873          -0.127035           0.0499186           0.00374982          -0.0822104          
1.06765             78592               -0.194158           0.00108663          -0.103448           0.0420693           -0.01424            -0.0784453          
1.07113             78848               -0.190456           0.000167352         -0.100428           0.0416894           -0.0152759          -0.0781432          
1.07461             79104               -0.221454           0.00152683          -0.121895           0.049               -0.0113477          -0.088411           
1.07808             79360               -0.188426           0.00288516          -0.104711           0.0412031           -0.00841841         -0.0737058          
1.08156             79616               -0.197606           0.00138247          -0.107181           0.0433071           -0.0121228          -0.0793727          
1.08504             79872               -0.244859           0.000740679         -0.127578           0.0519899           -0.0215587          -0.0990873          
1.08852             80128               -0.233344           0.00135221          -0.132907           0.0533581           -0.00637298         -0.093449           
1.09199             80384               -0.205618           0.00214134          -0.107636           0.0428053           -0.0174815          -0.0813788          
1.09547             80640               -0.20295            0.00239385          -0.110686           0.0437889           -0.0116775          -0.0800156          
1.09895             80896               -0.205581           0.00154569          -0.116601           0.0467969           -0.00619889         -0.0822058          
1.10243             81152               -0.186504           0.00191975          -0.106437           0.0423542           -0.00482136         -0.0737336          
1.1059              81408               -0.197721           0.0017519           -0.111088           0.0443126           -0.00730017         -0.0784773          
1.10938             81664               -0.188025           4.96101e-05         -0.106902           0.0440226           -0.00537385         -0.0772872          
1.11286             81920               -0.234206           0.00231316          -0.128699           0.0507906           -0.0122628          -0.0922958          
1.11634             82176               -0.177551           0.00202145          -0.106549           0.0422601           0.00194552          -0.0704777          
1.11981             82432               -0.194164           0.00176579          -0.102436           0.0408803           -0.0155444          -0.0773563          
1.12329             82688               -0.198588           0.000659153         -0.100897           0.0413708           -0.0207189          -0.0807546          
1.12677             82944               -0.196355           0.00152981          -0.111559           0.0448634           -0.00567687         -0.0788252          
1.13025             83200               -0.219414           0.00178167          -0.123505           0.0493789           -0.00782021         -0.0876082          
1.13373             83456               -0.203266           0.00126754          -0.12019            0.0483732           -1.38495e-05        -0.0817846          
1.1372              83712               -0.191079           0.00105703          -0.10711            0.0434937           -0.00738984         -0.0773934          
1.14068             83968               -0.215863           0.00249589          -0.114524           0.0452462           -0.0164509          -0.084847           
1.14416             84224               -0.217163           0.0013952           -0.121048           0.0488151           -0.00922207         -0.0873019          
1.14764             84480               -0.218903           0.00193711          -0.127496           0.0508374           -0.00245645         -0.0871552          
1.15111             84736               -0.221136           0.00300009          -0.125784           0.0492826           -0.00628837         -0.0866181          
1.15459             84992               -0.218754           0.00284514          -0.119294           0.0470437           -0.0126229          -0.0860776          
1.15807             85248               -0.183812           0.00233763          -0.106994           0.042585            -0.00218231         -0.0730872          
1.16155             85504               -0.202712           0.00255608          -0.114178           0.0452642           -0.00720639         -0.0799957          
1.16502             85760               -0.183494           0.00158223          -0.111277           0.0448518           0.00337171          -0.07379            
1.1685              86016               -0.220113           0.00154982          -0.118276           0.0477012           -0.0150076          -0.0882322          
1.17198             86272               -0.238504           0.00201599          -0.134282           0.0536447           -0.00860004         -0.0947798          
1.17546             86528               -0.213791           0.00147359          -0.132061           0.0531836           0.00690203          -0.0858917          
1.17894             86784               -0.258373           0.00148797          -0.140546           0.0565394           -0.0155092          -0.103615           
1.18241             87040               -0.193801           0.00150732          -0.107634           0.0436494           -0.00890421         -0.0781724          
1.18589             87296               -0.253505           0.00149806          -0.142402           0.0572907           -0.00960909         -0.1015             
1.18937             87552               -0.209567           0.00221013          -0.112447           0.0449977           -0.0145689          -0.0832352          
1.19285             87808               -0.223917           0.00375168          -0.131255           0.0510136           -0.00164427         -0.086517           
1.19632             88064               -0.142864           0.00251986          -0.0913594          0.0362102           0.00838903          -0.0564171          
1.1998              88320               -0.187549           0.000777887         -0.103718           0.0425028           -0.00922765         -0.0762682          
1.20328             88576               -0.254525           0.00150964          -0.138912           0.0557907           -0.0147482          -0.101564           
1.20676             88832               -0.261006           0.000363477         -0.155354           0.0631122           0.00106265          -0.105956           
1.21023             89088               -0.220875           0.00124389          -0.126222           0.0509571           -0.00572356         -0.0888064          
1.21371             89344               -0.166191           0.00229348          -0.0943034          0.0375279           -0.00521797         -0.065522           
1.21719             89600               -0.191405           0.00144051          -0.104167           0.0421137           -0.0115689          -0.0764768          
1.22067             89856               -0.235245           0.000757547         -0.121494           0.0495961           -0.0223082          -0.0948065          
1.22415             90112               -0.226052           0.00197101          -0.134655           0.0537801           0.000990859         -0.0893691          
1.22762             90368               -0.180589           0.00373862          -0.108638           0.0418425           0.00203358          -0.0688035          
1.2311              90624               -0.179221           0.000615993         -0.0985277          0.0405535           -0.0095922          -0.0730054          
1.23458             90880               -0.249737           0.0010271           -0.134617           0.0544109           -0.0165885          -0.100024           
1.23806             91136               -0.190176           0.000865697         -0.117076           0.0476094           0.00557326          -0.0768689          
1.24153             91392               -0.194856           0.00188982          -0.111498           0.0445218           -0.00489191         -0.0768528          
1.24501             91648               -0.163982           0.00128804          -0.0886869          0.0360418           -0.0105948          -0.0653884          
1.24849             91904               -0.241488           0.000728938         -0.128664           0.0524014           -0.0178836          -0.0969656          
1.25197             92160               -0.185666           0.000454594         -0.11234            0.046143            0.0030528           -0.0756395          
1.25544             92416               -0.175809           0.00119246          -0.103677           0.042058            -0.000538291        -0.0703551          
1.25892             92672               -0.162301           0.00255476          -0.0907364          0.0358708           -0.00672598         -0.0629237          
1.2624              92928               -0.195209           0.000621284         -0.106526           0.0436211           -0.0113303          -0.07846            
1.26588             93184               -0.21969            -0.00108762         -0.125901           0.0526877           -0.00514527         -0.0905507          
1.26936             93440               -0.214212           -0.00194323         -0.12156            0.0516134           -0.00654769         -0.0898369          
1.27283             93696               -0.251569           -0.000852633        -0.140103           0.058045            -0.0109375          -0.103082           
1.27631             93952               -0.185566           0.00142695          -0.105448           0.0426003           -0.00545536         -0.0739157          
1.27979             94208               -0.212699           0.00155114          -0.113422           0.0456211           -0.0155414          -0.0842481          
1.28327             94464               -0.214747           -0.0010853          -0.108968           0.0462341           -0.0226223          -0.0892723          
1.28674             94720               -0.195709           -0.00148996         -0.110599           0.0471504           -0.00647726         -0.082127           
1.29022             94976               -0.238527           0.00188022          -0.131216           0.0524427           -0.0123663          -0.0941147          
1.2937              95232               -0.222289           0.000174793         -0.126093           0.0517814           -0.00675428         -0.0905471          
1.29718             95488               -0.211537           -0.00030163         -0.116043           0.0481305           -0.0114203          -0.086693           
1.30065             95744               -0.209222           0.000284266         -0.114638           0.0470984           -0.0114403          -0.0848877          
1.30413             96000               -0.230812           0.00154205          -0.129297           0.051895            -0.00907361         -0.0917358          
1.30761             96256               -0.232843           0.00138214          -0.134154           0.0538986           -0.00450078         -0.0929071          
1.31109             96512               -0.254              0.000916961         -0.152254           0.0614139           0.00251805          -0.101933           
1.31457             96768               -0.181906           0.00180812          -0.102726           0.0412927           -0.00610463         -0.0724384          
1.31804             97024               -0.245171           0.00201649          -0.127281           0.0507649           -0.022213           -0.0969712          
1.32152             97280               -0.22292            0.00142728          -0.123662           0.0498917           -0.0102288          -0.0892395          
1.325               97536               -0.231214           0.00179159          -0.144417           0.0576012           0.00962858          -0.0920183          
1.32848             97792               -0.17857            0.00186187          -0.100085           0.0401273           -0.00692165         -0.0715101          
1.33195             98048               -0.206656           0.000337514         -0.109328           0.0451335           -0.0161319          -0.0848293          
1.33543             98304               -0.250253           0.000478903         -0.126963           0.0520354           -0.0263121          -0.101644           
1.33891             98560               -0.225058           0.00274443          -0.1208             0.0477102           -0.0153738          -0.0882859          
1.34239             98816               -0.213425           0.000874296         -0.117912           0.0481166           -0.0103581          -0.0866294          
1.34586             99072               -0.240528           0.00101535          -0.131396           0.0533106           -0.0135438          -0.0971174          
1.34934             99328               -0.233083           0.00171668          -0.132537           0.0531421           -0.00659988         -0.0932958          
1.35282             99584               -0.21212            0.00310659          -0.1228             0.0481002           -0.0032825          -0.0828371          
1.3563              99840               -0.189062           0.0011197           -0.0996843          0.0406299           -0.0151961          -0.076768           
1.35978             100096              -0.24771            0.000465012         -0.12981            0.0531374           -0.0208759          -0.100751           
1.36325             100352              -0.207781           0.000374557         -0.114427           0.0471189           -0.0105763          -0.0852155          
1.36673             100608              -0.189197           0.00136891          -0.10612            0.0428633           -0.00725339         -0.0762477          
1.37021             100864              -0.209118           0.000244413         -0.120667           0.0495531           -0.00378015         -0.085761           
1.37369             101120              -0.231028           -0.000887691        -0.122106           0.0510516           -0.0182151          -0.0959669          
1.37716             101376              -0.237535           -0.000425986        -0.133582           0.0550806           -0.00867338         -0.0977113          
1.38064             101632              -0.23331            -0.000713394        -0.12221            0.0508983           -0.0198031          -0.0963801          
1.38412             101888              -0.239606           -0.000883391        -0.132735           0.0551873           -0.0112653          -0.0990021          
1.3876              102144              -0.191819           -0.000801535        -0.113039           0.0473298           -0.00055429         -0.0804001          
1.39107             102400              -0.167821           -0.00205386         -0.0924991          0.0401434           -0.00851932         -0.0728236          
1.39455             102656              -0.216031           -0.00141786         -0.114238           0.0482446           -0.0169972          -0.0906959          
1.39803             102912              -0.193355           -5.73824e-05        -0.106124           0.0437501           -0.010368           -0.0797855          
1.40151             103168              -0.164876           -0.0017142          -0.0901431          0.0387523           -0.00930275         -0.0706476          
1.40499             103424              -0.198144           -0.00317984         -0.10222            0.0446933           -0.018834           -0.0855777          
1.40846             103680              -0.183287           -0.00211273         -0.102202           0.0436793           -0.00783148         -0.0782421          
1.41194             103936              -0.215483           -0.00146151         -0.120195           0.0501794           -0.00916729         -0.0901006          
1.41542             104192              -0.191844           -0.00168493         -0.101973           0.0433067           -0.0144642          -0.0810371          
1.4189              104448              -0.203828           -0.00212464         -0.110458           0.0470051           -0.012693           -0.0862644          
1.42237             104704              -0.182387           -0.00207668         -0.0976536          0.0419124           -0.0128142          -0.0775985          
1.42585             104960              -0.195498           -0.00163151         -0.108403           0.0458169           -0.00907489         -0.0818797          
1.42933             105216              -0.193664           -0.0017266          -0.105944           0.0449432           -0.0107458          -0.0814008          
1.43281             105472              -0.221516           -0.00292865         -0.115672           0.0498978           -0.0191763          -0.094186           
1.43628             105728              -0.237377           -0.0017481          -0.129916           0.0544858           -0.0130504          -0.0987981          
1.43976             105984              -0.2083             -0.00106529         -0.118116           0.0493621           -0.00626923         -0.0867643          
1.44324             106240              -0.192186           -0.00136478         -0.101202           0.0430372           -0.0155101          -0.080941           
1.44672             106496              -0.172685           -0.000790786        -0.0802277          0.0344034           -0.0273111          -0.0723634          
1.4502              106752              -0.219061           -0.00140612         -0.11417            0.0483306           -0.0191208          -0.0914135          
1.45367             107008              -0.181715           -6.23434e-05        -0.104826           0.0434617           -0.00314549         -0.0747253          
1.45715             107264              -0.185613           4.7295e-05          -0.0981953          0.0407722           -0.0143323          -0.0760349          
1.46063             107520              -0.197726           4.1011e-05          -0.110874           0.0458292           -0.00741537         -0.080944           
1.46411             107776              -0.186937           -0.000906873        -0.101584           0.0429227           -0.011056           -0.0780125          
1.46758             108032              -0.179203           -0.00038514         -0.0950238          0.0398569           -0.0135474          -0.074009           
1.47106             108288              -0.190551           -0.000727119        -0.101798           0.0428195           -0.0134605          -0.0789926          
1.47454             108544              -0.262482           -0.00143969         -0.132663           0.0556944           -0.0280539          -0.108676           
1.47802             108800              -0.217404           -0.000525206        -0.12599            0.0524246           -0.00299639         -0.0898263          
1.48149             109056              -0.209843           -0.000851971        -0.115939           0.0486799           -0.0100112          -0.087535           
1.48497             109312              -0.236303           -0.00144597         -0.115663           0.0493147           -0.029932           -0.0986817          
1.48845             109568              -0.193447           -0.000178927        -0.107929           0.045222            -0.00785366         -0.0800484          
1.49193             109824              -0.193381           0.000683793         -0.0978901          0.0404549           -0.0204018          -0.0784635          
1.49541             110080              -0.261451           -0.000110631        -0.126237           0.0522515           -0.0353306          -0.106278           
1.49888             110336              -0.22042            -0.00147673         -0.114522           0.0488462           -0.019572           -0.0924816          
1.50236             110592              -0.179015           -0.000855113        -0.0913453          0.0390941           -0.0179565          -0.0752903          
1.50584             110848              -0.207798           0.000293527         -0.106529           0.0439253           -0.0202485          -0.0847623          
1.50932             111104              -0.225599           0.000627734         -0.110511           0.045151            -0.0284614          -0.091089           
1.51279             111360              -0.205684           -7.77225e-06        -0.108905           0.0449143           -0.0157205          -0.0840288          
1.51627             111616              -0.175091           -0.000585896        -0.0917197          0.0385503           -0.0145733          -0.0725527          
1.51975             111872              -0.196793           0.000471462         -0.098685           0.0403608           -0.0219335          -0.07965            
1.52323             112128              -0.198844           -0.000182565        -0.105483           0.0435506           -0.0149241          -0.0815026          
1.5267              112384              -0.21257            0.00164772          -0.117646           0.0467326           -0.00987513         -0.0842191          
1.53018             112640              -0.196225           0.0014893           -0.111839           0.0446327           -0.0050205          -0.0781758          
1.53366             112896              -0.229423           -0.000637821        -0.125248           0.0516375           -0.0128105          -0.0945186          
1.53714             113152              -0.23078            0.000308244         -0.124323           0.0507252           -0.0149419          -0.0938949          
1.54062             113408              -0.21727            0.00295825          -0.120185           0.046925            -0.0101007          -0.0848369          
1.54409             113664              -0.190093           0.00249737          -0.100232           0.0395625           -0.0149764          -0.0749353          
1.54757             113920              -0.178015           0.000745144         -0.0834323          0.0345303           -0.0270662          -0.0725015          
1.55105             114176              -0.173822           0.000920433         -0.0813886          0.0334887           -0.0265113          -0.0702884          
1.55453             114432              -0.227617           0.0010185           -0.107804           0.0438087           -0.0332717          -0.091606           
1.558               114688              -0.209697           0.000832458         -0.110501           0.0449609           -0.0166252          -0.0848449          
1.56148             114944              -0.233549           0.0004751           -0.11936            0.0487017           -0.0232061          -0.0947859          
1.56496             115200              -0.199951           0.00256699          -0.100781           0.0397168           -0.0215807          -0.078293           
1.56844             115456              -0.229312           0.00201285          -0.118891           0.0471723           -0.020639           -0.0906297          
1.57191             115712              -0.24025            0.000584407         -0.125562           0.0510547           -0.0203725          -0.0972401          
1.57539             115968              -0.197941           0.00102065          -0.113661           0.0459485           -0.00394008         -0.0798416          
1.57887             116224              -0.228186           0.00124191          -0.113557           0.0456293           -0.0264882          -0.0913663          
1.58235             116480              -0.219907           0.00138776          -0.119398           0.0477948           -0.0130478          -0.0877169          
1.58582             116736              -0.227032           0.000420859         -0.125836           0.0510044           -0.0102553          -0.0918356          
1.5893              116992              -0.18176            0.000134113         -0.0962701          0.039708            -0.0137598          -0.074603           
1.59278             117248              -0.24012            0.00131946          -0.124157           0.0496562           -0.022063           -0.0957704          
1.59626             117504              -0.230452           0.00283902          -0.119391           0.0466616           -0.020856           -0.0901662          
1.59974             117760              -0.193789           0.00138578          -0.102026           0.0409691           -0.0154617          -0.0776492          
1.60321             118016              -0.140141           0.000839569         -0.0643733          0.0266831           -0.0228854          -0.0573855          
1.60669             118272              -0.210146           0.00197746          -0.0978724          0.0389283           -0.0327835          -0.0831044          
1.61017             118528              -0.260648           0.000660972         -0.136412           0.0550972           -0.0219073          -0.104942           
1.61365             118784              -0.207038           0.000962933         -0.112332           0.0452828           -0.0123659          -0.0834035          
1.61712             119040              -0.164693           0.000902078         -0.0973773          0.0393927           0.000261466         -0.0666786          
1.6206              119296              -0.216306           0.00190172          -0.104622           0.0413656           -0.0289083          -0.0856237          
1.62408             119552              -0.192585           0.00245273          -0.0962146          0.0377437           -0.0218335          -0.0756046          
1.62756             119808              -0.231581           0.00193893          -0.116645           0.0461109           -0.0251334          -0.0915809          
1.63103             120064              -0.166696           0.00119312          -0.0915634          0.0367961           -0.00850698         -0.0670569          
1.63451             120320              -0.202498           0.00200442          -0.11221            0.0442004           -0.00915526         -0.0800959          
1.63799             120576              -0.220257           0.00178084          -0.114748           0.0454655           -0.0191325          -0.087436           
1.64147             120832              -0.236127           0.000428962         -0.124707           0.0505026           -0.0184104          -0.0955259          
1.64495             121088              -0.211997           -0.000106331        -0.118209           0.0484023           -0.00866794         -0.0869678          
1.64842             121344              -0.266997           0.00194042          -0.142064           0.0562393           -0.0195201          -0.105899           
1.6519              121600              -0.238705           0.0026219           -0.127876           0.0502476           -0.0163168          -0.0941346          
1.65538             121856              -0.242717           -5.77131e-05        -0.123792           0.050948            -0.024396           -0.0996872          
1.65886             122112              -0.215745           0.00260734          -0.110212           0.0435697           -0.0214019          -0.0853412          
1.66233             122368              -0.224065           0.00159182          -0.111304           0.0448528           -0.0262038          -0.0900375          
1.66581             122624              -0.255478           0.00161448          -0.122254           0.0491513           -0.0357477          -0.102319           
1.66929             122880              -0.202783           0.00243768          -0.108714           0.0430864           -0.0136923          -0.0801631          
1.67277             123136              -0.255878           0.00187659          -0.134293           0.0534679           -0.0209958          -0.101713           
1.67624             123392              -0.20413            0.00212364          -0.102033           0.0406447           -0.0230462          -0.0810411          
1.67972             123648              -0.268784           0.00288202          -0.141603           0.0554265           -0.0213913          -0.105201           
1.6832              123904              -0.258319           0.00132773          -0.138712           0.0555436           -0.0172659          -0.103404           
1.68668             124160              -0.189284           0.0012644           -0.105347           0.0424255           -0.00794405         -0.0763031          
1.69016             124416              -0.171897           0.00109473          -0.0860567          0.0350318           -0.0192197          -0.0697177          
1.69363             124672              -0.203703           0.00182549          -0.112931           0.0448611           -0.00914569         -0.0808636          
1.69711             124928              -0.283501           0.00142828          -0.149322           0.0594802           -0.0226751          -0.113051           
1.70059             125184              -0.20433            0.000915142         -0.125963           0.0507183           0.00671362          -0.0827119          
1.70407             125440              -0.212803           0.000548523         -0.121565           0.0493079           -0.00509469         -0.0866469          
1.70754             125696              -0.240651           0.000220269         -0.122086           0.0499734           -0.0250576          -0.0981538          
1.71102             125952              -0.252996           0.000510488         -0.130803           0.0531613           -0.0232641          -0.102538           
1.7145              126208              -0.232697           0.000278478         -0.128755           0.0526112           -0.0108095          -0.0949284          
1.71798             126464              -0.199977           0.000660972         -0.105814           0.0432725           -0.0153142          -0.0815747          
1.72145             126720              -0.255487           0.00062145          -0.143649           0.0582173           -0.00902605         -0.10346            
1.72493             126976              -0.188486           0.00105818          -0.0989721          0.0402918           -0.0153591          -0.0766342          
1.72841             127232              -0.204527           0.002079            -0.110472           0.0440051           -0.0128545          -0.0812109          
1.73189             127488              -0.213607           0.00154122          -0.114555           0.0460677           -0.0144476          -0.0858517          
1.73537             127744              -0.24316            0.000484195         -0.1334             0.0544498           -0.0127446          -0.099011           
1.73884             128000              -0.213445           0.00201368          -0.115361           0.0460437           -0.0133204          -0.0849359          
1.74232             128256              -0.196054           0.000184384         -0.105399           0.0436996           -0.0129311          -0.0808261          
1.7458              128512              -0.238174           0.00108696          -0.125771           0.0510299           -0.0186033          -0.0958083          
1.74928             128768              -0.197235           0.00172643          -0.117775           0.0472888           0.00168555          -0.0789578          
1.75275             129024              -0.222998           0.00209272          -0.120517           0.0481461           -0.0139656          -0.0888186          
1.75623             129280              -0.262608           0.000733403         -0.136671           0.0557591           -0.0230593          -0.106537           
1.75971             129536              -0.208893           0.000697849         -0.114509           0.0470799           -0.0110228          -0.085371           
1.76319             129792              -0.193399           0.00195993          -0.100786           0.0405197           -0.016776           -0.0771366          
1.76666             130048              -0.251726           0.000858586         -0.132186           0.0537172           -0.0206362          -0.101747           
1.77014             130304              -0.238602           0.000830143         -0.1293             0.0526658           -0.0145089          -0.0968807          
1.77362             130560              -0.225151           0.00330883          -0.135006           0.0527171           0.0025574           -0.0876784          
1.7771              130816              -0.224666           0.00186468          -0.123226           0.0492512           -0.0118403          -0.0897204          
1.78058             131072              -0.227257           0.000951357         -0.113792           0.04635             -0.0255719          -0.0919088          
1.78405             131328              -0.251436           0.00218285          -0.132823           0.0529229           -0.0196257          -0.099927           
1.78753             131584              -0.245686           0.00337465          -0.139698           0.0544374           -0.00678505         -0.0957625          
1.79101             131840              -0.208321           0.000255161         -0.127007           0.0520999           0.00500066          -0.0857407          
1.79449             132096              -0.215213           -0.00113458         -0.110264           0.0466836           -0.0210953          -0.0902752          
1.79796             132352              -0.219761           0.00153626          -0.116058           0.0468377           -0.0172035          -0.0882029          
1.80144             132608              -0.202006           0.00331181          -0.113315           0.0442395           -0.00750833         -0.0785665          
1.80492             132864              -0.222141           0.00172891          -0.112368           0.0452289           -0.0236145          -0.0888717          
1.8084              133120              -0.209829           0.00034479          -0.11471            0.0472491           -0.0115626          -0.0860198          
1.81187             133376              -0.201359           0.00171701          -0.110867           0.0445077           -0.0101203          -0.0805956          
1.81535             133632              -0.218311           0.00143274          -0.119422           0.048085            -0.011985           -0.0878429          
1.81883             133888              -0.211022           -0.000449633        -0.114093           0.0475318           -0.0132439          -0.0877078          
1.82231             134144              -0.232241           0.00128457          -0.126156           0.0508531           -0.0138549          -0.0935067          
1.82579             134400              -0.206535           0.00144795          -0.109135           0.0440003           -0.0161372          -0.0831279          
1.82926             134656              -0.232452           0.000365296         -0.125315           0.0512614           -0.0150483          -0.0949869          
1.83274             134912              -0.191657           0.00100609          -0.107486           0.0437422           -0.00718212         -0.0780174          
1.83622             135168              -0.20184            0.00104909          -0.114215           0.0462377           -0.00629826         -0.0819504          
1.8397              135424              -0.222567           0.000300141         -0.123061           0.0503245           -0.010567           -0.0909573          
1.84317             135680              -0.231315           -0.000270706        -0.127777           0.0526103           -0.0111334          -0.0953396          
1.84665             135936              -0.199614           0.00088273          -0.11134            0.0451577           -0.00824607         -0.0810331          
1.85013             136192              -0.269169           0.00126092          -0.142189           0.0570871           -0.0210922          -0.108024           
1.85361             136448              -0.23886            0.000548688         -0.136214           0.0552509           -0.00614411         -0.0969698          
1.85708             136704              -0.222916           0.000783179         -0.132959           0.0538008           0.00160472          -0.0904643          
1.86056             136960              -0.182295           0.000840726         -0.0962354          0.0393489           -0.0143143          -0.0744406          
1.86404             137216              -0.225902           -0.00131004         -0.114764           0.0484674           -0.0233972          -0.0948126          
1.86752             137472              -0.26262            -0.000897117        -0.138346           0.0574258           -0.0210296          -0.108681           
1.871               137728              -0.22449            0.000221261         -0.129697           0.0530055           -0.00362886         -0.0919257          
1.87447             137984              -0.219311           0.000224569         -0.123617           0.0506064           -0.00741018         -0.0895801          
1.87795             138240              -0.207339           -0.00186931         -0.115077           0.0489408           -0.00924483         -0.0881457          
1.88143             138496              -0.209807           -0.000636663        -0.118969           0.0495668           -0.00615993         -0.0870695          
1.88491             138752              -0.192132           0.00189428          -0.111147           0.0442009           -0.00290116         -0.0765376          
1.88838             139008              -0.205407           0.000793101         -0.107373           0.0437597           -0.0174434          -0.0835261          
1.89186             139264              -0.197713           0.000463193         -0.110836           0.0453003           -0.00740175         -0.0808593          
1.89534             139520              -0.24666            -0.0013537          -0.130621           0.0547349           -0.0188632          -0.102815           
1.89882             139776              -0.195285           0.00175025          -0.109487           0.0438254           -0.00727529         -0.0778107          
1.90229             140032              -0.200828           3.96881e-06         -0.118634           0.0487869           7.3237e-05          -0.0827471          
1.90577             140288              -0.238502           7.73918e-05         -0.125586           0.0515843           -0.0191176          -0.0973275          
1.90925             140544              -0.210413           -0.000241105        -0.112632           0.0468108           -0.0145396          -0.0868613          
1.91273             140800              -0.234872           0.0014043           -0.116341           0.0470146           -0.0279908          -0.0942067          
1.91621             141056              -0.21124            0.000843042         -0.11257            0.0460054           -0.0152273          -0.0857485          
1.91968             141312              -0.181706           0.00140694          -0.104922           0.0424869           -0.00292305         -0.0732791          
1.92316             141568              -0.215914           0.000652043         -0.114462           0.0467884           -0.0163218          -0.0877614          
1.92664             141824              -0.220763           6.38317e-05         -0.11106            0.0459935           -0.0241739          -0.0905995          
1.93012             142080              -0.213905           0.00133914          -0.111177           0.0449724           -0.0189425          -0.0860113          
1.93359             142336              -0.194735           0.000416725         -0.10276            0.0424002           -0.015294           -0.0798341          
1.93707             142592              -0.219202           0.00160737          -0.109505           0.0440728           -0.0249535          -0.0877385          
1.94055             142848              -0.199881           0.000224072         -0.103526           0.0428259           -0.0181333          -0.0820477          
1.94403             143104              -0.222171           0.000394731         -0.118618           0.0485632           -0.0157439          -0.090629           
1.9475              143360              -0.220906           0.00160621          -0.112924           0.0453421           -0.0219378          -0.0885248          
1.95098             143616              -0.217282           0.00163763          -0.113785           0.0456643           -0.0181792          -0.0868892          
1.95446             143872              -0.191633           0.00307616          -0.100247           0.0391468           -0.0161471          -0.0743617          
1.95794             144128              -0.219898           0.00149922          -0.113511           0.0455943           -0.0204879          -0.0879177          
1.96142             144384              -0.246464           -0.000819725        -0.131112           0.0544892           -0.018096           -0.10193            
1.96489             144640              -0.176103           0.00113442          -0.0983074          0.0398414           -0.00709189         -0.071062           
1.96837             144896              -0.23347            0.00177059          -0.113265           0.0452357           -0.030863           -0.0928536          
1.97185             145152              -0.226256           0.000144862         -0.121602           0.0499879           -0.0150694          -0.0926346          
1.97533             145408              -0.214667           0.000732246         -0.113742           0.0464027           -0.0163202          -0.0871918          
1.9788              145664              -0.17412            0.00111441          -0.088991           0.0362385           -0.0173191          -0.070412           
1.98228             145920              -0.198298           0.000168178         -0.10977            0.0451557           -0.00920996         -0.0810803          
1.98576             146176              -0.223021           0.000409945         -0.121293           0.0493769           -0.0130986          -0.0906361          
1.98924             146432              -0.21994            0.00105537          -0.12543            0.0505385           -0.00561665         -0.0885016          
1.99271             146688              -0.159245           0.00123744          -0.0889344          0.0359761           -0.00640151         -0.0641393          
1.99619             146944              -0.199754           0.00171006          -0.0979855          0.0392708           -0.0250646          -0.0795097          
1.99967             147200              -0.250831           0.00177158          -0.132278           0.0528769           -0.0198933          -0.0996096          
