#Time               nTime               force-x             force-y             force-z             moment-x            moment-y            moment-z            
0                   0                   -7.93762e-05        -3.9192e-05         2.16631e-05         5.82092e-05         -0.000116917        -6.30406e-05        
0.00347769          256                 -0.363456           59.9852             -2.28275            -53.9468            8.7317              224.139             
0.00695537          512                 18.0306             43.7633             -18.5479            -54.3204            73.3302             132.802             
0.0104331           768                 19.2664             -22.7977            -10.0387            8.39731             44.444              -97.8319            
0.0139107           1024                -5.68493            -43.8551            9.39869             45.502              -35.2392            -146.512            
0.0173884           1280                -7.65307            13.2254             7.11828             -3.80921            -28.6037            49.1502             
0.0208661           1536                3.11396             26.8524             -4.98812            -26.8583            19.2856             94.9413             
0.0243438           1792                5.98037             3.84631             -5.52576            -8.57945            22.0699             7.15008             
0.0278215           2048                1.34857             -1.7499             -1.30645            0.36149             5.01328             -10.1918            
0.0312992           2304                1.24309             10.2189             -0.763633           -9.14743            3.63347             37.1887             
0.0347769           2560                0.740561            11.6321             -1.04803            -10.7006            4.29924             41.7554             
0.0382545           2816                -0.260128           3.20256             0.189691            -2.49263            -0.664867           11.5697             
0.0417322           3072                0.169742            0.968007            0.504526            -0.0776378          -1.61992            2.37555             
0.0452099           3328                2.55931             3.80476             -0.778264           -3.78989            4.16197             11.5061             
0.0486876           3584                2.60145             1.57415             -0.584283           -1.91519            3.49761             3.34078             
0.0521653           3840                1.82367             0.0322836           -0.267802           -0.413472           2.08248             -1.42272            
0.055643            4096                2.19656             1.67777             -0.136559           -1.58243            1.85809             4.55656             
0.0591207           4352                1.21382             2.55757             -0.672858           -2.97346            3.06181             8.04607             
0.0625984           4608                0.608545            3.69214             -0.889212           -4.10347            3.51549             12.6887             
0.066076            4864                1.06257             4.43352             -0.644107           -4.28534            2.82312             15.0425             
0.0695537           5120                1.87213             5.3993              -0.70773            -4.93799            3.43577             17.2373             
0.0730314           5376                1.97047             5.62047             -1.13811            -5.6785             4.84316             17.9211             
0.0765091           5632                1.38098             5.00364             -1.97851            -6.086              7.38541             16.244              
0.0799868           5888                0.98                4.07778             -2.12816            -5.40408            7.85387             13.7585             
0.0834645           6144                1.40365             4.48463             -2.08227            -5.637              7.94799             15.248              
0.0869422           6400                1.59265             4.94425             -1.16187            -5.09705            4.97712             16.7335             
0.0904198           6656                1.36265             6.13651             -0.755371           -5.72975            3.49683             20.93               
0.0938975           6912                1.64758             6.58592             -1.09549            -6.46871            4.84744             21.9643             
0.0973752           7168                1.56624             6.98003             -1.22137            -6.94797            5.32029             23.5472             
0.100853            7424                0.845477            7.19501             -0.672046           -6.56048            2.99801             25.0316             
0.104331            7680                1.3567              10.153              -0.876596           -9.29663            3.87868             34.9416             
0.107808            7936                2.03761             11.7592             -0.932109           -10.7106            4.43103             40.1596             
0.111286            8192                2.85869             11.0603             -0.672948           -9.78092            3.87477             36.9538             
0.114764            8448                2.40013             10.8261             -0.493662           -9.4796             3.02778             36.3096             
0.118241            8704                2.10755             11.5581             -0.337412           -9.92289            2.32409             39.1046             
0.121719            8960                2.42647             9.05907             -0.400796           -7.84361            2.72198             30.0025             
0.125197            9216                2.10239             7.0478              -0.860897           -6.61034            4.24858             23.0079             
0.128674            9472                1.71454             6.73176             -1.02988            -6.49942            4.46595             22.2355             
0.132152            9728                1.34413             5.34706             -0.94628            -5.27904            3.97163             17.7753             
0.13563             9984                1.20766             6.84268             -0.819111           -6.5234             3.44533             23.107              
0.139107            10240               1.51411             7.24234             -0.716686           -6.67275            3.26895             24.1697             
0.142585            10496               1.81722             7.78353             -0.749912           -7.13652            3.60053             25.7248             
0.146063            10752               1.6829              7.43183             -0.867408           -6.94763            3.95606             24.3215             
0.149541            11008               1.46271             7.31696             -0.974919           -6.92671            4.22151             23.8977             
0.153018            11264               1.1993              7.23017             -1.11084            -7.07913            4.51322             23.6924             
0.156496            11520               0.891517            7.58219             -1.10412            -7.44083            4.3451              25.194              
0.159974            11776               0.640261            8.1713              -1.00544            -7.86644            3.89694             27.3426             
0.163451            12032               0.574729            8.43484             -0.980939           -8.06622            3.76588             28.38               
0.166929            12288               0.597305            9.04117             -1.14328            -8.72646            4.37036             30.525              
0.170407            12544               0.648555            9.10845             -1.21383            -8.90281            4.65159             30.818              
0.173884            12800               0.626997            9.65926             -1.20771            -9.38203            4.60732             32.8362             
0.177362            13056               0.613741            9.54913             -1.18743            -9.25313            4.52085             32.519              
0.18084             13312               0.886572            9.30837             -1.43956            -9.29768            5.51858             31.501              
0.184317            13568               0.651791            9.5866              -1.29928            -9.44317            4.8996              32.7569             
0.187795            13824               0.435586            10.1415             -1.46009            -10.1202            5.2692              34.8525             
0.191273            14080               0.340447            10.0445             -1.14911            -9.85803            4.27147             34.9302             
0.19475             14336               0.260182            10.274              -1.38097            -10.4076            5.0141              36.2358             
0.198228            14592               0.0686713           11.5494             -1.5237             -11.7376            5.41706             41.1707             
0.201706            14848               -0.313303           13.217              -1.62632            -13.328             5.58685             47.6586             
0.205183            15104               -0.480659           15.0948             -1.63706            -14.9941            5.63923             54.5844             
0.208661            15360               -0.161947           16.8299             -1.90488            -16.725             6.78034             60.8899             
0.212139            15616               -0.1032             18.8817             -1.84679            -18.4154            6.691               68.5793             
0.215617            15872               0.147509            19.9035             -1.70224            -19.1822            6.31195             72.1806             
0.219094            16128               0.492481            21.5016             -1.77737            -20.5819            6.84151             77.7056             
0.222572            16384               0.572638            20.5832             -1.8488             -19.8141            7.09946             74.2107             
0.22605             16640               0.334887            19.9232             -1.87491            -19.3384            7.04676             72.1723             
0.229527            16896               0.13158             18.302              -1.48301            -17.5228            5.56472             66.7356             
0.233005            17152               -0.0266471          17.2199             -1.51047            -16.5309            5.61555             63.0808             
0.236483            17408               -0.32372            18.0803             -1.55883            -17.1672            5.64104             66.3416             
0.23996             17664               -0.114849           17.517              -1.52213            -16.4852            5.64388             64.0079             
0.243438            17920               -0.156644           17.2109             -1.39348            -15.9401            5.15393             62.5757             
0.246916            18176               -0.447922           17.2019             -1.14164            -15.5934            4.14837             62.5688             
0.250393            18432               0.0287688           16.0243             -0.831874           -14.2066            3.28152             57.8192             
0.253871            18688               0.403922            15.961              -0.866193           -14.1957            3.69612             57.2121             
0.257349            18944               0.640733            16.0497             -0.600135           -14.1378            2.90359             57.1979             
0.260826            19200               0.723662            12.9374             -0.378879           -11.1668            2.08639             45.9977             
0.264304            19456               0.350482            9.9999              -0.24405            -8.45986            1.32183             35.8387             
0.267782            19712               0.635118            9.5152              -0.0418243          -7.83404            0.798011            34.0105             
0.27126             19968               0.444493            7.82002             0.100997            -6.25037            0.146404            28.2323             
0.274737            20224               0.60453             6.92244             -0.23116            -5.7393             1.33324             24.6091             
0.278215            20480               0.902882            6.08586             -0.242006           -4.99858            1.45828             21.2214             
0.281693            20736               0.727146            4.99834             -0.061862           -3.86768            0.7365              17.2388             
0.28517             20992               0.673172            4.41588             -0.105285           -3.41742            0.90431             15.1576             
0.288648            21248               0.864911            4.03709             0.1448              -2.90211            0.20063             13.4274             
0.292126            21504               0.914604            3.66677             -0.052215           -2.84334            0.884434            11.9547             
0.295603            21760               0.941291            3.59546             -0.141178           -2.90076            1.11871             11.659              
0.299081            22016               0.916827            3.51684             0.0801642           -2.54303            0.318774            11.2714             
0.302559            22272               1.27996             3.00812             -0.0630447          -2.30294            1.00502             9.02303             
0.306036            22528               1.36919             2.40943             0.0907409           -1.63199            0.464948            6.72177             
0.309514            22784               1.26488             1.80656             -0.0289488          -1.28474            0.835228            4.65519             
0.312992            23040               1.32217             1.67135             -0.170695           -1.30874            1.36317             4.1104              
0.316469            23296               1.26887             0.901824            -0.31596            -0.79544            1.87106             1.49679             
0.319947            23552               1.31855             2.31769             -0.279496           -1.99259            1.78648             6.48296             
0.323425            23808               1.5471              3.28622             -0.382177           -2.96793            2.23967             9.64304             
0.326903            24064               1.24668             3.93671             0.13318             -2.95645            0.299559            12.3169             
0.33038             24320               1.6352              3.15967             -0.0150112          -2.43395            1.02489             9.41411             
0.333858            24576               1.70946             2.84369             0.058151            -2.03688            0.891891            8.33377             
0.337336            24832               1.822               4.58094             -0.164328           -3.71373            1.6607              14.1037             
0.340813            25088               1.787               5.29515             0.016859            -4.12576            0.988934            16.3516             
0.344291            25344               1.75144             5.58986             -0.11495            -4.60018            1.57781             17.5218             
0.347769            25600               1.5268              5.78623             -0.21857            -4.87091            1.8293              18.4186             
0.351246            25856               1.43007             6.72707             -0.268523           -5.70925            1.95937             22.0056             
0.354724            26112               1.57304             6.22248             -0.128699           -5.19149            1.4829              20.1978             
0.358202            26368               1.56789             6.70142             0.0578515           -5.44971            0.814841            22.0065             
0.361679            26624               1.69006             7.67799             -0.0560075          -6.31958            1.30569             25.6488             
0.365157            26880               1.56772             7.97998             0.0910826           -6.41697            0.785198            26.6575             
0.368635            27136               1.29944             7.93601             0.273367            -6.22333            -0.0672167          26.5982             
0.372112            27392               1.18621             8.79072             -0.00699371         -7.22793            0.841392            29.9852             
0.37559             27648               1.44395             9.24339             -0.086281           -7.63685            1.27732             31.2425             
0.379068            27904               1.17445             8.96632             -0.697624           -7.98439            3.27992             30.6095             
0.382546            28160               0.981604            9.76313             -0.0113759          -8.06705            0.754607            33.8889             
0.386023            28416               0.686239            8.66418             0.0302825           -7.07644            0.379677            30.4539             
0.389501            28672               0.627697            8.73701             -0.502177           -7.56139            2.3053              30.8867             
0.392979            28928               1.21062             8.46917             -0.817161           -7.68579            3.73302             29.252              
0.396456            29184               1.30063             8.63707             -0.503017           -7.58733            2.67299             29.8117             
0.399934            29440               1.37896             8.06245             -0.329294           -6.89581            2.01539             27.3                
0.403412            29696               1.20944             7.95886             -0.357              -6.84828            2.06812             27.3616             
0.406889            29952               1.23314             8.5687              -0.351183           -7.39649            2.09322             29.712              
0.410367            30208               1.02155             7.35927             -0.663392           -6.73892            3.04052             25.5407             
0.413845            30464               0.438393            8.35597             -1.04043            -7.9364             4.08224             30.0039             
0.417322            30720               1.16306             8.70759             -0.653296           -7.69443            3.18914             30.8034             
0.4208              30976               1.11469             8.6656              -0.626164           -7.60432            2.90736             30.5857             
0.424278            31232               0.867013            8.64468             -0.636701           -7.55578            2.77592             30.5879             
0.427755            31488               0.715884            9.4701              -0.632168           -8.19877            2.69958             33.3531             
0.431233            31744               0.804033            10.61               -0.604371           -9.14153            2.70759             37.0424             
0.434711            32000               0.938157            10.4182             -0.559658           -9.09815            2.5581              36.1171             
0.438188            32256               0.669193            9.51776             -0.493156           -8.40407            2.18284             33.3162             
0.441666            32512               0.603866            8.87607             -0.533401           -7.87538            2.32794             31.5304             
0.445144            32768               1.30544             9.36434             -0.823996           -8.53408            3.73512             32.7785             
0.448622            33024               1.11265             10.1674             -0.887799           -9.31043            3.93155             35.9262             
0.452099            33280               1.26353             11.3681             -0.895496           -10.2929            4.02738             40.0409             
0.455577            33536               1.18111             9.53888             -0.519683           -8.45079            2.59847             33.1997             
0.459055            33792               0.620522            9.49707             -0.613284           -8.54714            2.60697             33.4403             
0.462532            34048               0.499752            9.7909              -0.536337           -8.71114            2.25344             34.4528             
0.46601             34304               0.730904            10.2898             -0.55445            -9.05219            2.46646             35.9204             
0.469488            34560               1.42264             9.29181             -0.416137           -7.99605            2.37328             31.8157             
0.472965            34816               1.30775             9.15664             -0.489687           -7.90962            2.55488             31.4545             
0.476443            35072               0.980319            8.42184             -0.196166           -7.04742            1.27547             29.0699             
0.479921            35328               0.546144            7.53374             -0.772572           -6.98356            2.9708              25.9376             
0.483398            35584               0.563265            7.44501             -0.774366           -6.75849            3.04374             25.6414             
0.486876            35840               0.791425            7.03211             -0.531576           -6.03866            2.39307             23.7662             
0.490354            36096               1.39079             8.11931             -0.763459           -7.10086            3.57791             27.0782             
0.493831            36352               0.858392            7.49031             -0.418838           -6.25361            2.06423             25.3693             
0.497309            36608               1.51979             7.30393             -0.61019            -6.32017            3.04267             24.2578             
0.500787            36864               1.66855             7.38716             -0.499099           -6.32334            2.79158             24.342              
0.504265            37120               1.34155             8.94396             -0.110224           -7.34612            1.20706             29.9818             
0.507742            37376               1.11214             9.50637             -0.357992           -8.04852            1.94398             32.2024             
0.51122             37632               1.29699             9.87025             -0.721225           -8.70101            3.37392             33.7044             
0.514698            37888               1.63619             10.5095             -0.681431           -9.25746            3.48827             35.9288             
0.518175            38144               1.21696             9.82955             -0.252407           -8.27782            1.7024              34.0066             
0.521653            38400               1.29333             9.20516             -0.411675           -7.86262            2.32002             31.5728             
0.525131            38656               0.584631            8.41552             -0.320866           -7.08708            1.56418             29.2169             
0.528608            38912               0.354851            9.40717             -0.493179           -8.03893            2.06294             33.2225             
0.532086            39168               1.25678             10.0444             -0.421444           -8.50085            2.41785             34.839              
0.535564            39424               1.2133              10.2514             -0.386522           -8.71815            2.26914             35.3445             
0.539041            39680               1.35772             9.95536             -0.488279           -8.58097            2.76368             33.8326             
0.542519            39936               1.41992             9.20022             -0.492312           -7.97072            2.7764              30.9539             
0.545997            40192               1.50917             9.72926             -0.568664           -8.48015            3.05185             32.7429             
0.549474            40448               1.3434              9.73461             -0.699465           -8.66737            3.37496             33.0473             
0.552952            40704               1.08618             9.79639             -0.834815           -8.87683            3.6882              33.4409             
0.55643             40960               1.34402             10.7789             -0.968231           -9.75311            4.32857             37.0224             
0.559907            41216               1.39835             10.8785             -0.900135           -9.73069            4.10499             37.4839             
0.563385            41472               1.24136             11.5356             -0.639684           -9.99451            3.06554             40.279              
0.566863            41728               1.07926             10.2905             -0.206018           -8.49581            1.51211             36.1041             
0.570341            41984               0.965629            9.55227             -0.485787           -8.17006            2.37211             33.1907             
0.573818            42240               0.78803             9.55682             -0.628737           -8.32741            2.80424             33.3206             
0.577296            42496               0.491158            10.2076             -0.624981           -8.92517            2.62453             35.8781             
0.580774            42752               1.1113              10.8485             -0.979718           -9.71502            4.21031             37.9336             
0.584251            43008               1.22929             10.5628             -1.13839            -9.67258            4.80155             36.7885             
0.587729            43264               1.28418             9.03228             -0.808287           -8.08083            3.66008             31.1939             
0.591207            43520               0.916153            8.00867             -0.47015            -6.81392            2.24301             27.7225             
0.594684            43776               1.28264             7.93674             -0.249127           -6.3756             1.62518             27.1471             
0.598162            44032               1.74908             6.92817             -0.236934           -5.51197            1.89827             22.9832             
0.60164             44288               1.08869             7.97709             -0.133373           -6.45956            1.15773             27.2548             
0.605117            44544               1.16786             10.3118             -0.0910131          -8.40606            1.19599             35.5303             
0.608595            44800               1.56913             10.7456             -0.226326           -8.84603            1.93019             36.654              
0.612073            45056               1.70616             9.03898             -0.906078           -7.99137            4.40064             29.9337             
0.61555             45312               1.57501             10.2217             -0.967817           -9.15424            4.48935             34.2928             
0.619028            45568               1.32691             11.7347             -0.747586           -10.2899            3.57951             40.3013             
0.622506            45824               1.30209             13.1904             -1.22524            -11.9877            5.26631             45.6994             
0.625984            46080               1.21275             13.0803             -0.487142           -11.2076            2.72245             45.87               
0.629461            46336               0.975182            12.2248             -0.370586           -10.4471            2.11554             42.9368             
0.632939            46592               0.803224            10.9137             -0.74686            -9.68898            3.25023             38.2471             
0.636417            46848               0.828743            9.58852             -0.471426           -8.27081            2.3139              33.6975             
0.639894            47104               1.00975             9.29768             -0.646025           -8.20225            2.97167             32.4856             
0.643372            47360               0.343632            9.48351             -0.526144           -8.25829            2.11133             33.535              
0.64685             47616               0.478033            9.28007             -0.451416           -7.93703            1.93002             32.9234             
0.650327            47872               0.714251            8.90923             -0.366871           -7.54309            1.83177             31.4238             
0.653805            48128               0.946897            9.68339             -0.603215           -8.4616             2.86846             33.8641             
0.657283            48384               1.35444             10.0215             -0.593307           -8.76325            3.01113             34.6852             
0.66076             48640               1.32628             10.0806             -0.571506           -8.79008            2.91551             34.7996             
0.664238            48896               1.20367             10.0509             -0.703206           -8.88082            3.253               34.7854             
0.667716            49152               0.942172            10.2042             -0.60606            -8.92457            2.78364             35.6394             
0.671193            49408               1.00371             10.8779             -0.61696            -9.51936            2.90192             38.31               
0.674671            49664               1.4239              11.9286             -0.87916            -10.6366            4.0009              41.8274             
0.678149            49920               1.40646             12.9347             -1.35561            -11.8926            5.6849              45.3561             
0.681626            50176               0.998265            13.3086             -1.22868            -12.1631            5.0952              46.8598             
0.685104            50432               0.414469            12.5217             -1.22916            -11.604             4.71346             44.5307             
0.688582            50688               0.164781            12.515              -1.29386            -11.5386            4.81565             44.6885             
0.69206             50944               1.16288             13.0958             -1.00517            -11.5612            4.35672             46.3531             
0.695537            51200               1.1141              13.3056             -1.02019            -11.6821            4.39619             47.3149             
0.699015            51456               0.848433            13.1439             -0.860504           -11.426             3.64869             46.7583             
0.702493            51712               1.19749             12.9915             -1.13557            -11.5518            4.80605             45.9577             
0.70597             51968               1.14519             12.6875             -1.00617            -11.0936            4.30764             44.6802             
0.709448            52224               1.55392             10.7251             -0.603262           -8.97174            3.08396             37.0683             
0.712926            52480               1.85067             10.7598             -0.579942           -8.96227            3.20307             36.7794             
0.716403            52736               1.75858             10.2509             -0.552902           -8.56337            3.06178             34.9197             
0.719881            52992               1.48511             9.64873             -0.414833           -8.05794            2.38131             32.9504             
0.723359            53248               1.17693             9.01665             -0.490731           -7.6468             2.53885             31.215              
0.726836            53504               1.55831             9.11869             -0.666377           -7.90661            3.37226             31.3702             
0.730314            53760               1.38553             8.84902             -0.37618            -7.38723            2.29066             30.5569             
0.733792            54016               1.41753             7.8448              -0.520797           -6.69744            2.80849             26.9585             
0.73727             54272               1.61079             9.09169             -0.631471           -7.88656            3.24009             31.1588             
0.740747            54528               1.69339             10.9283             -0.776089           -9.5784             3.80566             37.5388             
0.744225            54784               1.44657             10.5899             -0.768265           -9.23681            3.70967             36.285              
0.747703            55040               1.75814             10.9285             -0.764424           -9.53284            3.8203              37.1625             
0.75118             55296               1.35689             9.63234             -0.484879           -8.26904            2.56862             32.6458             
0.754658            55552               1.39578             8.98494             -0.490698           -7.82419            2.59453             30.2909             
0.758136            55808               1.19894             8.49028             -0.760676           -7.66696            3.42222             28.8988             
0.761613            56064               1.14567             9.06271             -0.826606           -8.18952            3.71561             31.1167             
0.765091            56320               0.757774            9.51413             -0.51438            -8.18674            2.4146              33.1565             
0.768569            56576               0.979849            9.30941             -0.337086           -7.89184            1.89883             32.2939             
0.772046            56832               1.06321             8.91147             -0.608272           -7.76652            2.79444             30.7                
0.775524            57088               1.1163              9.44359             -0.725864           -8.32535            3.2512              32.4807             
0.779002            57344               1.09244             9.39312             -0.797631           -8.34557            3.5299              32.2519             
0.782479            57600               0.795523            10.4704             -0.713664           -9.14312            3.09016             36.285              
0.785957            57856               0.78008             10.8168             -0.813416           -9.53365            3.45711             37.6685             
0.789435            58112               0.817021            11.3062             -0.845459           -9.98776            3.59583             39.3996             
0.792912            58368               1.19439             11.46               -0.914725           -10.1733            4.06093             39.6708             
0.79639             58624               1.35283             11.2846             -1.02928            -10.1162            4.53363             38.8736             
0.799868            58880               0.918142            11.0619             -1.26563            -10.1738            5.0908              38.4412             
0.803346            59136               1.36885             11.1511             -1.39685            -10.4076            5.7486              38.1103             
0.806823            59392               1.30871             11.1793             -1.12966            -10.2404            4.80675             38.015              
0.810301            59648               1.44856             10.6433             -0.812762           -9.47749            3.76271             35.9495             
0.813779            59904               1.34698             10.2076             -0.548151           -8.89073            2.77903             34.642              
0.817256            60160               0.544082            8.78893             -0.705511           -7.93725            2.89171             30.2134             
0.820734            60416               -0.023419           9.19746             -1.18323            -8.67152            4.19836             32.719              
0.824212            60672               0.711072            10.3203             -1.11105            -9.50479            4.43026             36.2648             
0.827689            60928               0.835339            10.926              -0.837651           -9.75309            3.52541             38.4453             
0.831167            61184               1.02256             10.4115             -0.667988           -9.17641            3.0331              36.3273             
0.834645            61440               1.08298             8.32052             -0.757847           -7.51078            3.44438             28.6857             
0.838122            61696               1.20921             6.35538             -0.707579           -5.82167            3.21908             21.4689             
0.8416              61952               0.872424            6.47551             -0.577877           -5.71287            2.68323             21.946              
0.845078            62208               1.3162              8.16759             -0.32166            -6.85676            2.08438             27.763              
0.848555            62464               1.28933             10.9108             -0.409683           -9.25216            2.36102             38.0323             
0.852033            62720               1.43101             10.4237             -0.354341           -8.72246            2.19229             36.0615             
0.855511            62976               1.48069             8.65797             -0.600758           -7.55843            3.07618             29.5067             
0.858989            63232               0.945202            7.48437             -0.768402           -6.84936            3.30315             25.6043             
0.862466            63488               0.967483            8.58112             -0.783796           -7.85237            3.33331             29.5057             
0.865944            63744               1.1684              9.10611             -0.442592           -7.97389            2.29509             31.2882             
0.869422            64000               1.41828             9.43217             -0.684034           -8.53418            3.3243              32.4381             
0.872899            64256               1.19718             10.0927             -0.840904           -9.21328            3.73061             34.9471             
0.876377            64512               0.782462            11.7296             -0.574418           -10.282             2.69751             41.3885             
0.879855            64768               0.796193            11.8591             -0.429795           -10.1657            2.22004             41.9063             
0.883332            65024               0.979439            11.192              -0.862173           -10.0152            3.7947              39.5588             
0.88681             65280               0.837874            11.3216             -1.209              -10.5032            4.88979             40.0212             
0.890288            65536               0.504315            11.2172             -1.04014            -10.2228            4.0901              39.7342             
0.893765            65792               0.56272             11.6153             -0.971423           -10.3979            3.93309             41.5267             
0.897243            66048               1.24544             11.1203             -0.623707           -9.55425            3.08099             39.3538             
0.900721            66304               1.1948              9.454               -0.432545           -8.0654             2.30465             33.3047             
0.904198            66560               1.67013             8.50988             -0.663419           -7.44611            3.33878             29.4401             
0.907676            66816               1.86366             7.4936              -0.346494           -6.26603            2.34028             25.2611             
0.911154            67072               1.46435             7.04707             -0.0718446          -5.59413            1.22069             23.5636             
0.914631            67328               1.471               7.35327             -0.0955362          -5.97842            1.28966             24.3222             
0.918109            67584               1.61739             7.65627             -0.56865            -6.71317            3.06095             25.4992             
0.921587            67840               1.90035             9.38816             -0.553401           -8.10752            3.19979             31.6262             
0.925065            68096               1.97126             10.3681             -0.574018           -8.91227            3.26135             35.0547             
0.928542            68352               1.75887             11.1436             -0.396682           -9.3829             2.55737             37.8662             
0.93202             68608               1.51257             11.4537             -0.871613           -10.1427            4.10234             39.107              
0.935498            68864               1.46846             11.6716             -0.817181           -10.2223            3.84508             40.3522             
0.938975            69120               1.53751             11.9698             -0.881876           -10.5018            4.11337             41.2334             
0.942453            69376               1.32552             11.3019             -0.822958           -9.83189            3.7779              39.2926             
0.945931            69632               0.972734            11.2753             -0.749014           -9.77301            3.38746             39.4895             
0.949408            69888               1.29005             11.8397             -0.510353           -10.0405            2.7052              41.5093             
0.952886            70144               1.48396             11.0067             -0.231159           -9.03419            1.87399             38.2486             
0.956364            70400               1.42549             10.8039             -0.330531           -9.05091            2.167               37.4142             
0.959841            70656               1.68826             11.4169             -0.33574            -9.64805            2.32001             39.2815             
0.963319            70912               1.39826             11.7316             -0.465176           -9.94846            2.70422             40.5396             
0.966797            71168               1.79805             11.0798             -0.761463           -9.64999            3.86941             37.8718             
0.970275            71424               1.8036              10.6539             -0.524745           -8.97809            3.02884             36.2653             
0.973752            71680               1.61283             11.009              -0.0749632          -8.88851            1.36838             38.0406             
0.97723             71936               1.8889              10.6686             -0.656553           -9.20234            3.47582             36.408              
0.980708            72192               1.52095             9.90141             -0.215952           -8.2129             1.73635             33.9114             
0.984185            72448               1.54926             9.65834             -0.474577           -8.27624            2.70103             32.5866             
0.987663            72704               1.86769             10.7892             -0.296972           -9.05616            2.19879             36.3468             
0.991141            72960               1.91784             10.579              -0.442667           -9.08577            2.77316             35.3822             
0.994618            73216               1.21392             10.4067             -0.241878           -8.77124            1.71124             35.8545             
0.998096            73472               1.37031             10.782              0.24567             -8.45282            0.0551905           37.4672             
1.00157             73728               0.570532            9.95555             0.231273            -7.87635            -0.356627           34.8269             
1.00505             73984               1.02321             9.96257             -0.0174237          -8.0705             0.632734            34.4906             
1.00853             74240               1.6236              10.5892             -0.134247           -8.68327            1.53623             36.4225             
1.01201             74496               2.08548             8.41382             -0.67116            -7.17782            3.65478             28.0187             
1.01548             74752               1.57791             8.87448             -0.881738           -7.74152            4.07172             30.0304             
1.01896             75008               1.0613              10.5081             -0.174639           -8.6517             1.32287             36.2919             
1.02244             75264               1.74676             10.8342             -0.36428            -9.10273            2.38407             37.0548             
1.02592             75520               1.86005             10.8775             -0.349466           -9.09955            2.47045             36.9931             
1.0294              75776               1.99292             13.5833             -0.140017           -11.2351            1.79566             46.5904             
1.03287             76032               1.94869             13.0062             -0.223824           -10.8084            2.1398              44.6104             
1.03635             76288               2.03766             12.3135             0.283544            -9.77607            0.47299             42.2191             
1.03983             76544               1.72613             10.5665             -0.0621817          -8.73222            1.41711             36.2468             
1.04331             76800               1.47326             9.7865              -0.397645           -8.3733             2.40065             33.6259             
1.04678             77056               1.94369             9.71358             -0.981612           -8.76043            4.76555             33.2531             
1.05026             77312               1.29796             9.99914             -1.06053            -9.11572            4.66285             34.9272             
1.05374             77568               1.68844             11.041              -0.754244           -9.70565            3.84887             38.1459             
1.05722             77824               1.84323             11.0961             -1.02976            -10.1095            4.94509             38.1941             
1.06069             78080               1.81394             12.2237             -1.01326            -11.1166            4.92733             42.1265             
1.06417             78336               1.39457             10.0365             -1.25906            -9.51914            5.43029             34.7939             
1.06765             78592               1.47401             9.74864             -0.898745           -8.76165            4.12616             33.9834             
1.07113             78848               1.68939             9.35504             -0.919417           -8.42871            4.31607             32.5221             
1.07461             79104               1.77869             9.37595             -0.739818           -8.28753            3.80395             32.41               
1.07808             79360               1.3596              9.61602             -0.538821           -8.31114            2.76319             33.386              
1.08156             79616               1.3442              9.75713             -0.112769           -8.02917            1.30028             33.7973             
1.08504             79872               1.56327             9.58619             -0.409128           -8.16969            2.50442             32.6875             
1.08852             80128               1.03667             8.91891             -0.258775           -7.47621            1.67174             30.6797             
1.09199             80384               1.0706              9.24712             -0.361024           -7.73955            2.0263              31.7462             
1.09547             80640               0.968481            9.32058             -0.190199           -7.71032            1.38408             31.9831             
1.09895             80896               1.23151             9.20615             -0.617169           -7.97906            2.98623             31.4462             
1.10243             81152               1.62747             9.93684             -1.01204            -8.96353            4.5597              33.8496             
1.1059              81408               1.72416             10.5965             -0.925438           -9.41093            4.32181             35.9173             
1.10938             81664               1.46174             10.3834             -0.579819           -8.9115             2.95019             35.2448             
1.11286             81920               1.3646              9.45299             -0.506812           -8.11068            2.67993             32.1174             
1.11634             82176               1.4796              9.45211             -0.56542            -8.10514            2.92687             32.0296             
1.11981             82432               1.35673             8.86536             -0.22187            -7.2678             1.68202             29.9623             
1.12329             82688               1.07879             7.53872             -0.33379            -6.29219            1.94499             25.4429             
1.12677             82944               1.33641             8.74745             -0.777868           -7.80287            3.65738             29.6141             
1.13025             83200               1.66216             10.4404             -0.856294           -9.30441            4.09727             35.6081             
1.13373             83456               1.23127             10.7893             -0.7671             -9.48292            3.54648             37.5766             
1.1372              83712               1.61776             10.7508             -0.401827           -9.05779            2.53549             37.4589             
1.14068             83968               1.57875             8.73332             -0.588675           -7.56878            3.17251             30.1729             
1.14416             84224               1.82559             8.90596             -0.874801           -8.05695            4.2488              30.4397             
1.14764             84480               1.14865             9.56629             -0.793357           -8.61236            3.52045             32.9522             
1.15111             84736               1.29232             10.4089             -0.624868           -9.07515            3.02866             35.8817             
1.15459             84992               1.53777             9.74624             -0.542809           -8.29496            2.89117             33.1081             
1.15807             85248               1.50385             8.88839             -0.578946           -7.57524            2.9736              30.1466             
1.16155             85504               1.55664             8.69487             -0.41807            -7.31313            2.46743             29.3586             
1.16502             85760               1.18064             8.57687             -0.0831671          -6.93331            1.06723             29.302              
1.1685              86016               1.22578             7.94323             -0.375386           -6.63697            2.05943             26.9354             
1.17198             86272               1.12402             7.5701              -0.586378           -6.51835            2.69805             25.6168             
1.17546             86528               1.28771             8.13303             -0.773345           -7.20349            3.48896             27.2557             
1.17894             86784               1.1091              9.30349             -0.72703            -8.18154            3.2835              31.5934             
1.18241             87040               1.04345             9.40617             -0.67849            -8.33535            3.09557             32.1285             
1.18589             87296               0.974162            9.41293             -0.96359            -8.63975            4.00624             32.2487             
1.18937             87552               0.561475            8.81344             -1.05818            -8.16217            4.10874             30.761              
1.19285             87808               0.91896             7.35351             -1.11694            -6.85763            4.57502             25.8144             
1.19632             88064               0.964907            9.38676             -0.793641           -8.356              3.51993             32.9121             
1.1998              88320               1.33798             9.60163             -0.572464           -8.35282            2.93516             33.5099             
1.20328             88576               1.1321              8.75361             -0.16872            -7.30764            1.32299             30.25               
1.20676             88832               1.32083             8.12094             0.0248833           -6.68589            0.777433            27.9106             
1.21023             89088               1.15765             6.72119             -0.133153           -5.56332            1.19549             22.961              
1.21371             89344               0.914998            6.64149             0.176505            -5.22353            -0.0379538          22.4439             
1.21719             89600               0.511134            7.51463             0.030603            -6.15499            0.336017            25.9825             
1.22067             89856               0.918605            9.1356              -0.0671035          -7.60131            0.963515            31.7347             
1.22415             90112               1.00199             9.89045             -0.113628           -8.23472            1.15046             34.358              
1.22762             90368               0.738009            8.69162             -0.0561296          -7.13492            0.753827            30.5238             
1.2311              90624               0.984813            8.32047             -0.489321           -7.27907            2.41947             29.0471             
1.23458             90880               1.18933             8.46043             -0.583691           -7.52416            2.86556             29.3104             
1.23806             91136               0.906975            8.25874             -0.423801           -7.24403            2.18368             28.7997             
1.24153             91392               1.21897             7.96576             -0.485372           -7.12372            2.50637             27.1417             
1.24501             91648               1.0142              7.85403             -0.799528           -7.37632            3.39238             26.7703             
1.24849             91904               0.878539            8.1065              -0.107953           -6.90833            0.895331            27.7005             
1.25197             92160               0.73062             7.49072             0.0472846           -6.17023            0.246917            25.5042             
1.25544             92416               0.939746            7.5646              0.0465507           -6.10361            0.419148            25.5767             
1.25892             92672               1.30396             6.81974             -0.26162            -5.70872            1.68247             22.6773             
1.2624              92928               1.11903             6.80137             -0.384709           -5.8398             1.9921              22.8701             
1.26588             93184               1.36926             7.18921             -0.29611            -6.0589             1.85612             23.9259             
1.26936             93440               1.46438             6.86751             -0.521052           -6.03255            2.70694             22.4309             
1.27283             93696               0.989346            6.81865             -0.801005           -6.29094            3.42144             22.7311             
1.27631             93952               1.58122             6.76181             -0.928692           -6.41081            4.14771             22.2141             
1.27979             94208               1.69156             7.47026             -1.1143             -7.12707            4.83791             24.4303             
1.28327             94464               1.58837             8.82015             -0.973943           -8.06212            4.32164             29.3986             
1.28674             94720               1.47034             9.82842             -0.949229           -8.98599            4.19092             33.2059             
1.29022             94976               1.36181             10.5199             -0.975163           -9.64949            4.29739             35.8377             
1.2937              95232               1.0712              11.0571             -0.802868           -9.87919            3.48163             38.123              
1.29718             95488               1.33029             10.7134             -0.952095           -9.60573            4.08558             36.4394             
1.30065             95744               1.03331             9.26388             -0.748977           -8.10314            3.2354              31.9927             
1.30413             96000               1.34297             8.43931             -0.434182           -7.06961            2.34506             28.9164             
1.30761             96256               1.62439             7.92257             -0.372926           -6.56948            2.30431             26.8514             
1.31109             96512               1.62612             7.10951             -0.284405           -5.84575            2.0799              23.9961             
1.31457             96768               1.72904             7.27499             -0.1469             -5.99847            1.67361             24.3807             
1.31804             97024               1.76551             7.41748             -0.391438           -6.39818            2.54871             24.507              
1.32152             97280               1.45607             8.04141             -0.404344           -6.99072            2.41161             27.2204             
1.325               97536               1.64127             7.39398             0.132758            -5.92853            0.594471            24.7172             
1.32848             97792               2.02852             8.29458             0.478934            -6.40313            -0.341986           27.8092             
1.33195             98048               1.9253              7.95706             -0.0572693          -6.61216            1.45795             26.7142             
1.33543             98304               1.83991             9.62455             0.104576            -7.82004            0.914707            33.2636             
1.33891             98560               2.55135             9.16938             0.42469             -7.06678            0.1613              30.6996             
1.34239             98816               2.27707             7.74111             -0.24027            -6.51251            2.30417             25.4753             
1.34586             99072               1.94239             8.03708             -0.234672           -6.77822            2.10897             26.672              
1.34934             99328               1.66551             8.1144              -0.0517869          -6.64922            1.20821             27.0988             
1.35282             99584               1.53242             7.60967             -0.121458           -6.35161            1.52233             25.4548             
1.3563              99840               1.3997              7.72884             -0.305187           -6.59296            2.0916              25.958              
1.35978             100096              1.94155             9.04892             -0.47805            -7.86443            2.92249             30.2559             
1.36325             100352              1.48307             8.34699             -0.684327           -7.60941            3.34601             27.8205             
1.36673             100608              0.902674            7.73317             -0.571667           -7.11317            2.67223             26.1297             
1.37021             100864              0.67118             8.77329             -0.596054           -7.894              2.62534             30.4567             
1.37369             101120              0.95981             10.0896             -0.678271           -8.95872            2.99242             35.1959             
1.37716             101376              1.11837             8.737               -0.348916           -7.55031            1.94139             30.3104             
1.38064             101632              0.86853             8.77805             -0.649167           -7.85548            2.83646             30.5478             
1.38412             101888              1.05497             9.17866             -0.385161           -7.8999             1.98453             31.7475             
1.3876              102144              0.894783            9.08153             -0.408792           -7.87529            2.00122             31.516              
1.39107             102400              1.36345             8.83954             -0.747848           -7.98272            3.55096             30.2016             
1.39455             102656              1.04386             9.20667             -1.07484            -8.68688            4.60501             31.9485             
1.39803             102912              0.935455            9.93438             -0.821162           -9.08941            3.54969             34.6022             
1.40151             103168              0.567647            10.549              -1.12744            -9.83943            4.46419             37.2888             
1.40499             103424              1.21253             10.7847             -0.888173           -9.66565            3.96849             37.6043             
1.40846             103680              1.28684             11.318              -0.882818           -10.1362            4.0217              39.5279             
1.41194             103936              1.36685             11.8239             -0.680495           -10.2789            3.27999             41.1591             
1.41542             104192              1.29473             11.5512             -1.05397            -10.4019            4.64256             40.2756             
1.4189              104448              1.49585             11.8716             -0.836994           -10.4691            4.0593              41.4795             
1.42237             104704              1.32289             11.0679             -0.904764           -9.90883            4.07009             38.4195             
1.42585             104960              0.690262            10.7898             -0.877022           -9.62995            3.66428             37.9368             
1.42933             105216              0.928711            11.2731             -0.703336           -9.86057            3.12573             39.533              
1.43281             105472              1.12307             11.1634             -0.57989            -9.5818             2.67331             38.6504             
1.43628             105728              1.50261             10.5305             -0.593221           -9.05893            3.00291             35.8726             
1.43976             105984              1.1817              10.8219             -0.565604           -9.33642            2.7248              37.2581             
1.44324             106240              1.16808             11.1996             -0.784427           -9.95714            3.42225             38.4067             
1.44672             106496              1.13549             10.9021             -1.0033             -9.87326            4.26708             37.7604             
1.4502              106752              1.66274             10.475              -1.31233            -9.64634            5.70854             36.1986             
1.45367             107008              1.06871             10.7728             -0.857086           -9.51613            3.79707             37.8806             
1.45715             107264              1.34096             10.0563             -0.180557           -8.24096            1.52344             34.7731             
1.46063             107520              1.51795             8.94781             -0.0721369          -7.26773            1.18606             30.4995             
1.46411             107776              1.63453             7.15357             -0.269089           -5.95765            1.89019             23.7373             
1.46758             108032              1.35318             6.72438             -0.0747578          -5.47915            1.08497             22.4894             
1.47106             108288              0.968164            6.14495             -0.151575           -5.12527            1.10878             20.3725             
1.47454             108544              1.14942             5.43786             -0.610031           -4.9546             2.85275             17.7123             
1.47802             108800              1.34312             5.92132             -0.703028           -5.41152            3.33053             19.3074             
1.48149             109056              2.07783             7.41661             -0.393905           -6.39764            2.66021             24.1357             
1.48497             109312              1.96518             7.54115             -0.195806           -6.28151            1.92254             24.4677             
1.48845             109568              2.02332             8.90758             0.0810322           -7.1613             1.07183             29.1829             
1.49193             109824              2.13809             9.71459             0.428125            -7.49993            -0.0626474          32.3267             
1.49541             110080              1.66098             10.2545             0.245091            -8.16166            0.325493            34.8627             
1.49888             110336              1.42798             11.5918             0.218169            -9.3571             0.233136            40.0093             
1.50236             110592              1.46572             12.1715             -0.205046           -10.2448            1.73311             42.204              
1.50584             110848              1.82538             12.1095             -0.282561           -10.2916            2.20821             41.6623             
1.50932             111104              1.63342             11.9454             -0.177714           -10.0542            1.67506             41.2332             
1.51279             111360              1.72676             11.5507             0.0574118           -9.39433            0.809753            39.992              
1.51627             111616              1.58544             11.3006             -0.389534           -9.57723            2.28733             39.2175             
1.51975             111872              1.29361             10.3168             -0.491151           -8.91714            2.49489             35.617              
1.52323             112128              1.05761             9.45015             -1.01736            -8.84925            4.27035             32.6088             
1.5267              112384              0.890559            9.69426             -1.21535            -9.22351            4.88442             33.7648             
1.53018             112640              1.47448             10.0503             -0.933791           -9.24778            4.27179             34.8802             
1.53366             112896              1.32607             10.2113             -0.890785           -9.33564            4.0785              35.5435             
1.53714             113152              1.71424             11.0722             -0.807899           -9.9043             4.01474             38.3556             
1.54062             113408              1.52441             10.7685             -0.906786           -9.81204            4.15951             37.1558             
1.54409             113664              1.05255             10.3941             -0.642222           -9.29009            2.98545             36.308              
1.54757             113920              1.36918             10.6404             -0.224379           -8.95014            1.72888             37.1783             
1.55105             114176              1.84962             9.87928             -0.304303           -8.35035            2.27119             34.1731             
1.55453             114432              1.40317             9.42185             -0.329908           -7.91848            2.03943             32.5451             
1.558               114688              0.87855             9.09861             -0.673164           -8.03182            2.92742             31.4238             
1.56148             114944              0.831088            9.41463             -0.381806           -7.95455            1.86266             32.5528             
1.56496             115200              0.746972            9.87444             -0.268727           -8.21954            1.40961             34.4096             
1.56844             115456              0.868624            10.6039             -0.13412            -8.80311            1.06154             36.7491             
1.57191             115712              1.42538             10.8595             -0.234007           -9.09843            1.79354             37.1368             
1.57539             115968              1.5245              10.6643             -0.143329           -8.80929            1.43191             36.272              
1.57887             116224              1.3326              9.9547              -0.388954           -8.3939             2.10377             33.7856             
1.58235             116480              1.24376             9.65827             -0.65316            -8.38752            3.07987             32.762              
1.58582             116736              1.58404             9.66455             -0.659504           -8.35044            3.30642             32.5434             
1.5893              116992              1.57806             10.144              -0.664798           -8.74344            3.37981             34.4171             
1.59278             117248              1.40521             11.0308             -1.01171            -9.914              4.55554             37.9622             
1.59626             117504              0.978702            10.3239             -0.877693           -9.24239            3.82275             35.8164             
1.59974             117760              1.03406             9.42677             -0.682908           -8.33071            3.12514             32.6906             
1.60321             118016              1.01154             9.6178              -0.704455           -8.45719            3.30432             33.6583             
1.60669             118272              1.60686             10.4257             -0.74324            -9.13343            3.75794             36.1955             
1.61017             118528              1.50587             8.309               -0.519591           -7.13427            2.80738             28.6519             
1.61365             118784              1.06648             7.86006             -1.00814            -7.30471            4.32594             27.3906             
1.61712             119040              1.25163             10.9837             -0.771501           -9.70906            3.562               38.3953             
1.6206              119296              1.27436             9.56754             -0.100436           -7.81187            1.25355             33.1866             
1.62408             119552              1.01782             9.19937             -0.431329           -7.89364            2.24901             31.8727             
1.62756             119808              1.3976              9.0802              -0.327747           -7.66806            2.10012             31.0696             
1.63103             120064              1.60814             8.10847             -0.268592           -6.87161            2.01673             27.4193             
1.63451             120320              1.43242             7.3899              -0.842805           -6.80329            3.97634             25.0725             
1.63799             120576              1.29668             6.69274             -0.805831           -6.14228            3.81681             22.767              
1.64147             120832              1.70826             6.92925             -0.597586           -6.09769            3.25524             23.2867             
1.64495             121088              1.53934             6.56924             -0.458494           -5.63492            2.5323              21.8541             
1.64842             121344              1.17994             7.51869             -0.286857           -6.36856            1.80076             25.3579             
1.6519              121600              1.11901             7.73423             -0.580292           -6.90971            2.71557             26.154              
1.65538             121856              1.15776             8.39378             -0.787283           -7.70699            3.50397             28.7309             
1.65886             122112              0.897343            8.77668             -0.525341           -7.74829            2.4243              30.2745             
1.66233             122368              1.26085             8.63633             -0.79617            -7.90589            3.57125             29.487              
1.66581             122624              1.01429             9.54947             -0.797929           -8.73271            3.4369              33.063              
1.66929             122880              1.00752             11.2158             -0.655708           -9.93634            2.93354             39.0273             
1.67277             123136              1.10644             11.1844             -0.405525           -9.54225            2.14967             39.1007             
1.67624             123392              0.689663            9.95554             -0.274169           -8.39907            1.50228             35.1435             
1.67972             123648              0.806958            8.94211             -0.641939           -7.97746            2.79777             31.5015             
1.6832              123904              0.781066            8.50861             -0.440747           -7.48167            2.09191             29.9523             
1.68668             124160              0.949307            8.62473             -0.323257           -7.36818            1.68152             29.8947             
1.69016             124416              0.760242            8.36753             -0.402671           -7.15671            1.91235             28.8799             
1.69363             124672              1.16799             9.03019             -0.351474           -7.54323            2.02093             31.0122             
1.69711             124928              1.13181             9.26154             -0.569937           -8.00912            2.77928             31.9043             
1.70059             125184              0.856751            9.97673             -0.387779           -8.48183            2.01848             34.9627             
1.70407             125440              0.999492            10.185              -0.231966           -8.47618            1.56936             35.8034             
1.70754             125696              1.22034             10.5973             -0.373077           -8.967              2.11724             37.1695             
1.71102             125952              1.08819             10.8076             0.136425            -8.66424            0.296926            37.8945             
1.7145              126208              1.27155             10.261              -0.105693           -8.40874            1.20424             35.6904             
1.71798             126464              1.22393             10.3042             -0.246168           -8.60633            1.64977             35.8388             
1.72145             126720              1.20826             10.0416             -0.256995           -8.44186            1.73849             35.0903             
1.72493             126976              1.06623             10.3366             -0.223536           -8.6567             1.53455             36.3676             
1.72841             127232              1.23385             9.35425             -0.292997           -7.89511            1.89769             32.6712             
1.73189             127488              1.21892             7.74217             -0.255034           -6.46979            1.76894             26.7716             
1.73537             127744              0.932728            7.42105             -0.0787409          -6.04609            0.94215             25.8499             
1.73884             128000              0.631213            6.7888              -0.228099           -5.706              1.27042             23.7517             
1.74232             128256              1.04816             6.78452             -0.391171           -5.93484            2.03041             23.1636             
1.7458              128512              0.861079            7.12171             -0.523407           -6.40337            2.40266             24.3118             
1.74928             128768              0.995769            8.93472             -0.644032           -8.08136            2.91358             30.751              
1.75275             129024              1.11108             10.328              -0.485774           -9.06992            2.46539             35.9443             
1.75623             129280              1.26538             10.1649             -0.0397161          -8.462              1.00525             35.3087             
1.75971             129536              1.18979             10.0642             -0.262018           -8.55245            1.7306              34.8614             
1.76319             129792              0.907573            9.70637             -0.361259           -8.26154            1.85249             33.6828             
1.76666             130048              0.785913            9.13924             -0.667095           -8.05008            2.84952             31.7259             
1.77014             130304              0.989653            10.2172             -0.669198           -8.86346            3.02327             35.4145             
1.77362             130560              1.72773             10.4149             -0.853366           -9.12386            4.1008              35.1918             
1.7771              130816              1.2344              10.5551             -0.801971           -9.14248            3.68483             35.8901             
1.78058             131072              1.24319             11.3415             -0.742046           -9.7497             3.53744             38.8501             
1.78405             131328              1.4262              11.0422             -0.7314             -9.5446             3.55384             37.6786             
1.78753             131584              1.49046             10.0252             -0.181659           -8.28855            1.69179             34.1715             
1.79101             131840              1.25233             9.35874             -0.271238           -7.87519            1.82657             31.8339             
1.79449             132096              0.759827            7.52922             -0.54317            -6.70558            2.40134             25.7111             
1.79796             132352              0.581909            9.14022             -0.67331            -8.19632            2.82897             31.7793             
1.80144             132608              0.985103            10.5137             -0.894075           -9.50849            3.77653             36.6784             
1.80492             132864              1.19108             10.4921             -0.876409           -9.32332            3.84415             36.7286             
1.8084              133120              1.46282             9.91056             -0.901232           -8.81041            4.04479             34.2676             
1.81187             133376              1.2482              10.1835             -0.350097           -8.49889            1.8774              35.3595             
1.81535             133632              1.42486             9.97241             -0.244455           -8.26805            1.72891             34.3268             
1.81883             133888              1.54055             8.84241             -0.331455           -7.42563            2.10349             29.9221             
1.82231             134144              0.923397            7.65738             -0.289332           -6.44667            1.61488             26.2176             
1.82579             134400              1.43904             8.92521             -0.454518           -7.65803            2.53365             30.6583             
1.82926             134656              0.929386            8.68194             -0.233236           -7.33357            1.51102             30.0587             
1.83274             134912              1.06894             8.47511             -0.393835           -7.25547            2.10891             29.0851             
1.83622             135168              1.38386             8.24023             -0.23454            -6.90205            1.74146             28.1112             
1.8397              135424              1.37377             8.07953             -0.422504           -6.98047            2.27522             27.5423             
1.84317             135680              1.43169             7.43852             -0.517833           -6.57005            2.67064             25.0024             
1.84665             135936              1.27747             7.50649             -0.831262           -6.91012            3.6626              25.2528             
1.85013             136192              1.17737             7.28755             -0.697936           -6.62817            3.11674             24.4608             
1.85361             136448              0.805993            7.63985             -0.804927           -7.10156            3.40411             26.1362             
1.85708             136704              0.617467            8.36571             -0.665347           -7.61518            2.83905             28.5449             
1.86056             136960              0.366916            10.2701             -0.501866           -9.09078            2.18216             35.615              
1.86404             137216              0.836995            11.3461             -0.440863           -10.0018            2.18258             39.2216             
1.86752             137472              0.570433            12.9346             -0.157215           -11.0071            1.01275             45.3496             
1.871               137728              1.00672             11.6929             -0.746319           -10.3217            3.18699             40.6682             
1.87447             137984              1.49634             10.943              -0.970467           -9.86604            4.28987             38.127              
1.87795             138240              1.6454              9.65923             -0.578851           -8.28552            2.98388             33.7246             
1.88143             138496              2.2299              7.92611             -0.924969           -7.14948            4.48886             26.9223             
1.88491             138752              1.4162              7.24151             -0.590839           -6.28626            2.99252             24.5587             
1.88838             139008              1.16092             7.40753             -0.596337           -6.44547            2.88017             24.9786             
1.89186             139264              1.2211              8.42793             -0.686129           -7.47039            3.24324             28.7203             
1.89534             139520              1.32905             8.66648             -0.454286           -7.40881            2.46574             29.5529             
1.89882             139776              1.45889             7.84901             -0.42941            -6.74364            2.53469             26.3109             
1.90229             140032              1.92306             10.3352             -0.441022           -8.95941            2.7712              34.8768             
1.90577             140288              1.46777             8.56841             -0.581426           -7.57812            3.00604             28.4512             
1.90925             140544              1.25218             7.78324             -0.742499           -7.06704            3.4128              25.6828             
1.91273             140800              1.59938             9.31772             -0.64372            -8.26539            3.28373             31.0664             
1.91621             141056              1.68044             9.30077             -0.434548           -7.94312            2.58413             31.121              
1.91968             141312              1.94877             9.70404             -0.392437           -8.08093            2.60603             32.5383             
1.92316             141568              2.05608             10.2222             -0.165552           -8.33285            1.84687             34.5624             
1.92664             141824              1.67516             9.17039             -0.704111           -7.86655            3.58026             31.12               
1.93012             142080              2.06818             11.0053             -0.663996           -9.33883            3.65762             37.2069             
1.93359             142336              2.57063             9.62711             -0.536596           -8.28252            3.46227             31.4327             
1.93707             142592              1.40749             8.97719             -0.624554           -7.87312            3.15929             30.2009             
1.94055             142848              1.53232             9.38084             -0.745543           -8.34587            3.64883             31.6549             
1.94403             143104              1.32121             9.65682             -0.531575           -8.39601            2.69772             32.9433             
1.9475              143360              1.14853             9.04178             -1.10677            -8.43517            4.72545             30.9833             
1.95098             143616              1.28302             11.0194             -0.961109           -9.8862             4.20366             38.1428             
1.95446             143872              1.25847             12.2495             -0.883878           -10.8339            3.88462             42.5839             
1.95794             144128              1.02318             10.1179             -0.508999           -8.63151            2.54424             35.4234             
1.96142             144384              1.0736              9.83968             -0.450731           -8.30664            2.3983              34.5408             
1.96489             144640              1.00104             10.941              -1.05141            -9.9088             4.47625             38.6273             
1.96837             144896              1.036               12.381              -0.938871           -10.9778            4.0667              43.7825             
1.97185             145152              1.19228             12.886              -0.659566           -11.1275            3.17488             45.3558             
1.97533             145408              1.20785             11.8268             -0.939241           -10.5179            4.05228             41.38               
1.9788              145664              1.45137             11.0533             -0.869644           -9.78751            4.00415             38.2926             
1.98228             145920              1.34502             10.7833             -0.817313           -9.48452            3.81411             37.2074             
1.98576             146176              1.41458             12.499              -0.620957           -10.7626            3.13348             43.5235             
1.98924             146432              1.24474             11.2892             -0.37611            -9.56761            2.22547             39.023              
1.99271             146688              1.35316             10.8475             -0.565276           -9.50328            2.86517             37.2855             
1.99619             146944              1.56652             10.6717             -1.04015            -9.78851            4.5414              36.3476             
1.99967             147200              1.40042             11.1123             -0.536022           -9.55838            2.70264             38.0371             
