#Time               nTime               force-x             force-y             force-z             moment-x            moment-y            moment-z            
0                   0                   -9.92203e-07        1.17411e-05         -1.4883e-06         -1.00371e-05        1.72246e-06         1.88942e-05         
0.00347769          256                 0.025264            -0.000322797        0.00063749          0.00073914          0.0199718           0.00329922          
0.00695537          512                 0.00193546          -0.0116774          0.00317753          0.00967578          -0.00367545         -0.018681           
0.0104331           768                 0.330201            0.887642            -0.185077           -0.737175           0.582237            1.49166             
0.0139107           1024                -0.137021           0.716326            -0.110694           -0.608017           0.075165            1.14268             
0.0173884           1280                -0.224167           0.134556            0.0696551           -0.131561           -0.296102           0.184233            
0.0208661           1536                -0.11815            -0.148763           0.0491119           0.117033            -0.177334           -0.260557           
0.0243438           1792                0.0722345           -0.368478           0.0258092           0.317982            0.0146872           -0.587792           
0.0278215           2048                0.147172            -0.23576            -0.0187865          0.211335            0.14888             -0.360193           
0.0312992           2304                0.010917            -0.377067           0.0462036           0.321687            -0.0707608          -0.610215           
0.0347769           2560                -0.00098625         -0.365706           0.093108            0.304278            -0.156675           -0.593933           
0.0382545           2816                0.0260762           -0.241718           5.96975e-05         0.210642            0.0189974           -0.388411           
0.0417322           3072                0.0452367           -0.208666           0.0141362           0.180558            0.0118129           -0.331736           
0.0452099           3328                0.0180993           -0.177674           0.020062            0.152138            -0.0198329          -0.285585           
0.0486876           3584                0.00716288          -0.154536           0.0236587           0.131178            -0.0343839          -0.249723           
0.0521653           3840                0.00501658          -0.127784           0.0196321           0.108331            -0.0292458          -0.206669           
0.055643            4096                0.00903616          -0.103006           0.0146137           0.0876798           -0.0175372          -0.165813           
0.0591207           4352                0.00806231          -0.090331           0.0121874           0.0769997           -0.0142342          -0.145386           
0.0625984           4608                0.00450758          -0.0835579          0.00948             0.0714192           -0.0126433          -0.134933           
0.066076            4864                0.00163912          -0.0820572          0.0116399           0.0697048           -0.018494           -0.132945           
0.0695537           5120                0.00150749          -0.0890636          0.0156088           0.0752156           -0.0251665          -0.144348           
0.0730314           5376                0.00366569          -0.0915324          0.0125317           0.0778696           -0.018383           -0.14802            
0.0765091           5632                0.00537675          -0.0977348          0.0129203           0.0832394           -0.0176821          -0.157825           
0.0799868           5888                0.00513796          -0.107724           0.0147256           0.0916668           -0.0209346          -0.174076           
0.0834645           6144                0.00652191          -0.117089           0.016285            0.0996056           -0.0224381          -0.189069           
0.0869422           6400                0.00716271          -0.127156           0.0167968           0.108304            -0.0228524          -0.205309           
0.0904198           6656                0.00820138          -0.136248           0.0177735           0.116096            -0.0236903          -0.219908           
0.0938975           6912                0.00901317          -0.145977           0.0194477           0.124326            -0.0258596          -0.235576           
0.0973752           7168                0.0100871           -0.152696           0.0203443           0.13006             -0.0265149          -0.246319           
0.100853            7424                0.0104491           -0.155643           0.0203597           0.132631            -0.0262789          -0.251046           
0.104331            7680                0.00973053          -0.159818           0.0212216           0.136119            -0.0283167          -0.257934           
0.107808            7936                0.0111578           -0.158027           0.0202476           0.134734            -0.0255309          -0.254809           
0.111286            8192                0.0111575           -0.152022           0.0187328           0.129748            -0.0230066          -0.245055           
0.114764            8448                0.0088392           -0.151427           0.0204913           0.128918            -0.0277761          -0.244446           
0.118241            8704                0.00801733          -0.149043           0.0201394           0.126867            -0.0278422          -0.240705           
0.121719            8960                0.0085002           -0.146661           0.0198024           0.124832            -0.0268636          -0.236772           
0.125197            9216                0.00971681          -0.141563           0.0176711           0.120771            -0.0223396          -0.2283             
0.128674            9472                0.00913918          -0.141961           0.0187632           0.120949            -0.0246072          -0.229035           
0.132152            9728                0.00860769          -0.14322            0.0191181           0.121968            -0.0256326          -0.231164           
0.13563             9984                0.00884202          -0.146559           0.0201498           0.124713            -0.0271554          -0.236551           
0.139107            10240               0.00966753          -0.148019           0.0187587           0.126215            -0.0242165          -0.238791           
0.142585            10496               0.0107866           -0.147732           0.0191039           0.125952            -0.0238718          -0.238152           
0.146063            10752               0.00941137          -0.15155            0.0205834           0.129021            -0.0274602          -0.244561           
0.149541            11008               0.00927395          -0.151431           0.0200895           0.128978            -0.0267545          -0.244391           
0.153018            11264               0.0101291           -0.149835           0.019004            0.127769            -0.0242613          -0.241668           
0.156496            11520               0.0107566           -0.147033           0.018708            0.125405            -0.0232464          -0.237019           
0.159974            11776               0.0102455           -0.146795           0.0192635           0.125114            -0.0245742          -0.23671            
0.163451            12032               0.00881109          -0.145889           0.0192587           0.124259            -0.025723           -0.235467           
0.166929            12288               0.00840131          -0.139573           0.0179301           0.118949            -0.0238144          -0.225277           
0.170407            12544               0.0082462           -0.136627           0.0186761           0.116281            -0.0251405          -0.22052            
0.173884            12800               0.0080246           -0.134912           0.0180712           0.114871            -0.0243178          -0.21777            
0.177362            13056               0.00719049          -0.132424           0.0179916           0.112692            -0.0248475          -0.213861           
0.18084             13312               0.00668546          -0.130828           0.0181818           0.111261            -0.0255506          -0.211349           
0.184317            13568               0.00716387          -0.131183           0.0178434           0.111631            -0.024604           -0.211854           
0.187795            13824               0.0085599           -0.129385           0.0174414           0.110152            -0.0227921          -0.208723           
0.191273            14080               0.00835881          -0.127795           0.016867            0.108867            -0.0220074          -0.206168           
0.19475             14336               0.00765716          -0.129295           0.0185668           0.109905            -0.0253786          -0.208712           
0.198228            14592               0.00819593          -0.12542            0.0158079           0.106937            -0.0203776          -0.202342           
0.201706            14848               0.00897662          -0.123668           0.0167932           0.105288            -0.0213343          -0.19938            
0.205183            15104               0.00771884          -0.124401           0.0172921           0.105808            -0.023188           -0.200764           
0.208661            15360               0.00757365          -0.121581           0.0163229           0.103507            -0.0216958          -0.196207           
0.212139            15616               0.00727466          -0.123399           0.0174196           0.104923            -0.023752           -0.199206           
0.215617            15872               0.00850665          -0.119974           0.0148804           0.102345            -0.0185563          -0.193455           
0.219094            16128               0.00840297          -0.120689           0.0157006           0.102842            -0.0199899          -0.194633           
0.222572            16384               0.00776796          -0.122591           0.0167722           0.10432             -0.0222793          -0.197819           
0.22605             16640               0.00821842          -0.121805           0.0154676           0.103841            -0.0197684          -0.196471           
0.229527            16896               0.00765732          -0.125416           0.0175408           0.106673            -0.0236631          -0.20242            
0.233005            17152               0.00785262          -0.124948           0.0161331           0.106474            -0.0211925          -0.20163            
0.236483            17408               0.00806479          -0.127909           0.0172933           0.108874            -0.0229438          -0.206408           
0.23996             17664               0.00995163          -0.126769           0.0171583           0.107926            -0.0211637          -0.204272           
0.243438            17920               0.00881589          -0.126546           0.0172997           0.107707            -0.0223316          -0.20408            
0.246916            18176               0.00874081          -0.126638           0.0176693           0.107729            -0.0229961          -0.204241           
0.250393            18432               0.00833698          -0.12377            0.0158888           0.105497            -0.0203892          -0.199642           
0.253871            18688               0.00796739          -0.125318           0.0170808           0.106647            -0.0226456          -0.202215           
0.257349            18944               0.00879025          -0.128468           0.0175851           0.109322            -0.0228292          -0.207207           
0.260826            19200               0.009968            -0.125111           0.0157636           0.106712            -0.0188526          -0.201571           
0.264304            19456               0.00847507          -0.130754           0.0189187           0.111106            -0.0252949          -0.210966           
0.267782            19712               0.0095607           -0.131662           0.016621            0.112289            -0.02066            -0.212263           
0.27126             19968               0.00991988          -0.13559            0.0184713           0.11541             -0.0234192          -0.218593           
0.274737            20224               0.0107634           -0.130503           0.0155916           0.111469            -0.0179875          -0.210191           
0.278215            20480               0.00923278          -0.135931           0.0197966           0.115498            -0.0261581          -0.219249           
0.281693            20736               0.0085169           -0.135893           0.0175524           0.115788            -0.0230794          -0.219291           
0.28517             20992               0.0107823           -0.132129           0.0176055           0.112553            -0.0212641          -0.212838           
0.288648            21248               0.00905881          -0.12963            0.0164153           0.110562            -0.0207271          -0.20903            
0.292126            21504               0.0090259           -0.132112           0.0179863           0.112469            -0.0233344          -0.213071           
0.295603            21760               0.00954582          -0.130322           0.0166526           0.111094            -0.020701           -0.21009            
0.299081            22016               0.00913471          -0.127524           0.0153479           0.108885            -0.0188879          -0.205598           
0.302559            22272               0.00947355          -0.132595           0.0188439           0.112792            -0.0243839          -0.213782           
0.306036            22528               0.00971284          -0.136451           0.0179248           0.116257            -0.0227096          -0.220009           
0.309514            22784               0.010159            -0.135471           0.0165494           0.11563             -0.0200909          -0.218344           
0.312992            23040               0.00911586          -0.141439           0.0189686           0.12046             -0.0249657          -0.228189           
0.316469            23296               0.0103999           -0.143726           0.0191546           0.122452            -0.0242363          -0.231706           
0.319947            23552               0.0104575           -0.147264           0.0190574           0.125524            -0.024061           -0.237443           
0.323425            23808               0.0117717           -0.147039           0.018262            0.125506            -0.0216907          -0.236867           
0.326903            24064               0.0106038           -0.151088           0.0199287           0.128748            -0.0254117          -0.243623           
0.33038             24320               0.0102203           -0.152478           0.0207035           0.129809            -0.0270041          -0.245943           
0.333858            24576               0.0108702           -0.148696           0.0193999           0.126743            -0.0243034          -0.2397             
0.337336            24832               0.0114376           -0.147084           0.0195806           0.125333            -0.0241234          -0.236997           
0.340813            25088               0.0106921           -0.147153           0.0197347           0.125347            -0.0249809          -0.237223           
0.344291            25344               0.00997627          -0.146131           0.0188729           0.124582            -0.0241549          -0.235669           
0.347769            25600               0.010224            -0.147443           0.0195702           0.125604            -0.0250992          -0.237768           
0.351246            25856               0.00996403          -0.143432           0.019064            0.122171            -0.0244353          -0.231299           
0.354724            26112               0.00978295          -0.136847           0.0171869           0.116748            -0.0214614          -0.22063            
0.358202            26368               0.00927627          -0.135489           0.0182311           0.115383            -0.0235605          -0.21851            
0.361679            26624               0.00961759          -0.130348           0.0173692           0.111056            -0.0218279          -0.210109           
0.365157            26880               0.00903682          -0.127639           0.0175703           0.108655            -0.0226075          -0.205801           
0.368635            27136               0.00787925          -0.127667           0.0180892           0.108568            -0.0243999          -0.206027           
0.372112            27392               0.00812796          -0.125841           0.0173614           0.107084            -0.0229854          -0.203028           
0.37559             27648               0.00900507          -0.121342           0.0158091           0.103421            -0.0196837          -0.195589           
0.379068            27904               0.00777606          -0.117219           0.0161496           0.0997498           -0.021207           -0.189086           
0.382546            28160               0.00755149          -0.112408           0.0153476           0.0956961           -0.0200421          -0.181305           
0.386023            28416               0.00671324          -0.113641           0.0162784           0.0966061           -0.0222575          -0.183439           
0.389501            28672               0.00750419          -0.114369           0.0150072           0.0974526           -0.0195344          -0.184497           
0.392979            28928               0.00877025          -0.113875           0.0146345           0.0970887           -0.017877           -0.183505           
0.396456            29184               0.0082462           -0.121392           0.0173356           0.103253            -0.0228159          -0.19578            
0.399934            29440               0.0083355           -0.12917            0.0179709           0.109907            -0.0238451          -0.208399           
0.403412            29696               0.00812763          -0.133352           0.0174194           0.113627            -0.0231614          -0.215213           
0.406889            29952               0.00963826          -0.14008            0.0185542           0.119345            -0.0238371          -0.225906           
0.410367            30208               0.0112858           -0.143482           0.0193367           0.12222             -0.0238113          -0.231177           
0.413845            30464               0.0110813           -0.146854           0.0189982           0.125205            -0.0234621          -0.236676           
0.417322            30720               0.0103811           -0.146807           0.0200607           0.125002            -0.0257785          -0.236704           
0.4208              30976               0.00942361          -0.144392           0.0182583           0.123159            -0.0235902          -0.232926           
0.424278            31232               0.0101023           -0.14568            0.0199534           0.124024            -0.0258127          -0.234922           
0.427755            31488               0.0097813           -0.144584           0.0190549           0.12319             -0.0245903          -0.233191           
0.431233            31744               0.0106009           -0.140764           0.0188613           0.11993             -0.0235775          -0.226862           
0.434711            32000               0.00854915          -0.141677           0.0193152           0.120605            -0.0260052          -0.228659           
0.438188            32256               0.00892949          -0.141298           0.0193943           0.120255            -0.0258113          -0.22799            
0.441666            32512               0.0107504           -0.134767           0.0166526           0.11506             -0.0197828          -0.217098           
0.445144            32768               0.0105038           -0.137017           0.0189807           0.11666             -0.0238168          -0.220793           
0.448622            33024               0.00850913          -0.13723            0.0185851           0.116842            -0.0247979          -0.221447           
0.452099            33280               0.00814532          -0.136761           0.0185449           0.116415            -0.0250154          -0.220745           
0.455577            33536               0.0082834           -0.138293           0.0192992           0.117644            -0.0261523          -0.223213           
0.459055            33792               0.0107411           -0.134289           0.016376            0.114685            -0.0193274          -0.216325           
0.462532            34048               0.00998073          -0.137842           0.0184864           0.11742             -0.0234352          -0.222216           
0.46601             34304               0.00868574          -0.142617           0.0204868           0.121231            -0.0278095          -0.230173           
0.469488            34560               0.0103813           -0.139143           0.0180353           0.118615            -0.0223769          -0.224273           
0.472965            34816               0.00998586          -0.134141           0.0161412           0.114552            -0.0195559          -0.216203           
0.476443            35072               0.0102199           -0.134506           0.0178813           0.114656            -0.0222278          -0.216755           
0.479921            35328               0.00839949          -0.139579           0.0185378           0.118907            -0.0248316          -0.225274           
0.483398            35584               0.00918449          -0.143152           0.0186665           0.121973            -0.0244184          -0.230963           
0.486876            35840               0.00970424          -0.142437           0.0192681           0.121269            -0.0249772          -0.229725           
0.490354            36096               0.00991492          -0.143667           0.0198153           0.122291            -0.025719           -0.231684           
0.493831            36352               0.0111491           -0.142021           0.0187191           0.121046            -0.0228898          -0.228824           
0.497309            36608               0.0106521           -0.141793           0.0180746           0.120951            -0.0222599          -0.228523           
0.500787            36864               0.0101284           -0.145425           0.0193837           0.123885            -0.0248509          -0.234505           
0.504265            37120               0.0105116           -0.146806           0.0189957           0.125141            -0.023909           -0.23669            
0.507742            37376               0.0108215           -0.144283           0.0185119           0.12304             -0.0228517          -0.23254            
0.51122             37632               0.00965579          -0.144833           0.0193924           0.123381            -0.0252492          -0.233611           
0.514698            37888               0.00959659          -0.145886           0.0202735           0.124127            -0.0267403          -0.23534            
0.518175            38144               0.00966224          -0.143221           0.0186332           0.122069            -0.0239903          -0.230995           
0.521653            38400               0.00900193          -0.145537           0.0203671           0.123809            -0.0273829          -0.234862           
0.525131            38656               0.00956798          -0.143484           0.0189784           0.122231            -0.024625           -0.231444           
0.528608            38912               0.00970986          -0.139139           0.0185924           0.118516            -0.0238357          -0.224365           
0.532086            39168               0.00977799          -0.136888           0.0188795           0.116542            -0.0242399          -0.220696           
0.535564            39424               0.0105139           -0.134432           0.0183167           0.114493            -0.0226852          -0.216602           
0.539041            39680               0.00891097          -0.134032           0.0176642           0.114195            -0.0229268          -0.216196           
0.542519            39936               0.00795763          -0.134245           0.0174199           0.114407            -0.0233122          -0.216683           
0.545997            40192               0.00930422          -0.133115           0.0174277           0.113457            -0.0222076          -0.214644           
0.549474            40448               0.0104204           -0.135017           0.0174039           0.115143            -0.0212736          -0.217559           
0.552952            40704               0.0112961           -0.137256           0.0186549           0.11693             -0.0226303          -0.221058           
0.55643             40960               0.010477            -0.139488           0.0180086           0.11895             -0.0222654          -0.224805           
0.559907            41216               0.0100102           -0.142113           0.0185934           0.121127            -0.023626           -0.229137           
0.563385            41472               0.0104168           -0.143431           0.0194457           0.122148            -0.0246961          -0.23122            
0.566863            41728               0.0105782           -0.142061           0.0186069           0.121088            -0.0231852          -0.228965           
0.570341            41984               0.0108225           -0.141007           0.018111            0.120247            -0.0221562          -0.227218           
0.573818            42240               0.011095            -0.13694            0.0173384           0.116856            -0.0206381          -0.220567           
0.577296            42496               0.0102787           -0.134792           0.0170065           0.11503             -0.020738           -0.217202           
0.580774            42752               0.00726111          -0.144417           0.0212164           0.122685            -0.0301882          -0.233298           
0.584251            43008               0.00781442          -0.148146           0.019847            0.126121            -0.027512           -0.239271           
0.587729            43264               0.0122253           -0.141573           0.0168038           0.120996            -0.0188738          -0.22791            
0.591207            43520               0.0128568           -0.143875           0.0194452           0.122653            -0.0227256          -0.231546           
0.594684            43776               0.0100709           -0.148765           0.0201253           0.126698            -0.0261472          -0.239917           
0.598162            44032               0.00889212          -0.15404            0.0204452           0.131194            -0.0276832          -0.248665           
0.60164             44288               0.00975005          -0.153865           0.0212133           0.130961            -0.0282382          -0.248248           
0.605117            44544               0.0112284           -0.151356           0.0207175           0.128917            -0.0262061          -0.243941           
0.608595            44800               0.0103282           -0.150104           0.0200648           0.127891            -0.0258641          -0.242049           
0.612073            45056               0.00862505          -0.150561           0.020211            0.128206            -0.0274972          -0.243054           
0.61555             45312               0.00866838          -0.150105           0.0209768           0.12769             -0.0287101          -0.242313           
0.619028            45568               0.0102609           -0.143885           0.0189426           0.122622            -0.0240193          -0.231967           
0.622506            45824               0.00849921          -0.142268           0.0196582           0.121083            -0.0266231          -0.22961            
0.625984            46080               0.00937516          -0.135852           0.0180273           0.115753            -0.0231613          -0.219061           
0.629461            46336               0.00841322          -0.130544           0.0177245           0.111163            -0.0234157          -0.21059            
0.632939            46592               0.00593089          -0.129361           0.0173726           0.110142            -0.0248601          -0.209048           
0.636417            46848               0.00730377          -0.127008           0.0174669           0.108114            -0.0238625          -0.205021           
0.639894            47104               0.00803221          -0.128055           0.0163343           0.109192            -0.0214236          -0.20661            
0.643372            47360               0.00797648          -0.128514           0.0174214           0.109427            -0.0232549          -0.207364           
0.64685             47616               0.0084238           -0.129374           0.0170189           0.110268            -0.0222378          -0.208688           
0.650327            47872               0.00942295          -0.13243            0.017884            0.112819            -0.0228698          -0.213499           
0.653805            48128               0.00840015          -0.139945           0.0182626           0.119254            -0.0243896          -0.225859           
0.657283            48384               0.01067             -0.139761           0.0165193           0.119425            -0.0196726          -0.225205           
0.66076             48640               0.00881093          -0.14602            0.0198533           0.124325            -0.0267136          -0.235655           
0.664238            48896               0.00998784          -0.150073           0.0196721           0.127912            -0.0254791          -0.242055           
0.667716            49152               0.0118123           -0.154611           0.0203497           0.131788            -0.0251397          -0.249141           
0.671193            49408               0.0114161           -0.157948           0.0209098           0.134611            -0.0264244          -0.25461            
0.674671            49664               0.0109739           -0.15987            0.0224458           0.136036            -0.0293206          -0.257803           
0.678149            49920               0.0101183           -0.155649           0.0201136           0.132691            -0.026167           -0.251077           
0.681626            50176               0.0112266           -0.151516           0.0199884           0.12917             -0.0250323          -0.244193           
0.685104            50432               0.00980875          -0.148176           0.0195201           0.126303            -0.0254055          -0.238987           
0.688582            50688               0.00770462          -0.145203           0.019473            0.123692            -0.0270282          -0.234474           
0.69206             50944               0.00722472          -0.144247           0.020566            0.12269             -0.0292044          -0.232995           
0.695537            51200               0.00903285          -0.134871           0.0156833           0.115329            -0.0196452          -0.217483           
0.699015            51456               0.00796392          -0.133933           0.0177042           0.114173            -0.0238241          -0.216133           
0.702493            51712               0.00607344          -0.132724           0.0174866           0.11309             -0.0249848          -0.21447            
0.70597             51968               0.00755678          -0.124335           0.0153953           0.106146            -0.0202604          -0.200627           
0.709448            52224               0.0075166           -0.12444            0.0156191           0.106211            -0.0206537          -0.200805           
0.712926            52480               0.00730162          -0.127136           0.016143            0.108443            -0.0216828          -0.205228           
0.716403            52736               0.0084539           -0.123159           0.0135796           0.10537             -0.0164989          -0.1986             
0.719881            52992               0.00850285          -0.122509           0.0151675           0.104601            -0.019057           -0.197539           
0.723359            53248               0.00728624          -0.128848           0.0171145           0.109792            -0.0232986          -0.208026           
0.726836            53504               0.00845985          -0.133262           0.0167975           0.113666            -0.0218512          -0.215021           
0.730314            53760               0.00952829          -0.133353           0.0162698           0.113834            -0.0201178          -0.215006           
0.733792            54016               0.00847804          -0.139119           0.0196785           0.118347            -0.0266303          -0.224523           
0.73727             54272               0.00970242          -0.139945           0.0183491           0.119292            -0.0234522          -0.225678           
0.740747            54528               0.0104176           -0.139015           0.0180249           0.11852             -0.0223157          -0.224065           
0.744225            54784               0.0102375           -0.138909           0.0182789           0.118383            -0.0228621          -0.223922           
0.747703            55040               0.0108823           -0.141384           0.0200529           0.120262            -0.0252389          -0.227854           
0.75118             55296               0.0108747           -0.142387           0.0199601           0.121152            -0.0250885          -0.229484           
0.754658            55552               0.0122721           -0.141758           0.019995            0.120624            -0.0239639          -0.228255           
0.758136            55808               0.0131733           -0.142446           0.0200658           0.121205            -0.0233204          -0.22924            
0.761613            56064               0.012518            -0.14135            0.020275            0.120201            -0.0241726          -0.227557           
0.765091            56320               0.0120553           -0.144327           0.0219846           0.122515            -0.0273582          -0.232464           
0.768569            56576               0.0124042           -0.144578           0.0220684           0.122735            -0.027216           -0.232809           
0.772046            56832               0.011896            -0.146682           0.0218786           0.124593            -0.0273594          -0.236286           
0.775524            57088               0.0124859           -0.145953           0.0220659           0.123969            -0.0271996          -0.234998           
0.779002            57344               0.0124533           -0.14313            0.0209623           0.121695            -0.0254215          -0.230401           
0.782479            57600               0.011086            -0.142603           0.0218625           0.121102            -0.0280416          -0.229736           
0.785957            57856               0.00941931          -0.139579           0.0210607           0.118566            -0.0280766          -0.225068           
0.789435            58112               0.00907717          -0.140104           0.0214686           0.11896             -0.0290425          -0.225967           
0.792912            58368               0.0105894           -0.133963           0.018768            0.114081            -0.0233406          -0.215754           
0.79639             58624               0.00880745          -0.137611           0.0214463           0.116819            -0.0292091          -0.221954           
0.799868            58880               0.00969366          -0.133238           0.0186604           0.113463            -0.0238679          -0.214718           
0.803346            59136               0.00921806          -0.136417           0.0200136           0.115994            -0.0264751          -0.219966           
0.806823            59392               0.0102083           -0.138918           0.0192003           0.11832             -0.0243489          -0.223877           
0.810301            59648               0.0130544           -0.136785           0.0184586           0.116668            -0.0208061          -0.219978           
0.813779            59904               0.0111775           -0.143076           0.0216408           0.121598            -0.027605           -0.23049            
0.817256            60160               0.0108317           -0.142139           0.0196807           0.121072            -0.0246721          -0.229016           
0.820734            60416               0.0105274           -0.143454           0.0213714           0.121953            -0.0277117          -0.231196           
0.824212            60672               0.00924799          -0.144185           0.0214392           0.122556            -0.0288763          -0.232575           
0.827689            60928               0.0109008           -0.13974            0.0195695           0.119017            -0.0244257          -0.225099           
0.831167            61184               0.00940625          -0.139205           0.0200848           0.118429            -0.0264925          -0.224456           
0.834645            61440               0.00868376          -0.138892           0.0201735           0.118135            -0.0272306          -0.224056           
0.838122            61696               0.00889642          -0.139299           0.0212411           0.118316            -0.0288091          -0.22469            
0.8416              61952               0.00666711          -0.1402             0.0214939           0.118977            -0.0310503          -0.226497           
0.845078            62208               0.00700627          -0.141515           0.0223884           0.120043            -0.0322502          -0.228575           
0.848555            62464               0.00783063          -0.141407           0.0204744           0.120233            -0.0284332          -0.228274           
0.852033            62720               0.00879588          -0.145025           0.02231             0.12312             -0.0306749          -0.234005           
0.855511            62976               0.00910958          -0.145313           0.0220846           0.123406            -0.0300481          -0.234423           
0.858989            63232               0.00868723          -0.149949           0.0236584           0.127181            -0.0330146          -0.242015           
0.862466            63488               0.00828208          -0.153036           0.024598            0.129709            -0.0349125          -0.247088           
0.865944            63744               0.00907469          -0.153991           0.0242385           0.130634            -0.033706           -0.248507           
0.869422            64000               0.00971069          -0.152921           0.0226259           0.129938            -0.0305433          -0.24667            
0.872899            64256               0.00889212          -0.147775           0.022038            0.125551            -0.0302257          -0.238433           
0.876377            64512               0.00675045          -0.143251           0.021254            0.12168             -0.0306581          -0.231415           
0.879855            64768               0.00621979          -0.142108           0.0226854           0.120472            -0.0334351          -0.229644           
0.883332            65024               0.00654721          -0.141091           0.0217972           0.119712            -0.0316912          -0.227949           
0.88681             65280               0.00756025          -0.138274           0.0206583           0.11746             -0.0289782          -0.223218           
0.890288            65536               0.00735255          -0.133739           0.0198254           0.113633            -0.0277431          -0.215885           
0.893765            65792               0.005472            -0.136229           0.0221256           0.11542             -0.033067           -0.220215           
0.897243            66048               0.0060268           -0.137279           0.0218835           0.116376            -0.0322055          -0.221836           
0.900721            66304               0.00733354          -0.136524           0.0213517           0.115832            -0.0302527          -0.220406           
0.904198            66560               0.00778482          -0.139137           0.0216757           0.118082            -0.0304342          -0.224571           
0.907676            66816               0.00811225          -0.145732           0.0243116           0.123419            -0.0345333          -0.235234           
0.911154            67072               0.00829548          -0.147966           0.0227362           0.125605            -0.0318195          -0.238824           
0.914631            67328               0.00949951          -0.148786           0.0235119           0.126224            -0.0321092          -0.23997            
0.918109            67584               0.00867284          -0.151126           0.0244175           0.128132            -0.0342934          -0.243889           
0.921587            67840               0.00832144          -0.155734           0.0253513           0.13198             -0.0361421          -0.251428           
0.925065            68096               0.00918879          -0.153543           0.023626            0.130313            -0.0325793          -0.247743           
0.928542            68352               0.0088273           -0.152891           0.0236915           0.129757            -0.0329873          -0.246735           
0.93202             68608               0.00888964          -0.151006           0.0241469           0.128066            -0.0336686          -0.243664           
0.935498            68864               0.00812101          -0.151347           0.0239801           0.128339            -0.0340192          -0.244346           
0.938975            69120               0.00715329          -0.152048           0.0242544           0.128899            -0.0352749          -0.245629           
0.942453            69376               0.00769569          -0.151469           0.0241444           0.128414            -0.0346471          -0.244614           
0.945931            69632               0.00860124          -0.149471           0.0233035           0.126818            -0.0325169          -0.241232           
0.949408            69888               0.00874842          -0.14776            0.0230717           0.12538             -0.0320113          -0.238432           
0.952886            70144               0.00746649          -0.145001           0.0229672           0.122962            -0.0328659          -0.234149           
0.956364            70400               0.00676021          -0.143701           0.0231296           0.121811            -0.0337004          -0.232147           
0.959841            70656               0.00736347          -0.14128            0.0207122           0.12008             -0.0292205          -0.228121           
0.963319            70912               0.00765187          -0.14364            0.0225265           0.121849            -0.0319782          -0.23192            
0.966797            71168               0.00770429          -0.138848           0.0207165           0.117965            -0.0289275          -0.22413            
0.970275            71424               0.00588624          -0.13656            0.0216089           0.115806            -0.0318582          -0.220699           
0.973752            71680               0.00701735          -0.132083           0.0187688           0.112374            -0.0262376          -0.213257           
0.97723             71936               0.00687431          -0.13818            0.0218318           0.117193            -0.0314224          -0.223194           
0.980708            72192               0.00706845          -0.139082           0.0197951           0.11826             -0.0279351          -0.224632           
0.984185            72448               0.00879819          -0.13715            0.0191877           0.116743            -0.0255198          -0.221227           
0.987663            72704               0.00905501          -0.137491           0.0198932           0.116956            -0.0264776          -0.221741           
0.991141            72960               0.00798905          -0.140973           0.0199104           0.119961            -0.0274114          -0.227561           
0.994618            73216               0.0081908           -0.143765           0.0205617           0.122264            -0.0283374          -0.232071           
0.998096            73472               0.00768461          -0.145196           0.0201893           0.123559            -0.028154           -0.234468           
1.00157             73728               0.00850318          -0.146594           0.0209175           0.124696            -0.0286903          -0.236612           
1.00505             73984               0.00787263          -0.14935            0.0210357           0.127065            -0.0294348          -0.241179           
1.00853             74240               0.00832442          -0.151199           0.0215354           0.128605            -0.0299             -0.244114           
1.01201             74496               0.00859413          -0.151815           0.0209662           0.129218            -0.028752           -0.245071           
1.01548             74752               0.00793911          -0.151193           0.0223378           0.128452            -0.0315302          -0.244164           
1.01896             75008               0.0079917           -0.149166           0.0220501           0.126742            -0.0310026          -0.240862           
1.02244             75264               0.00778863          -0.149536           0.0220626           0.127028            -0.031187           -0.2415             
1.02592             75520               0.00805404          -0.145489           0.0207855           0.123695            -0.028843           -0.234888           
1.0294              75776               0.00744962          -0.139221           0.0195613           0.118438            -0.0272822          -0.224798           
1.03287             76032               0.00642435          -0.140287           0.022143            0.11895             -0.0323486          -0.226694           
1.03635             76288               0.006681            -0.136122           0.0201571           0.115632            -0.0288481          -0.21989            
1.03983             76544               0.00673226          -0.134624           0.0196033           0.114401            -0.0278884          -0.217452           
1.04331             76800               0.00493836          -0.139458           0.021649            0.11823             -0.0327467          -0.225581           
1.04678             77056               0.00581927          -0.140826           0.0213577           0.119493            -0.0315638          -0.227667           
1.05026             77312               0.00879538          -0.137696           0.0193607           0.117148            -0.025837           -0.222124           
1.05374             77568               0.00871352          -0.136305           0.019508            0.115926            -0.0261453          -0.21987            
1.05722             77824               0.00586293          -0.139299           0.0201503           0.118346            -0.0295514          -0.225171           
1.06069             78080               0.0054118           -0.146489           0.0227712           0.124198            -0.0342745          -0.236917           
1.06417             78336               0.00700859          -0.152187           0.0224153           0.129225            -0.0324396          -0.245926           
1.06765             78592               0.0103085           -0.14955            0.0205242           0.127312            -0.0266309          -0.241134           
1.07113             78848               0.00929446          -0.152642           0.0215592           0.129817            -0.0291912          -0.24631            
1.07461             79104               0.00864242          -0.154386           0.022539            0.13118             -0.0313488          -0.249242           
1.07808             79360               0.0100763           -0.151201           0.019959            0.128851            -0.0259387          -0.243846           
1.08156             79616               0.00932786          -0.149826           0.0194902           0.127702            -0.0257823          -0.241729           
1.08504             79872               0.00699949          -0.152094           0.0214557           0.129321            -0.0309299          -0.245775           
1.08852             80128               0.00784932          -0.148278           0.0199577           0.126249            -0.0277529          -0.239449           
1.09199             80384               0.00827448          -0.147914           0.0198432           0.125951            -0.0272141          -0.238796           
1.09547             80640               0.00846184          -0.14494            0.0196074           0.123421            -0.0266574          -0.233935           
1.09895             80896               0.00744532          -0.143729           0.019085            0.12243             -0.0266292          -0.232121           
1.10243             81152               0.00844662          -0.139074           0.0185849           0.118454            -0.0249305          -0.224412           
1.1059              81408               0.00781376          -0.137469           0.019109            0.116989            -0.0263027          -0.221896           
1.10938             81664               0.00704299          -0.137565           0.0195062           0.116989            -0.027578           -0.22217            
1.11286             81920               0.00609361          -0.13823            0.0200556           0.117453            -0.0292551          -0.223396           
1.11634             82176               0.00720885          -0.138059           0.0184596           0.117595            -0.0257363          -0.222938           
1.11981             82432               0.00885872          -0.139832           0.0198219           0.118968            -0.0266331          -0.225568           
1.12329             82688               0.00835021          -0.141223           0.0201731           0.1201              -0.027639           -0.227905           
1.12677             82944               0.007084            -0.141939           0.0190842           0.12087             -0.0269048          -0.229252           
1.13025             83200               0.00706035          -0.142589           0.0197769           0.121318            -0.0280432          -0.230317           
1.13373             83456               0.00804478          -0.140491           0.0190452           0.119636            -0.0260141          -0.226755           
1.1372              83712               0.00828969          -0.144795           0.0214737           0.123026            -0.0298256          -0.233706           
1.14068             83968               0.00879224          -0.143622           0.0207534           0.122122            -0.028222           -0.231718           
1.14416             84224               0.00739853          -0.146858           0.021291            0.124811            -0.0302557          -0.237185           
1.14764             84480               0.00809737          -0.143999           0.0204753           0.122469            -0.0283087          -0.232431           
1.15111             84736               0.0080289           -0.14738            0.0226012           0.125093            -0.0318729          -0.237932           
1.15459             84992               0.00786966          -0.149175           0.0213368           0.126835            -0.0299449          -0.240865           
1.15807             85248               0.00910941          -0.152002           0.0218083           0.129234            -0.0297163          -0.245267           
1.16155             85504               0.00918317          -0.151042           0.0216547           0.128437            -0.0293992          -0.24369            
1.16502             85760               0.00934903          -0.152147           0.0215645           0.129411            -0.0291167          -0.245462           
1.1685              86016               0.0085422           -0.153776           0.0225407           0.130643            -0.0313861          -0.248234           
1.17198             86272               0.00913438          -0.153118           0.0223649           0.130129            -0.0306101          -0.247074           
1.17546             86528               0.00914348          -0.15577            0.0230135           0.13234             -0.0316875          -0.251381           
1.17894             86784               0.00933084          -0.158038           0.0233191           0.134267            -0.0320613          -0.255037           
1.18241             87040               0.00955888          -0.156311           0.0209032           0.133129            -0.0279102          -0.252196           
1.18589             87296               0.00871055          -0.155976           0.0227954           0.132531            -0.0317027          -0.251788           
1.18937             87552               0.00867235          -0.154735           0.0214215           0.131673            -0.0294852          -0.249775           
1.19285             87808               0.00908064          -0.150822           0.0211589           0.12833             -0.028694           -0.243358           
1.19632             88064               0.00957393          -0.144449           0.0181026           0.123264            -0.023235           -0.232929           
1.1998              88320               0.00857991          -0.141535           0.018979            0.120565            -0.0254667          -0.228355           
1.20328             88576               0.0059347           -0.142504           0.0206125           0.121106            -0.0303164          -0.230335           
1.20676             88832               0.00488544          -0.144699           0.0206436           0.122986            -0.031248           -0.23406            
1.21023             89088               0.00691979          -0.147673           0.0211422           0.12554             -0.0304332          -0.238578           
1.21371             89344               0.00895595          -0.145878           0.0194829           0.124286            -0.02605            -0.235348           
1.21719             89600               0.00878662          -0.144657           0.0202452           0.123133            -0.0274414          -0.233386           
1.22067             89856               0.00611941          -0.14467            0.0206544           0.123005            -0.0302906          -0.233818           
1.22415             90112               0.00622078          -0.14231            0.0197518           0.121093            -0.0287007          -0.229972           
1.22762             90368               0.00753843          -0.140042           0.0200048           0.119111            -0.0280051          -0.226095           
1.2311              90624               0.00724043          -0.1403             0.0196421           0.119386            -0.0276589          -0.226557           
1.23458             90880               0.00607642          -0.141941           0.0208579           0.120586            -0.0305939          -0.229409           
1.23806             91136               0.00666727          -0.143594           0.0199296           0.122156            -0.0285809          -0.232008           
1.24153             91392               0.00940856          -0.137056           0.0185676           0.116746            -0.0240385          -0.220976           
1.24501             91648               0.0095273           -0.137967           0.0196122           0.117388            -0.0256566          -0.222439           
1.24849             91904               0.00883722          -0.141162           0.0208526           0.119966            -0.028276           -0.227733           
1.25197             92160               0.00873601          -0.141267           0.0189957           0.120309            -0.0252912          -0.227921           
1.25544             92416               0.00934523          -0.143197           0.0207766           0.121739            -0.0277226          -0.230963           
1.25892             92672               0.0115988           -0.140308           0.0200514           0.119398            -0.0246592          -0.225926           
1.2624              92928               0.00985456          -0.143424           0.0222678           0.121721            -0.0297378          -0.231256           
1.26588             93184               0.010204            -0.140523           0.0207468           0.119424            -0.0269134          -0.226495           
1.26936             93440               0.00911024          -0.144366           0.0220702           0.122538            -0.030005           -0.232902           
1.27283             93696               0.00890932          -0.148557           0.0236187           0.125946            -0.0327357          -0.239743           
1.27631             93952               0.0103761           -0.149241           0.0212108           0.126962            -0.0276114          -0.240619           
1.27979             94208               0.0112703           -0.150999           0.0232729           0.12819             -0.0302718          -0.243347           
1.28327             94464               0.0108059           -0.151923           0.022544            0.129101            -0.0294808          -0.244917           
1.28674             94720               0.00951357          -0.149583           0.0211334           0.127243            -0.0282098          -0.241314           
1.29022             94976               0.00928966          -0.146953           0.0215325           0.124909            -0.0290271          -0.23708            
1.2937              95232               0.00900589          -0.147025           0.0211698           0.125039            -0.0286704          -0.237238           
1.29718             95488               0.00975021          -0.147524           0.0215351           0.125412            -0.0286642          -0.23794            
1.30065             95744               0.00987936          -0.14578            0.0205869           0.124028            -0.0269951          -0.23509            
1.30413             96000               0.00779623          -0.146973           0.0218015           0.124842            -0.0307024          -0.237345           
1.30761             96256               0.00822652          -0.144591           0.0203463           0.123019            -0.0279539          -0.233406           
1.31109             96512               0.00832342          -0.147221           0.0214331           0.125146            -0.0296846          -0.23766            
1.31457             96768               0.00936722          -0.151046           0.0214162           0.128487            -0.028833           -0.243713           
1.31804             97024               0.00914001          -0.149287           0.022413            0.126784            -0.0306429          -0.240896           
1.32152             97280               0.00813805          -0.149793           0.0212646           0.127407            -0.0295959          -0.241859           
1.325               97536               0.00854898          -0.147211           0.0202935           0.12532             -0.0276412          -0.237603           
1.32848             97792               0.00919855          -0.148033           0.0198176           0.126096            -0.0263404          -0.238839           
1.33195             98048               0.00947024          -0.14739            0.0204314           0.125455            -0.0271246          -0.237753           
1.33543             98304               0.00853261          -0.152175           0.0223333           0.129326            -0.0310613          -0.245665           
1.33891             98560               0.00908428          -0.149781           0.0210413           0.127435            -0.0284618          -0.241695           
1.34239             98816               0.00948033          -0.15032            0.0212207           0.127887            -0.0284388          -0.24251            
1.34586             99072               0.00825165          -0.15095            0.0217198           0.128335            -0.0302718          -0.243718           
1.34934             99328               0.0073972           -0.151441           0.0214676           0.128775            -0.0305504          -0.244648           
1.35282             99584               0.0085809           -0.150049           0.0209515           0.127679            -0.0287329          -0.242203           
1.3563              99840               0.00987424          -0.149853           0.0213838           0.127463            -0.0283838          -0.241692           
1.35978             100096              0.00909883          -0.151103           0.0220919           0.12844             -0.0301943          -0.243837           
1.36325             100352              0.00820585          -0.150913           0.0212445           0.128369            -0.0295266          -0.243665           
1.36673             100608              0.00920334          -0.149599           0.021843            0.127154            -0.0296774          -0.241383           
1.37021             100864              0.00898489          -0.148338           0.0207817           0.126243            -0.0281239          -0.239358           
1.37369             101120              0.00810663          -0.152073           0.0224453           0.129202            -0.0315859          -0.245562           
1.37716             101376              0.00785163          -0.150518           0.0225805           0.127814            -0.0320003          -0.243079           
1.38064             101632              0.0079148           -0.155556           0.0241696           0.131962            -0.0345969          -0.251252           
1.38412             101888              0.0086568           -0.154858           0.0232526           0.131515            -0.0324881          -0.25               
1.3876              102144              0.00929892          -0.153389           0.0218921           0.13047             -0.0297287          -0.247512           
1.39107             102400              0.00892834          -0.149009           0.0202514           0.126895            -0.0273166          -0.240454           
1.39455             102656              0.00781558          -0.145319           0.0208935           0.123581            -0.0292508          -0.234633           
1.39803             102912              0.00714551          -0.143585           0.0214116           0.121986            -0.0306277          -0.231922           
1.40151             103168              0.00844712          -0.136394           0.0193857           0.116051            -0.0261807          -0.22005            
1.40499             103424              0.00715196          -0.13688            0.0213276           0.116136            -0.0304273          -0.221044           
1.40846             103680              0.00561504          -0.132479           0.0190665           0.112629            -0.0279402          -0.214126           
1.41194             103936              0.00575825          -0.13123            0.0195507           0.111489            -0.0286009          -0.212078           
1.41542             104192              0.00687365          -0.130964           0.019364            0.111308            -0.0273753          -0.211474           
1.4189              104448              0.00695617          -0.132099           0.0195743           0.112264            -0.0276595          -0.213306           
1.42237             104704              0.00720802          -0.131945           0.0192881           0.112156            -0.0269699          -0.213019           
1.42585             104960              0.00764691          -0.132363           0.0203911           0.112382            -0.0284249          -0.213627           
1.42933             105216              0.00761135          -0.131734           0.0190217           0.112052            -0.0262074          -0.212603           
1.43281             105472              0.00632017          -0.134736           0.0204012           0.114406            -0.0295462          -0.217679           
1.43628             105728              0.00521535          -0.134886           0.0204109           0.114514            -0.0304618          -0.218089           
1.43976             105984              0.00570368          -0.137024           0.0201412           0.116434            -0.0296396          -0.22148            
1.44324             106240              0.00772992          -0.139395           0.020345            0.118514            -0.0283407          -0.225021           
1.44672             106496              0.00839867          -0.138832           0.0195401           0.118162            -0.0264814          -0.223999           
1.4502              106752              0.00633869          -0.139955           0.020717            0.118921            -0.0301019          -0.226137           
1.45367             107008              0.00696741          -0.138699           0.0201978           0.117901            -0.028712           -0.224007           
1.45715             107264              0.00757034          -0.13469            0.0190473           0.114611            -0.0263154          -0.217401           
1.46063             107520              0.00698941          -0.136189           0.0199846           0.115782            -0.0283357          -0.219921           
1.46411             107776              0.00638284          -0.137693           0.0202313           0.117011            -0.0292373          -0.222463           
1.46758             108032              0.0079105           -0.133965           0.0190174           0.113982            -0.025966           -0.216175           
1.47106             108288              0.00707589          -0.137332           0.0207946           0.116629            -0.0295903          -0.221772           
1.47454             108544              0.00633836          -0.14362            0.0222472           0.121857            -0.0326228          -0.232098           
1.47802             108800              0.00713146          -0.148511           0.0204981           0.126399            -0.0291524          -0.239911           
1.48149             109056              0.0088316           -0.154023           0.021758            0.131034            -0.029877           -0.248601           
1.48497             109312              0.00874875          -0.160326           0.0241527           0.136159            -0.0339294          -0.25885            
1.48845             109568              0.00917639          -0.160521           0.0223633           0.136611            -0.0306471          -0.259096           
1.49193             109824              0.0103736           -0.156676           0.0215286           0.133418            -0.0282711          -0.25267            
1.49541             110080              0.00939037          -0.155959           0.0236457           0.132457            -0.032536           -0.251663           
1.49888             110336              0.00746351          -0.156545           0.0234173           0.132929            -0.0337297          -0.252918           
1.50236             110592              0.00757183          -0.150091           0.0206826           0.127711            -0.0291058          -0.242424           
1.50584             110848              0.00713361          -0.142694           0.0200002           0.121372            -0.0282802          -0.230483           
1.50932             111104              0.00662147          -0.13748            0.0204807           0.116776            -0.0294388          -0.222098           
1.51279             111360              0.00632612          -0.135571           0.0204708           0.115099            -0.0296422          -0.219051           
1.51627             111616              0.00653299          -0.129916           0.0186193           0.110437            -0.0263896          -0.209842           
1.51975             111872              0.00681676          -0.12578            0.0186562           0.106862            -0.0261984          -0.203079           
1.52323             112128              0.0054629           -0.125929           0.0181646           0.107043            -0.0265037          -0.203526           
1.5267              112384              0.0054682           -0.124883           0.0172746           0.106274            -0.02504            -0.201824           
1.53018             112640              0.00634464          -0.128991           0.0173503           0.10987             -0.0244957          -0.208356           
1.53366             112896              0.00637507          -0.13563            0.0194425           0.115326            -0.0279614          -0.219133           
1.53714             113152              0.00596479          -0.14427            0.0207179           0.122615            -0.0304604          -0.233228           
1.54062             113408              0.00742548          -0.147827           0.0203154           0.125822            -0.0286434          -0.238773           
1.54409             113664              0.00950762          -0.151102           0.0206148           0.128692            -0.027477           -0.243764           
1.54757             113920              0.010919            -0.153238           0.0211581           0.130496            -0.0272346          -0.247015           
1.55105             114176              0.00985787          -0.150418           0.0203201           0.128125            -0.0266985          -0.242598           
1.55453             114432              0.00732527          -0.153342           0.0229892           0.130211            -0.0331628          -0.247736           
1.558               114688              0.0082209           -0.15025            0.0209991           0.127859            -0.0291422          -0.242572           
1.56148             114944              0.00813705          -0.15091            0.0216654           0.12832             -0.0302999          -0.243658           
1.56496             115200              0.00860141          -0.149249           0.0213717           0.12693             -0.0294136          -0.24089            
1.56844             115456              0.00838362          -0.14733            0.0220042           0.125157            -0.030604           -0.237809           
1.57191             115712              0.00680304          -0.149061           0.0220176           0.126606            -0.0319243          -0.240863           
1.57539             115968              0.00705572          -0.148792           0.0219201           0.126385            -0.0315414          -0.24039            
1.57887             116224              0.0078809           -0.143096           0.0210985           0.12159             -0.0294767          -0.23101            
1.58235             116480              0.00807173          -0.142284           0.0215743           0.120821            -0.0300846          -0.229667           
1.58582             116736              0.00871749          -0.141644           0.0212163           0.120318            -0.0289594          -0.228533           
1.5893              116992              0.00849656          -0.140955           0.0197409           0.119917            -0.026715           -0.227446           
1.59278             117248              0.00791794          -0.139532           0.0203281           0.118601            -0.0281408          -0.225222           
1.59626             117504              0.00727136          -0.145282           0.0224547           0.123274            -0.0321996          -0.23466            
1.59974             117760              0.00981834          -0.144941           0.0207671           0.123271            -0.027348           -0.233721           
1.60321             118016              0.00997048          -0.144738           0.0202224           0.123165            -0.0263338          -0.233365           
1.60669             118272              0.00867417          -0.140823           0.0202312           0.119757            -0.0273861          -0.227201           
1.61017             118528              0.00619465          -0.14315            0.0221007           0.121442            -0.0324806          -0.231364           
1.61365             118784              0.00723994          -0.140265           0.0205168           0.11917             -0.0290014          -0.226525           
1.61712             119040              0.0092298           -0.13447            0.0180493           0.114563            -0.0232867          -0.216805           
1.6206              119296              0.00741275          -0.135826           0.020723            0.115307            -0.0291734          -0.219285           
1.62408             119552              0.0064599           -0.135644           0.019888            0.115254            -0.0285767          -0.219136           
1.62756             119808              0.00732262          -0.135149           0.0201677           0.114788            -0.0283299          -0.218204           
1.63103             120064              0.00732692          -0.134354           0.0187888           0.114301            -0.0260632          -0.216908           
1.63451             120320              0.00743391          -0.133546           0.0193708           0.113519            -0.0269231          -0.21558            
1.63799             120576              0.00688175          -0.136649           0.0202022           0.116092            -0.0287679          -0.220699           
1.64147             120832              0.00706647          -0.139811           0.0208086           0.118747            -0.0296384          -0.225807           
1.64495             121088              0.00779061          -0.14149            0.0196924           0.120379            -0.0272357          -0.22842            
1.64842             121344              0.00687597          -0.150279           0.0221524           0.127653            -0.0321028          -0.242825           
1.6519              121600              0.00860819          -0.157002           0.0214504           0.133664            -0.0296046          -0.253467           
1.65538             121856              0.00896389          -0.166068           0.0239005           0.141146            -0.0333982          -0.268144           
1.65886             122112              0.0098997           -0.164917           0.0218099           0.140511            -0.02922            -0.266118           
1.66233             122368              0.00995229          -0.166028           0.0229361           0.141313            -0.0310318          -0.267915           
1.66581             122624              0.00959923          -0.166528           0.0234393           0.141658            -0.032152           -0.268785           
1.66929             122880              0.00986431          -0.16297            0.0220499           0.138788            -0.0296271          -0.262966           
1.67277             123136              0.0102509           -0.158829           0.0224211           0.135139            -0.0298855          -0.256185           
1.67624             123392              0.00770445          -0.156493           0.0212576           0.133209            -0.0300334          -0.252783           
1.67972             123648              0.00685066          -0.151546           0.0218543           0.128793            -0.0316612          -0.244889           
1.6832              123904              0.00750122          -0.150392           0.021571            0.127856            -0.0306558          -0.242918           
1.68668             124160              0.00896174          -0.14604            0.0197991           0.124356            -0.0265165          -0.235633           
1.69016             124416              0.00896687          -0.140174           0.0180267           0.119525            -0.0235695          -0.226102           
1.69363             124672              0.0073299           -0.137075           0.0189559           0.116682            -0.0264063          -0.221317           
1.69711             124928              0.00621648          -0.136771           0.0195803           0.116305            -0.0283353          -0.220995           
1.70059             125184              0.00692723          -0.139451           0.017815            0.118889            -0.024873           -0.225242           
1.70407             125440              0.00830986          -0.140639           0.0183078           0.119879            -0.0245703          -0.226954           
1.70754             125696              0.00785792          -0.14676            0.0206085           0.124865            -0.0287725          -0.236962           
1.71102             125952              0.00835054          -0.147838           0.0199049           0.125933            -0.0272337          -0.23863            
1.7145              126208              0.00834178          -0.150138           0.0202872           0.127858            -0.0278852          -0.242369           
1.71798             126464              0.00852567          -0.150449           0.0202039           0.128141            -0.0276024          -0.242843           
1.72145             126720              0.00820337          -0.149204           0.0202499           0.127077            -0.0279388          -0.240862           
1.72493             126976              0.00804478          -0.148906           0.0193008           0.126933            -0.0265016          -0.240405           
1.72841             127232              0.00882085          -0.146159           0.0197629           0.124503            -0.0266108          -0.235823           
1.73189             127488              0.00815574          -0.146666           0.0198037           0.124952            -0.0272361          -0.236737           
1.73537             127744              0.00816814          -0.148706           0.0203241           0.126655            -0.0280956          -0.240045           
1.73884             128000              0.0081053           -0.152658           0.0212561           0.129921            -0.0297018          -0.246477           
1.74232             128256              0.00950613          -0.148838           0.0191199           0.126981            -0.0250371          -0.240047           
1.7458              128512              0.00829961          -0.15278            0.0218235           0.129972            -0.0304874          -0.246635           
1.74928             128768              0.00839668          -0.152286           0.0203802           0.129769            -0.0280413          -0.245811           
1.75275             129024              0.00833136          -0.151329           0.0203091           0.128945            -0.0279665          -0.244267           
1.75623             129280              0.00794572          -0.155002           0.0222627           0.131846            -0.0315167          -0.250291           
1.75971             129536              0.00731171          -0.154806           0.0202221           0.13194             -0.0286843          -0.250072           
1.76319             129792              0.00906658          -0.149322           0.0191998           0.127371            -0.0255347          -0.240898           
1.76666             130048              0.00646883          -0.148048           0.020955            0.125952            -0.030528           -0.239231           
1.77014             130304              0.00553153          -0.145678           0.0193202           0.124126            -0.0285858          -0.235526           
1.77362             130560              0.00637242          -0.142886           0.0185821           0.121816            -0.0266561          -0.230872           
1.7771              130816              0.00700181          -0.141865           0.0185214           0.12096             -0.0260333          -0.229119           
1.78058             131072              0.00617216          -0.144794           0.0202442           0.123198            -0.029547           -0.234016           
1.78405             131328              0.00582688          -0.14254            0.018725            0.12147             -0.0273183          -0.230406           
1.78753             131584              0.00590195          -0.146788           0.0206727           0.124882            -0.0304809          -0.237297           
1.79101             131840              0.00801104          -0.143658           0.0177475           0.122652            -0.0239289          -0.231889           
1.79449             132096              0.00852699          -0.147935           0.0192674           0.12612             -0.0260294          -0.238763           
1.79796             132352              0.00762293          -0.149794           0.0198298           0.127638            -0.0277024          -0.241918           
1.80144             132608              0.00919292          -0.146121           0.0186906           0.124688            -0.0245278          -0.235706           
1.80492             132864              0.00867731          -0.147103           0.0195824           0.125392            -0.0264266          -0.237381           
1.8084              133120              0.00771322          -0.146782           0.0199557           0.124997            -0.0277962          -0.237016           
1.81187             133376              0.00768643          -0.144757           0.0191151           0.123375            -0.026435           -0.233727           
1.81535             133632              0.00825447          -0.144112           0.0195008           0.122778            -0.0265988          -0.232592           
1.81883             133888              0.00724837          -0.142408           0.0189428           0.12134             -0.0264839          -0.229982           
1.82231             134144              0.00776581          -0.141492           0.0192924           0.120515            -0.0266248          -0.228414           
1.82579             134400              0.00722009          -0.142635           0.0196832           0.121421            -0.0277167          -0.230358           
1.82926             134656              0.00784138          -0.141073           0.0190696           0.120178            -0.0261967          -0.227722           
1.83274             134912              0.00768874          -0.145416           0.0199919           0.123816            -0.0278711          -0.234797           
1.83622             135168              0.00895463          -0.140108           0.0181054           0.11951             -0.023695           -0.225984           
1.8397              135424              0.00722621          -0.14098            0.019897            0.119947            -0.0280517          -0.227672           
1.84317             135680              0.00682371          -0.141817           0.0204528           0.120572            -0.0292944          -0.229095           
1.84665             135936              0.00823429          -0.139789           0.0189028           0.119073            -0.0255858          -0.225585           
1.85013             136192              0.00724738          -0.140308           0.0197713           0.119381            -0.027826           -0.226579           
1.85361             136448              0.00661948          -0.145314           0.0216259           0.123432            -0.0314141          -0.23481            
1.85708             136704              0.00852087          -0.144534           0.0196954           0.123087            -0.0266896          -0.233248           
1.86056             136960              0.00937946          -0.144489           0.0194556           0.123101            -0.0256058          -0.23304            
1.86404             137216              0.00783625          -0.146266           0.0210552           0.124362            -0.0295059          -0.236166           
1.86752             137472              0.00696361          -0.147957           0.0211789           0.125802            -0.0304338          -0.239043           
1.871               137728              0.00802593          -0.147515           0.0211033           0.125438            -0.0294289          -0.238169           
1.87447             137984              0.00876098          -0.144287           0.0203102           0.122784            -0.0275077          -0.232808           
1.87795             138240              0.00874941          -0.146391           0.020803            0.124532            -0.0283447          -0.236227           
1.88143             138496              0.00787561          -0.145883           0.0204903           0.124098            -0.0285344          -0.235538           
1.88491             138752              0.00954912          -0.139161           0.0190157           0.118553            -0.0247081          -0.224358           
1.88838             139008              0.00792687          -0.143013           0.0204415           0.12165             -0.0284095          -0.230863           
1.89186             139264              0.00815227          -0.143105           0.0196668           0.121842            -0.0269525          -0.230975           
1.89534             139520              0.00764211          -0.145447           0.0213214           0.1236              -0.0300957          -0.234864           
1.89882             139776              0.00819956          -0.142801           0.0198875           0.121539            -0.0272648          -0.230477           
1.90229             140032              0.00822768          -0.145563           0.0212055           0.123757            -0.0294346          -0.234957           
1.90577             140288              0.00837287          -0.149601           0.0220532           0.127122            -0.0307405          -0.241495           
1.90925             140544              0.00839767          -0.153213           0.0223203           0.130222            -0.0311897          -0.247356           
1.91273             140800              0.00915869          -0.153571           0.0221198           0.130615            -0.0302581          -0.24781            
1.91621             141056              0.00938128          -0.154839           0.0220869           0.131724            -0.0300297          -0.249837           
1.91968             141312              0.00900474          -0.153324           0.0212631           0.130505            -0.0289684          -0.247438           
1.92316             141568              0.00825744          -0.151203           0.0221713           0.128495            -0.0310445          -0.244113           
1.92664             141824              0.00847771          -0.149234           0.0221458           0.126799            -0.0308059          -0.240884           
1.93012             142080              0.00877504          -0.146911           0.0209439           0.124964            -0.0285695          -0.237069           
1.93359             142336              0.00915224          -0.145725           0.019803            0.124119            -0.0263867          -0.235083           
1.93707             142592              0.00801121          -0.147581           0.0219184           0.125368            -0.0307892          -0.23828            
1.94055             142848              0.00827414          -0.144574           0.0206234           0.122947            -0.0284227          -0.233361           
1.94403             143104              0.00741787          -0.144402           0.0210678           0.1227              -0.0298429          -0.233217           
1.9475              143360              0.00814135          -0.144078           0.020545            0.122525            -0.0283934          -0.232581           
1.95098             143616              0.00837866          -0.143199           0.0202012           0.121822            -0.0276281          -0.231119           
1.95446             143872              0.00946578          -0.139794           0.019263            0.119016            -0.0251704          -0.225426           
1.95794             144128              0.00816417          -0.142893           0.0215921           0.121323            -0.0300711          -0.230664           
1.96142             144384              0.00706299          -0.143911           0.0210979           0.122245            -0.0301647          -0.232489           
1.96489             144640              0.00848482          -0.139395           0.0190438           0.11864             -0.0255831          -0.224944           
1.96837             144896              0.00899151          -0.138887           0.0205839           0.118018            -0.0277059          -0.224037           
1.97185             145152              0.0081817           -0.141608           0.0206441           0.120353            -0.0284792          -0.228583           
1.97533             145408              0.00831615          -0.142335           0.019848            0.121083            -0.0270675          -0.229748           
1.9788              145664              0.00999115          -0.137702           0.0177252           0.117404            -0.0221807          -0.221969           
1.98228             145920              0.00922335          -0.134093           0.0183263           0.114169            -0.0237601          -0.216229           
1.98576             146176              0.00763417          -0.134771           0.0192466           0.114587            -0.0265679          -0.217574           
1.98924             146432              0.00760308          -0.137197           0.0189618           0.11672             -0.0261342          -0.221524           
1.99271             146688              0.0103477           -0.134663           0.0172126           0.114841            -0.0210085          -0.216987           
1.99619             146944              0.0111191           -0.137594           0.0193967           0.11711             -0.0239944          -0.221627           
1.99967             147200              0.00940807          -0.140176           0.0192699           0.119345            -0.025208           -0.226075           
