#Time               nTime               force-x             force-y             force-z             moment-x            moment-y            moment-z            
0                   0                   7.75572e-05         -5.32482e-05        -2.4309e-05         7.06224e-05         0.000146014         -8.5639e-05         
0.00347769          256                 0.02925             0.0707257           -0.0093019          -0.0717088          0.0535178           0.201357            
0.00695537          512                 0.0144346           0.381802            0.0121497           -0.421693           -0.0261253          0.992618            
0.0104331           768                 -0.164269           1.45186             -0.0438908          -1.53612            -0.0486214          3.62262             
0.0139107           1024                8.74294             6.59421             -3.26911            -5.22138            17.7642             22.6714             
0.0173884           1280                11.4327             5.28788             -4.20952            -3.27749            23.1064             21.0798             
0.0208661           1536                1.96809             -2.42794            -0.549612           2.91524             3.51913             -4.94255            
0.0243438           1792                -6.07936            -4.11392            2.26438             3.12415             -12.3392            -14.5522            
0.0278215           2048                -6.31794            -1.0061             2.18814             -0.168466           -12.3994            -6.72847            
0.0312992           2304                -2.17545            1.48585             0.649831            -1.96479            -4.00329            2.38867             
0.0347769           2560                -0.916791           1.63763             0.216687            -1.87842            -1.54297            3.60273             
0.0382545           2816                -2.01953            0.993137            0.652245            -1.43778            -3.85137            1.22434             
0.0417322           3072                -1.87894            0.70963             0.601478            -1.10379            -3.56365            0.589066            
0.0452099           3328                -1.54565            0.421895            0.501639            -0.737962           -2.94919            0.0690918           
0.0486876           3584                -0.823197           0.696999            0.242644            -0.886651           -1.50674            1.24992             
0.0521653           3840                -0.437436           0.928673            0.106701            -1.05755            -0.746659           2.09742             
0.055643            4096                -0.586671           0.695837            0.168667            -0.84286            -1.0657             1.40161             
0.0591207           4352                -0.550054           0.444897            0.166165            -0.572388           -1.01894            0.781497            
0.0625984           4608                -0.502755           0.275697            0.156016            -0.384921           -0.941736           0.378082            
0.066076            4864                -0.503114           0.187938            0.161349            -0.293944           -0.955774           0.152554            
0.0695537           5120                -0.538337           0.195355            0.172815            -0.308147           -1.02322            0.148381            
0.0730314           5376                -0.593264           0.229898            0.189579            -0.354369           -1.12555            0.200905            
0.0765091           5632                -0.643915           0.259875            0.20526             -0.395136           -1.22041            0.244513            
0.0799868           5888                -0.69784            0.305686            0.222276            -0.453772           -1.32244            0.326653            
0.0834645           6144                -0.769186           0.348934            0.244991            -0.512888           -1.45728            0.39079             
0.0869422           6400                -0.820459           0.395828            0.259822            -0.571395           -1.55039            0.477468            
0.0904198           6656                -0.889753           0.436591            0.281497            -0.627121           -1.68084            0.536525            
0.0938975           6912                -0.953595           0.459356            0.302418            -0.663243           -1.80332            0.552977            
0.0973752           7168                -1.01035            0.469269            0.321035            -0.684227           -1.91216            0.541088            
0.100853            7424                -1.05414            0.463147            0.336629            -0.686438           -1.99934            0.496583            
0.104331            7680                -1.06663            0.446824            0.341217            -0.671475           -2.02435            0.446464            
0.107808            7936                -1.09735            0.426602            0.353251            -0.656619           -2.08837            0.374354            
0.111286            8192                -1.07712            0.416122            0.347168            -0.641954           -2.05092            0.360739            
0.114764            8448                -1.002              0.414132            0.321697            -0.625449           -1.90463            0.404964            
0.118241            8704                -0.970181           0.421516            0.310997            -0.627296           -1.84304            0.444794            
0.121719            8960                -0.97343            0.424401            0.31304             -0.631609           -1.85196            0.45006             
0.125197            9216                -0.960615           0.438449            0.30747             -0.6435             -1.82364            0.49455             
0.128674            9472                -0.937024           0.447205            0.299519            -0.648357           -1.7781             0.532502            
0.132152            9728                -0.940358           0.447659            0.30093             -0.649646           -1.7853             0.531472            
0.13563             9984                -0.954621           0.460454            0.3054              -0.665924           -1.81212            0.55496             
0.139107            10240               -0.989822           0.466151            0.31789             -0.679142           -1.88209            0.546469            
0.142585            10496               -0.992086           0.47712             0.318171            -0.691072           -1.88517            0.573133            
0.146063            10752               -0.972172           0.500107            0.310369            -0.711326           -1.84362            0.645227            
0.149541            11008               -0.975823           0.506406            0.311673            -0.718697           -1.85114            0.65897             
0.153018            11264               -1.00337            0.502974            0.321902            -0.720877           -1.90697            0.632076            
0.156496            11520               -0.980973           0.47441             0.315036            -0.686311           -1.86504            0.573417            
0.159974            11776               -0.975149           0.443691            0.315601            -0.65359            -1.86067            0.498319            
0.163451            12032               -0.957908           0.423378            0.310035            -0.628726           -1.82737            0.45754             
0.166929            12288               -0.949333           0.369308            0.309255            -0.570317           -1.81588            0.324342            
0.170407            12544               -0.963163           0.317165            0.316234            -0.518316           -1.84848            0.181385            
0.173884            12800               -0.940271           0.282474            0.309987            -0.477635           -1.80761            0.107398            
0.177362            13056               -0.906698           0.27332             0.299052            -0.461646           -1.74348            0.105941            
0.18084             13312               -0.905517           0.2552              0.300435            -0.443044           -1.74602            0.0601664           
0.184317            13568               -0.922511           0.24281             0.307501            -0.433706           -1.78255            0.0171722           
0.187795            13824               -0.953899           0.230959            0.318641            -0.427424           -1.84458            -0.0338327          
0.191273            14080               -0.899846           0.258434            0.299276            -0.44593            -1.73685            0.0722046           
0.19475             14336               -0.89904            0.240867            0.301709            -0.428531           -1.74277            0.0275642           
0.198228            14592               -0.903991           0.251389            0.301564            -0.439784           -1.74703            0.0514035           
0.201706            14848               -0.89559            0.2503              0.299029            -0.437106           -1.73181            0.0540623           
0.205183            15104               -0.894202           0.226436            0.301332            -0.412977           -1.73662            -0.00625519         
0.208661            15360               -0.870741           0.222324            0.292439            -0.40356            -1.68816            -0.00138701         
0.212139            15616               -0.878231           0.18685             0.297209            -0.368293           -1.70855            -0.0973676          
0.215617            15872               -0.905754           0.199854            0.306165            -0.387448           -1.76116            -0.0820059          
0.219094            16128               -0.877882           0.217669            0.296505            -0.401101           -1.70673            -0.0179691          
0.222572            16384               -0.871295           0.219176            0.293107            -0.400825           -1.69063            -0.00975518         
0.22605             16640               -0.904331           0.204874            0.305853            -0.39291            -1.7589             -0.0681151          
0.229527            16896               -0.89388            0.208026            0.302624            -0.394622           -1.73913            -0.0531267          
0.233005            17152               -0.911722           0.203757            0.308834            -0.393483           -1.77439            -0.0758498          
0.236483            17408               -0.944249           0.189528            0.321758            -0.385595           -1.84285            -0.133728           
0.23996             17664               -0.978              0.186761            0.333637            -0.38936            -1.90974            -0.162986           
0.243438            17920               -0.920279           0.233745            0.311686            -0.427304           -1.79129            -0.0044736          
0.246916            18176               -0.914236           0.216005            0.31123             -0.408259           -1.7835             -0.0460248          
0.250393            18432               -0.880061           0.235909            0.297805            -0.421858           -1.71219            0.0275072           
0.253871            18688               -0.908904           0.237114            0.308992            -0.429495           -1.77238            0.0115843           
0.257349            18944               -0.915517           0.275374            0.309663            -0.470903           -1.78114            0.105515            
0.260826            19200               -0.917754           0.304659            0.310273            -0.502481           -1.78592            0.179143            
0.264304            19456               -0.905565           0.331033            0.30511             -0.527944           -1.75939            0.254873            
0.267782            19712               -0.92941            0.323253            0.313804            -0.524331           -1.80766            0.21916             
0.27126             19968               -0.966348           0.311811            0.328677            -0.520363           -1.88629            0.165441            
0.274737            20224               -0.955744           0.316928            0.322287            -0.522346           -1.85738            0.185638            
0.278215            20480               -0.955188           0.32985             0.321917            -0.536017           -1.8557             0.219163            
0.281693            20736               -0.919457           0.354041            0.309422            -0.554797           -1.78567            0.304701            
0.28517             20992               -0.933152           0.374801            0.311787            -0.578181           -1.80618            0.348975            
0.288648            21248               -0.883126           0.365857            0.296637            -0.560267           -1.71382            0.358914            
0.292126            21504               -0.920147           0.347156            0.309862            -0.54738            -1.78773            0.286468            
0.295603            21760               -0.875784           0.410365            0.29073             -0.604487           -1.6903             0.477977            
0.299081            22016               -0.860967           0.433149            0.285404            -0.625791           -1.66112            0.546145            
0.302559            22272               -0.895299           0.423845            0.297489            -0.622667           -1.72918            0.499709            
0.306036            22528               -0.881107           0.474305            0.289303            -0.672142           -1.69261            0.638643            
0.309514            22784               -0.878475           0.50171             0.288227            -0.700892           -1.68765            0.710679            
0.312992            23040               -0.886793           0.521086            0.290411            -0.723045           -1.70201            0.755003            
0.316469            23296               -0.939083           0.52347             0.306937            -0.73486            -1.80028            0.726782            
0.319947            23552               -0.955549           0.541307            0.312343            -0.757101           -1.83207            0.761756            
0.323425            23808               -0.957109           0.547534            0.312517            -0.763679           -1.8347             0.776659            
0.326903            24064               -0.965334           0.551324            0.315474            -0.769558           -1.85103            0.781026            
0.33038             24320               -0.968787           0.538819            0.315969            -0.756387           -1.85552            0.746668            
0.333858            24576               -0.997996           0.496446            0.327617            -0.717465           -1.91679            0.618709            
0.337336            24832               -0.996666           0.494155            0.327413            -0.715011           -1.91481            0.613711            
0.340813            25088               -0.981123           0.483909            0.323368            -0.701635           -1.88793            0.597554            
0.344291            25344               -0.972603           0.447013            0.321354            -0.660972           -1.87336            0.508471            
0.347769            25600               -0.999554           0.419133            0.33308             -0.637744           -1.93271            0.419179            
0.351246            25856               -0.971139           0.422286            0.323071            -0.635458           -1.87615            0.445921            
0.354724            26112               -0.927157           0.417134            0.307889            -0.621201           -1.79003            0.461531            
0.358202            26368               -0.906696           0.406978            0.301724            -0.606903           -1.75209            0.448952            
0.361679            26624               -0.859493           0.400542            0.286337            -0.591324           -1.66186            0.463381            
0.365157            26880               -0.872746           0.363123            0.292732            -0.554728           -1.69254            0.358565            
0.368635            27136               -0.864954           0.310946            0.292194            -0.498415           -1.68245            0.229729            
0.372112            27392               -0.873962           0.262216            0.297413            -0.44906            -1.70551            0.0986933           
0.37559             27648               -0.900753           0.22847             0.308431            -0.418981           -1.76278            -0.00560041         
0.379068            27904               -0.843526           0.241361            0.286635            -0.420483           -1.64442            0.0651314           
0.382546            28160               -0.796383           0.266961            0.27017             -0.438656           -1.55192            0.161777            
0.386023            28416               -0.756913           0.304815            0.256187            -0.471217           -1.47401            0.28485             
0.389501            28672               -0.764846           0.331843            0.256686            -0.500416           -1.48349            0.349025            
0.392979            28928               -0.785248           0.357837            0.263455            -0.532067           -1.52339            0.402312            
0.396456            29184               -0.815314           0.394511            0.272206            -0.576212           -1.57828            0.476674            
0.399934            29440               -0.832293           0.434272            0.276976            -0.621501           -1.60912            0.567561            
0.403412            29696               -0.842461           0.444847            0.279339            -0.634189           -1.62587            0.58804             
0.406889            29952               -0.937486           0.444805            0.311568            -0.652281           -1.81084            0.525493            
0.410367            30208               -1.00233            0.465608            0.332969            -0.686698           -1.93564            0.536346            
0.413845            30464               -0.975421           0.489309            0.321394            -0.70555            -1.87652            0.614867            
0.417322            30720               -0.954098           0.499644            0.315066            -0.71313            -1.83799            0.6554              
0.4208              30976               -0.937601           0.493635            0.309053            -0.703376           -1.80443            0.65085             
0.424278            31232               -0.976207           0.460328            0.323142            -0.67561            -1.88197            0.540007            
0.427755            31488               -0.969062           0.434039            0.321666            -0.646667           -1.87022            0.477224            
0.431233            31744               -0.991893           0.414351            0.331492            -0.631154           -1.92052            0.411669            
0.434711            32000               -0.925152           0.427383            0.306688            -0.630994           -1.78452            0.488989            
0.438188            32256               -0.955657           0.381593            0.320292            -0.589696           -1.85274            0.351394            
0.441666            32512               -0.944342           0.41813             0.315323            -0.626142           -1.82791            0.452652            
0.445144            32768               -0.919007           0.461813            0.304992            -0.66705            -1.7745             0.581386            
0.448622            33024               -0.870289           0.473029            0.286885            -0.669026           -1.67498            0.642246            
0.452099            33280               -0.896448           0.432363            0.297969            -0.631648           -1.7318             0.520661            
0.455577            33536               -0.877385           0.445005            0.291107            -0.641428           -1.69366            0.565674            
0.459055            33792               -0.937426           0.444097            0.311146            -0.651658           -1.80978            0.523873            
0.462532            34048               -0.934391           0.473836            0.308679            -0.681971           -1.80035            0.602185            
0.46601             34304               -0.881154           0.478716            0.289983            -0.67689            -1.69482            0.649735            
0.469488            34560               -0.944342           0.475677            0.312585            -0.68633            -1.82115            0.600401            
0.472965            34816               -0.850696           0.517394            0.278226            -0.711477           -1.63248            0.768974            
0.476443            35072               -0.863859           0.514803            0.282522            -0.711345           -1.65729            0.753744            
0.479921            35328               -0.899429           0.495612            0.295693            -0.698214           -1.7291             0.681107            
0.483398            35584               -0.919017           0.490331            0.302118            -0.696185           -1.76646            0.654671            
0.486876            35840               -0.943623           0.483566            0.310759            -0.693915           -1.81496            0.621189            
0.490354            36096               -0.931775           0.496548            0.306699            -0.705235           -1.79252            0.662189            
0.493831            36352               -0.954478           0.495549            0.314384            -0.708677           -1.83615            0.644777            
0.497309            36608               -0.95382            0.463564            0.316064            -0.675206           -1.84019            0.56303             
0.500787            36864               -0.962903           0.476165            0.317006            -0.689164           -1.85174            0.589453            
0.504265            37120               -0.97884            0.484259            0.32183             -0.700629           -1.88136            0.599755            
0.507742            37376               -0.973694           0.482353            0.321156            -0.698353           -1.87402            0.598284            
0.51122             37632               -0.94085            0.478367            0.309883            -0.687501           -1.80992            0.609546            
0.514698            37888               -0.963511           0.460625            0.317709            -0.672886           -1.85409            0.549121            
0.518175            38144               -0.973045           0.433221            0.321699            -0.645799           -1.87435            0.472508            
0.521653            38400               -0.971509           0.414818            0.32336             -0.626893           -1.87755            0.426232            
0.525131            38656               -0.974702           0.392858            0.324421            -0.603862           -1.88346            0.367759            
0.528608            38912               -0.969309           0.393083            0.322952            -0.603482           -1.87359            0.371913            
0.532086            39168               -0.947611           0.385781            0.316222            -0.591906           -1.83298            0.367414            
0.535564            39424               -0.945945           0.375895            0.31581             -0.581174           -1.82976            0.34317             
0.539041            39680               -0.904554           0.397801            0.301067            -0.596133           -1.74788            0.426538            
0.542519            39936               -0.891063           0.391567            0.297747            -0.587395           -1.7256             0.419335            
0.545997            40192               -0.924699           0.400883            0.307642            -0.602904           -1.78669            0.421179            
0.549474            40448               -0.934942           0.440046            0.310401            -0.646581           -1.80525            0.51499             
0.552952            40704               -0.938197           0.461711            0.30926             -0.669245           -1.8052             0.568522            
0.55643             40960               -0.938194           0.464225            0.309416            -0.672245           -1.80539            0.575031            
0.559907            41216               -0.924555           0.499098            0.30308             -0.706029           -1.77449            0.673511            
0.563385            41472               -0.948249           0.50222             0.310062            -0.713175           -1.81768            0.665939            
0.566863            41728               -0.968675           0.496347            0.318896            -0.711942           -1.86287            0.637453            
0.570341            41984               -0.959183           0.496984            0.315867            -0.710761           -1.84502            0.645283            
0.573818            42240               -0.909997           0.497454            0.297871            -0.701077           -1.74568            0.678831            
0.577296            42496               -0.905682           0.484014            0.29903             -0.687347           -1.74494            0.647088            
0.580774            42752               -0.90439            0.494661            0.296062            -0.697153           -1.7349             0.675336            
0.584251            43008               -0.901684           0.527357            0.293398            -0.730713           -1.72518            0.761073            
0.587729            43264               -0.959939           0.550021            0.314462            -0.767071           -1.84286            0.781004            
0.591207            43520               -0.985848           0.594255            0.320061            -0.817429           -1.88481            0.877528            
0.594684            43776               -0.94265            0.605118            0.303481            -0.81986            -1.79507            0.933828            
0.598162            44032               -0.945365           0.586408            0.304632            -0.80028            -1.80106            0.883984            
0.60164             44288               -0.966335           0.576597            0.313381            -0.794835           -1.84642            0.845018            
0.605117            44544               -1.01163            0.52384             0.332494            -0.749259           -1.94434            0.679854            
0.608595            44800               -1.01893            0.474753            0.335288            -0.698016           -1.9586             0.549042            
0.612073            45056               -0.993667           0.418493            0.329588            -0.634594           -1.91689            0.421203            
0.61555             45312               -1.02647            0.385047            0.342449            -0.605903           -1.98528            0.313776            
0.619028            45568               -1.05053            0.365528            0.35151             -0.590205           -2.03417            0.247895            
0.622506            45824               -0.974676           0.352973            0.325039            -0.561689           -1.88438            0.265476            
0.625984            46080               -0.998581           0.334383            0.334957            -0.547341           -1.93582            0.20203             
0.629461            46336               -0.926996           0.351477            0.309614            -0.551531           -1.79341            0.292984            
0.632939            46592               -0.848545           0.331854            0.284587            -0.516306           -1.64496            0.294098            
0.636417            46848               -0.907041           0.313432            0.306234            -0.50883            -1.76374            0.208399            
0.639894            47104               -0.882348           0.355471            0.295828            -0.547982           -1.71056            0.332533            
0.643372            47360               -0.864276           0.420193            0.28585             -0.61172            -1.66525            0.510559            
0.64685             47616               -0.851564           0.479051            0.28033             -0.671715           -1.63794            0.669993            
0.650327            47872               -0.875007           0.481329            0.28754             -0.678092           -1.68165            0.66039             
0.653805            48128               -0.909672           0.506881            0.298171            -0.711392           -1.74652            0.703225            
0.657283            48384               -0.917635           0.527995            0.300118            -0.735313           -1.75986            0.752233            
0.66076             48640               -0.931739           0.540405            0.304864            -0.751255           -1.78764            0.774803            
0.664238            48896               -0.978833           0.559762            0.31885             -0.779864           -1.87364            0.793591            
0.667716            49152               -1.02389            0.581766            0.33328             -0.811764           -1.95923            0.820504            
0.671193            49408               -1.04169            0.578895            0.340263            -0.812624           -1.99671            0.801453            
0.674671            49664               -1.0132             0.577588            0.328597            -0.804723           -1.93502            0.816865            
0.678149            49920               -1.03334            0.529572            0.338761            -0.758828           -1.98361            0.6803              
0.681626            50176               -1.04192            0.509054            0.344167            -0.740059           -2.00701            0.622016            
0.685104            50432               -0.988007           0.490165            0.324861            -0.708811           -1.8987             0.608921            
0.688582            50688               -0.973366           0.428669            0.322619            -0.641563           -1.87724            0.460661            
0.69206             50944               -0.968475           0.383516            0.322793            -0.593282           -1.87222            0.347973            
0.695537            51200               -1.0032             0.36319             0.336655            -0.579306           -1.94559            0.272955            
0.699015            51456               -0.93165            0.368794            0.312414            -0.571625           -1.80655            0.334341            
0.702493            51712               -0.895169           0.369551            0.299144            -0.565025           -1.73279            0.360286            
0.70597             51968               -0.867889           0.410509            0.288699            -0.602932           -1.67698            0.483318            
0.709448            52224               -0.83511            0.423033            0.27663             -0.60955            -1.61075            0.536989            
0.712926            52480               -0.835221           0.4123              0.276614            -0.598136           -1.61033            0.509401            
0.716403            52736               -0.835289           0.435244            0.275875            -0.622258           -1.60875            0.56825             
0.719881            52992               -0.807567           0.449219            0.26622             -0.631837           -1.55426            0.622368            
0.723359            53248               -0.827598           0.443417            0.273776            -0.629863           -1.5955             0.594275            
0.726836            53504               -0.844716           0.485117            0.276775            -0.676162           -1.62162            0.690071            
0.730314            53760               -0.882971           0.497916            0.289112            -0.69692            -1.69423            0.697848            
0.733792            54016               -0.899383           0.495343            0.295278            -0.697614           -1.72788            0.680431            
0.73727             54272               -0.915786           0.498452            0.300755            -0.704197           -1.75937            0.677681            
0.740747            54528               -0.901364           0.508171            0.294934            -0.711281           -1.72901            0.712105            
0.744225            54784               -0.945061           0.484267            0.310443            -0.694314           -1.81559            0.622036            
0.747703            55040               -0.937035           0.476655            0.308714            -0.685179           -1.80291            0.607746            
0.75118             55296               -0.913477           0.487343            0.300249            -0.692065           -1.75558            0.650712            
0.754658            55552               -0.934677           0.509699            0.306668            -0.719537           -1.79505            0.694157            
0.758136            55808               -0.932983           0.527389            0.304892            -0.737459           -1.78873            0.740664            
0.761613            56064               -0.913273           0.518057            0.298303            -0.723854           -1.75039            0.729697            
0.765091            56320               -0.938004           0.49999             0.307651            -0.709557           -1.80113            0.666997            
0.768569            56576               -0.958193           0.471712            0.316938            -0.684555           -1.84709            0.581132            
0.772046            56832               -0.980063           0.456582            0.324494            -0.672727           -1.88963            0.528003            
0.775524            57088               -0.989251           0.46092             0.327362            -0.678934           -1.90678            0.533071            
0.779002            57344               -0.982188           0.460327            0.325304            -0.67733            -1.89375            0.536223            
0.782479            57600               -0.939435           0.45371             0.311088            -0.662004           -1.81171            0.54725             
0.785957            57856               -0.912495           0.461332            0.300199            -0.664086           -1.754              0.584572            
0.789435            58112               -0.929989           0.440713            0.307371            -0.646146           -1.79114            0.520157            
0.792912            58368               -0.940696           0.41274             0.312745            -0.619113           -1.81673            0.441283            
0.79639             58624               -0.891509           0.41375             0.29621             -0.610845           -1.72153            0.476202            
0.799868            58880               -0.899974           0.40825             0.299096            -0.606726           -1.73768            0.456545            
0.803346            59136               -0.900623           0.404856            0.299316            -0.603113           -1.739              0.447373            
0.806823            59392               -0.958814           0.423258            0.31896             -0.633906           -1.85229            0.456396            
0.810301            59648               -0.950323           0.482277            0.313027            -0.693957           -1.82768            0.613519            
0.813779            59904               -0.945477           0.496229            0.311211            -0.707821           -1.81808            0.652478            
0.817256            60160               -0.949857           0.485132            0.312759            -0.696741           -1.82664            0.621104            
0.820734            60416               -0.957964           0.465251            0.31713             -0.6779             -1.8469             0.564693            
0.824212            60672               -0.93799            0.453451            0.310354            -0.661551           -1.80749            0.547583            
0.827689            60928               -0.94997            0.453073            0.314095            -0.663221           -1.83005            0.538759            
0.831167            61184               -0.937491           0.477365            0.310526            -0.687166           -1.80832            0.609256            
0.834645            61440               -0.898677           0.479005            0.296393            -0.680822           -1.72991            0.638929            
0.838122            61696               -0.915904           0.48372             0.301427            -0.688917           -1.76103            0.639782            
0.8416              61952               -0.861074           0.508468            0.280863            -0.703951           -1.64877            0.739375            
0.845078            62208               -0.887343           0.490423            0.291547            -0.690423           -1.70508            0.675711            
0.848555            62464               -0.912623           0.49686             0.300444            -0.702248           -1.75547            0.675592            
0.852033            62720               -0.935905           0.511241            0.306082            -0.720934           -1.79424            0.697263            
0.855511            62976               -0.938959           0.527878            0.30686             -0.739303           -1.79988            0.738               
0.858989            63232               -0.953164           0.533568            0.311163            -0.747727           -1.82614            0.743246            
0.862466            63488               -0.943026           0.538171            0.308565            -0.751237           -1.80904            0.761692            
0.865944            63744               -0.996261           0.502922            0.327161            -0.723839           -1.91366            0.636249            
0.869422            64000               -1.01267            0.494562            0.332909            -0.718344           -1.94566            0.604051            
0.872899            64256               -0.964894           0.495759            0.317451            -0.710902           -1.85491            0.638476            
0.876377            64512               -0.924505           0.467763            0.303552            -0.672917           -1.77524            0.593139            
0.879855            64768               -0.902121           0.415534            0.299935            -0.614914           -1.7426             0.47375             
0.883332            65024               -0.937931           0.363266            0.313847            -0.566867           -1.8163             0.316092            
0.88681             65280               -0.935169           0.377908            0.31279             -0.582038           -1.81078            0.355516            
0.890288            65536               -0.903046           0.425525            0.298623            -0.624859           -1.73982            0.498797            
0.893765            65792               -0.865306           0.439971            0.286914            -0.633807           -1.66988            0.560671            
0.897243            66048               -0.859999           0.441661            0.284143            -0.634095           -1.65663            0.568515            
0.900721            66304               -0.894214           0.45363             0.294684            -0.652827           -1.72033            0.576762            
0.904198            66560               -0.908244           0.486565            0.298939            -0.690719           -1.74665            0.652152            
0.907676            66816               -0.915041           0.516495            0.29938             -0.723021           -1.75507            0.724523            
0.911154            67072               -0.91889            0.546628            0.299236            -0.755216           -1.75887            0.799368            
0.914631            67328               -0.942541           0.558933            0.308148            -0.773511           -1.80783            0.815391            
0.918109            67584               -0.937505           0.548329            0.30701             -0.761405           -1.79947            0.791443            
0.921587            67840               -0.943205           0.536575            0.30841             -0.749714           -1.80857            0.757585            
0.925065            68096               -0.975049           0.537819            0.320017            -0.757611           -1.87306            0.739852            
0.928542            68352               -0.950436           0.533482            0.310779            -0.747728           -1.8225             0.744914            
0.93202             68608               -0.965417           0.508531            0.318137            -0.725154           -1.85781            0.67101             
0.935498            68864               -0.952156           0.494042            0.313327            -0.706986           -1.8307             0.642556            
0.938975            69120               -0.942416           0.482528            0.309473            -0.692396           -1.81001            0.619396            
0.942453            69376               -0.945984           0.465998            0.312749            -0.676689           -1.82259            0.574605            
0.945931            69632               -1.00032            0.462927            0.331221            -0.683763           -1.92828            0.531054            
0.949408            69888               -0.967308           0.465128            0.31872             -0.678962           -1.86048            0.558379            
0.952886            70144               -0.940196           0.444628            0.310948            -0.652607           -1.81151            0.523558            
0.956364            70400               -0.91999            0.417406            0.305534            -0.620365           -1.77606            0.466918            
0.959841            70656               -0.941056           0.403613            0.313251            -0.60992            -1.81845            0.417686            
0.963319            70912               -0.955909           0.38952             0.319151            -0.598028           -1.84994            0.371704            
0.966797            71168               -0.919088           0.406587            0.305868            -0.609151           -1.7758             0.439784            
0.970275            71424               -0.869533           0.403203            0.288219            -0.595443           -1.67687            0.463637            
0.973752            71680               -0.871549           0.403154            0.288952            -0.595688           -1.68122            0.462196            
0.97723             71936               -0.881544           0.432729            0.291165            -0.628733           -1.69771            0.531561            
0.980708            72192               -0.890342           0.477265            0.292613            -0.677159           -1.71131            0.64007             
0.984185            72448               -0.879548           0.531475            0.286311            -0.731803           -1.68342            0.786359            
0.987663            72704               -0.872205           0.54995             0.282974            -0.749761           -1.66707            0.838599            
0.991141            72960               -0.868518           0.558013            0.281509            -0.757643           -1.65926            0.861749            
0.994618            73216               -0.90013            0.565737            0.291699            -0.771549           -1.71966            0.860777            
0.998096            73472               -0.908873           0.562985            0.293994            -0.769688           -1.73502            0.847973            
1.00157             73728               -0.932062           0.558119            0.301775            -0.769084           -1.77974            0.820252            
1.00505             73984               -0.956517           0.516348            0.312828            -0.730622           -1.83431            0.696981            
1.00853             74240               -0.982537           0.491704            0.321564            -0.709138           -1.88426            0.616659            
1.01201             74496               -0.98732            0.503978            0.322946            -0.723125           -1.89334            0.64505             
1.01548             74752               -0.976538           0.488969            0.321203            -0.706051           -1.87761            0.613549            
1.01896             75008               -0.962876           0.492449            0.314541            -0.705994           -1.84507            0.631513            
1.02244             75264               -0.990628           0.50145             0.32495             -0.721439           -1.90247            0.636331            
1.02592             75520               -0.952663           0.49358             0.312313            -0.705952           -1.82889            0.641106            
1.0294              75776               -0.905803           0.481208            0.295944            -0.683468           -1.73612            0.640129            
1.03287             76032               -0.882475           0.470769            0.290031            -0.668723           -1.69677            0.628539            
1.03635             76288               -0.872568           0.444904            0.287191            -0.639599           -1.67815            0.568725            
1.03983             76544               -0.884838           0.442221            0.291841            -0.639293           -1.70356            0.553741            
1.04331             76800               -0.850068           0.432375            0.279268            -0.621698           -1.63334            0.551389            
1.04678             77056               -0.892229           0.427052            0.294802            -0.624782           -1.71895            0.509988            
1.05026             77312               -0.932695           0.440568            0.307858            -0.646639           -1.79588            0.518134            
1.05374             77568               -0.920249           0.467474            0.302208            -0.672366           -1.7679             0.595395            
1.05722             77824               -0.872599           0.487354            0.284647            -0.68355            -1.67175            0.677682            
1.06069             78080               -0.889601           0.489978            0.290406            -0.689635           -1.70473            0.673242            
1.06417             78336               -0.962659           0.482557            0.316258            -0.696302           -1.85003            0.606188            
1.06765             78592               -1.03209            0.457069            0.341052            -0.683124           -1.98806            0.495186            
1.07113             78848               -1.02515            0.501665            0.336707            -0.728386           -1.96968            0.61422             
1.07461             79104               -0.988441           0.511324            0.322854            -0.730957           -1.89427            0.663159            
1.07808             79360               -1.02528            0.511523            0.335514            -0.738372           -1.96648            0.63947             
1.08156             79616               -1.002              0.518961            0.328329            -0.742305           -1.92335            0.673847            
1.08504             79872               -0.949065           0.493768            0.311054            -0.705565           -1.82174            0.643955            
1.08852             80128               -0.983624           0.489288            0.322989            -0.707437           -1.88968            0.609754            
1.09199             80384               -0.973633           0.497959            0.318533            -0.714131           -1.86757            0.638561            
1.09547             80640               -0.959808           0.476157            0.316221            -0.689724           -1.84675            0.591727            
1.09895             80896               -0.973966           0.442712            0.321302            -0.656702           -1.87437            0.496556            
1.10243             81152               -0.932722           0.468156            0.305993            -0.675153           -1.79105            0.588977            
1.1059              81408               -0.894229           0.503606            0.292331            -0.705613           -1.71505            0.705259            
1.10938             81664               -0.890273           0.485076            0.291427            -0.685257           -1.70814            0.660309            
1.11286             81920               -0.87099            0.490385            0.2834              -0.686289           -1.6664             0.686626            
1.11634             82176               -0.900118           0.491894            0.294274            -0.694228           -1.72589            0.671366            
1.11981             82432               -0.922755           0.506248            0.301141            -0.713631           -1.7676             0.693406            
1.12329             82688               -0.942759           0.510265            0.307995            -0.721521           -1.80707            0.69049             
1.12677             82944               -0.921096           0.489994            0.302435            -0.696653           -1.7699             0.652682            
1.13025             83200               -0.901315           0.4966              0.294847            -0.69942            -1.72913            0.682627            
1.13373             83456               -0.915595           0.492721            0.299238            -0.697853           -1.75515            0.66333             
1.1372              83712               -0.943696           0.477639            0.310816            -0.6883             -1.81553            0.606113            
1.14068             83968               -0.943168           0.504321            0.309346            -0.716022           -1.81115            0.674984            
1.14416             84224               -0.914142           0.518452            0.298061            -0.724534           -1.75107            0.730278            
1.14764             84480               -0.898264           0.519025            0.293286            -0.72271            -1.72177            0.742227            
1.15111             84736               -0.925933           0.52575             0.302474            -0.73493            -1.77524            0.741248            
1.15459             84992               -0.969332           0.493928            0.317229            -0.709115           -1.85909            0.631105            
1.15807             85248               -0.98932            0.504689            0.324441            -0.724525           -1.89991            0.645505            
1.16155             85504               -0.96732            0.541034            0.315593            -0.758729           -1.85328            0.75334             
1.16502             85760               -0.987918           0.533377            0.32135             -0.753548           -1.8898             0.720106            
1.1685              86016               -0.949635           0.566716            0.308929            -0.782273           -1.81765            0.830802            
1.17198             86272               -0.960788           0.572408            0.311776            -0.790001           -1.83672            0.838115            
1.17546             86528               -0.957831           0.551886            0.311969            -0.768192           -1.83392            0.78739             
1.17894             86784               -1.01353            0.529974            0.332085            -0.756057           -1.94539            0.694512            
1.18241             87040               -1.00496            0.507522            0.329381            -0.730308           -1.92913            0.642497            
1.18589             87296               -1.00659            0.496608            0.330221            -0.71924            -1.93276            0.613464            
1.18937             87552               -0.98598            0.503827            0.322599            -0.722541           -1.89114            0.645477            
1.19285             87808               -0.989168           0.46602             0.32609             -0.684031           -1.90359            0.546328            
1.19632             88064               -0.985945           0.460837            0.323814            -0.677191           -1.89363            0.535187            
1.1998              88320               -0.948526           0.472173            0.311238            -0.682273           -1.82155            0.58889             
1.20328             88576               -0.871862           0.49733             0.28417             -0.69381            -1.66986            0.703784            
1.20676             88832               -0.856605           0.497719            0.278465            -0.690932           -1.63873            0.71478             
1.21023             89088               -0.933601           0.477722            0.305955            -0.68509            -1.7922             0.612851            
1.21371             89344               -0.974727           0.489945            0.319779            -0.706057           -1.87192            0.617239            
1.21719             89600               -0.961303           0.490885            0.314219            -0.70389            -1.84295            0.628474            
1.22067             89856               -0.912783           0.472861            0.298414            -0.675622           -1.75004            0.614101            
1.22415             90112               -0.897712           0.454427            0.293465            -0.652957           -1.7212             0.576619            
1.22762             90368               -0.949016           0.398569            0.314698            -0.605029           -1.83131            0.399498            
1.2311              90624               -0.957739           0.375723            0.318781            -0.582913           -1.851              0.335132            
1.23458             90880               -0.904566           0.404652            0.298688            -0.602588           -1.74201            0.444347            
1.23806             91136               -0.925438           0.403903            0.305538            -0.605715           -1.78204            0.428765            
1.24153             91392               -0.932078           0.427993            0.306337            -0.631945           -1.79113            0.48622             
1.24501             91648               -0.922929           0.457359            0.302704            -0.661389           -1.77236            0.567626            
1.24849             91904               -0.899123           0.484712            0.292989            -0.685253           -1.72164            0.653488            
1.25197             92160               -0.872801           0.510688            0.282795            -0.707241           -1.66743            0.737438            
1.25544             92416               -0.91379            0.512586            0.296521            -0.716996           -1.7467             0.715366            
1.25892             92672               -0.917765           0.535514            0.296509            -0.741842           -1.75061            0.771704            
1.2624              92928               -0.880691           0.582482            0.282916            -0.784434           -1.67652            0.916592            
1.26588             93184               -0.874835           0.575166            0.279337            -0.774314           -1.66041            0.901644            
1.26936             93440               -0.864449           0.570425            0.276159            -0.767482           -1.6414             0.896283            
1.27283             93696               -0.908909           0.535773            0.293517            -0.740233           -1.73379            0.778149            
1.27631             93952               -0.94337            0.517776            0.304357            -0.727039           -1.79804            0.709331            
1.27979             94208               -0.997667           0.510849            0.32475             -0.731132           -1.90936            0.655864            
1.28327             94464               -0.971318           0.565958            0.31342             -0.78373            -1.85227            0.814632            
1.28674             94720               -0.925511           0.553458            0.298418            -0.762021           -1.76425            0.812668            
1.29022             94976               -0.922256           0.51646             0.298188            -0.722003           -1.76004            0.719772            
1.2937              95232               -0.929253           0.492864            0.302675            -0.699578           -1.77916            0.654642            
1.29718             95488               -0.973423           0.457717            0.319564            -0.671315           -1.8701             0.535371            
1.30065             95744               -0.982276           0.452327            0.322186            -0.666959           -1.88618            0.515713            
1.30413             96000               -0.930556           0.467282            0.3035              -0.672452           -1.78231            0.588128            
1.30761             96256               -0.938569           0.465178            0.305902            -0.671408           -1.79717            0.577402            
1.31109             96512               -0.953747           0.473662            0.311682            -0.683963           -1.82857            0.589225            
1.31457             96768               -1.00304            0.459698            0.329203            -0.678858           -1.92643            0.520995            
1.31804             97024               -0.990957           0.469419            0.323376            -0.686005           -1.89807            0.553933            
1.32152             97280               -0.949834           0.484166            0.3101              -0.694288           -1.82048            0.618715            
1.325               97536               -0.966357           0.475384            0.315844            -0.688124           -1.85261            0.585353            
1.32848             97792               -0.995058           0.502218            0.323359            -0.720977           -1.90275            0.63538             
1.33195             98048               -0.983785           0.515029            0.319737            -0.732811           -1.88159            0.675712            
1.33543             98304               -0.95425            0.540004            0.3091              -0.753598           -1.8226             0.759187            
1.33891             98560               -0.973712           0.527668            0.316091            -0.744165           -1.86172            0.714683            
1.34239             98816               -0.975016           0.514853            0.317803            -0.73135            -1.86783            0.680904            
1.34586             99072               -0.950751           0.510089            0.308901            -0.721443           -1.81832            0.684695            
1.34934             99328               -0.941676           0.530555            0.30489             -0.741243           -1.79795            0.743242            
1.35282             99584               -0.983944           0.543378            0.318657            -0.762573           -1.87904            0.748368            
1.3563              99840               -0.973958           0.547255            0.315287            -0.76495            -1.85965            0.764893            
1.35978             100096              -0.970132           0.554587            0.314229            -0.772347           -1.85277            0.786245            
1.36325             100352              -0.936112           0.574891            0.300722            -0.786434           -1.78121            0.860729            
1.36673             100608              -0.951182           0.574895            0.305508            -0.789031           -1.80983            0.850821            
1.37021             100864              -0.956567           0.551436            0.309332            -0.766174           -1.82561            0.787063            
1.37369             101120              -0.937549           0.526642            0.303876            -0.736466           -1.79116            0.735903            
1.37716             101376              -0.973155           0.520472            0.315372            -0.736363           -1.85856            0.696708            
1.38064             101632              -0.976158           0.512412            0.317283            -0.728748           -1.86705            0.674031            
1.38412             101888              -1.01925            0.480474            0.333911            -0.704047           -1.95605            0.563745            
1.3876              102144              -1.01443            0.467522            0.331793            -0.688879           -1.94518            0.533637            
1.39107             102400              -1.02473            0.44461             0.336709            -0.66723            -1.96871            0.468137            
1.39455             102656              -0.939012           0.461568            0.307028            -0.668522           -1.80066            0.567913            
1.39803             102912              -0.936462           0.443957            0.307545            -0.649933           -1.79947            0.524357            
1.40151             103168              -0.934404           0.438737            0.306848            -0.644119           -1.79499            0.512378            
1.40499             103424              -0.897722           0.431064            0.292684            -0.627771           -1.7185             0.516741            
1.40846             103680              -0.853455           0.425221            0.279295            -0.613999           -1.63692            0.530834            
1.41194             103936              -0.831976           0.442142            0.271947            -0.627845           -1.5954             0.588317            
1.41542             104192              -0.847059           0.442747            0.276805            -0.631379           -1.62381            0.580045            
1.4189              104448              -0.842222           0.471873            0.274115            -0.66103            -1.61195            0.657946            
1.42237             104704              -0.827435           0.488467            0.26799             -0.675182           -1.58045            0.710203            
1.42585             104960              -0.869383           0.478919            0.282641            -0.673374           -1.66287            0.6582              
1.42933             105216              -0.837832           0.470052            0.271529            -0.657496           -1.60045            0.656119            
1.43281             105472              -0.848117           0.439365            0.277421            -0.627995           -1.62685            0.570607            
1.43628             105728              -0.847549           0.411751            0.277256            -0.598167           -1.62546            0.50008             
1.43976             105984              -0.911115           0.405411            0.300454            -0.60468            -1.75346            0.442076            
1.44324             106240              -0.95071            0.398773            0.314158            -0.605209           -1.83146            0.398999            
1.44672             106496              -0.940215           0.41857             0.309655            -0.624006           -1.80854            0.456752            
1.4502              106752              -0.906455           0.423445            0.297376            -0.622136           -1.74065            0.491385            
1.45367             107008              -0.943321           0.415913            0.311132            -0.621821           -1.81578            0.44783             
1.45715             107264              -0.897112           0.44594             0.293913            -0.644545           -1.72164            0.555345            
1.46063             107520              -0.906358           0.43005             0.297824            -0.629577           -1.74169            0.508436            
1.46411             107776              -0.863969           0.480068            0.280984            -0.673688           -1.65293            0.664695            
1.46758             108032              -0.849632           0.542956            0.273132            -0.736592           -1.61755            0.835522            
1.47106             108288              -0.859513           0.568625            0.275468            -0.765265           -1.63442            0.894888            
1.47454             108544              -0.862011           0.557189            0.276525            -0.753661           -1.63958            0.863892            
1.47802             108800              -0.945001           0.542604            0.305818            -0.75446            -1.80433            0.771874            
1.48149             109056              -0.979022           0.547594            0.317137            -0.766321           -1.86994            0.762392            
1.48497             109312              -1.03365            0.560561            0.335287            -0.790657           -1.97485            0.759843            
1.48845             109568              -1.04282            0.567828            0.33736             -0.799547           -1.99               0.772456            
1.49193             109824              -1.02163            0.552331            0.331179            -0.779693           -1.9511             0.746632            
1.49541             110080              -1.02197            0.50205             0.334217            -0.727274           -1.95967            0.617234            
1.49888             110336              -0.999038           0.464718            0.327076            -0.683185           -1.91614            0.536446            
1.50236             110592              -1.02167            0.400402            0.339716            -0.621413           -1.97349            0.356475            
1.50584             110848              -0.977215           0.368603            0.325275            -0.578871           -1.88867            0.30394             
1.50932             111104              -0.918237           0.337851            0.306173            -0.535436           -1.77557            0.263825            
1.51279             111360              -0.897057           0.343663            0.298397            -0.53741            -1.73237            0.292666            
1.51627             111616              -0.881716           0.364934            0.29267             -0.556764           -1.70158            0.357301            
1.51975             111872              -0.856646           0.397935            0.283145            -0.5869             -1.65006            0.458521            
1.52323             112128              -0.806416           0.41449             0.265086            -0.594302           -1.5499             0.53398             
1.5267              112384              -0.784985           0.456094            0.255618            -0.63346            -1.50263            0.654813            
1.53018             112640              -0.805983           0.483591            0.261476            -0.666268           -1.54011            0.711652            
1.53366             112896              -0.838699           0.520833            0.270854            -0.711467           -1.59961            0.785751            
1.53714             113152              -0.864988           0.558624            0.279122            -0.756564           -1.64974            0.865461            
1.54062             113408              -0.920802           0.57835             0.296314            -0.787369           -1.75351            0.879457            
1.54409             113664              -0.974733           0.578488            0.315488            -0.79838            -1.86124            0.844376            
1.54757             113920              -1.01693            0.576102            0.329895            -0.804018           -1.94349            0.810553            
1.55105             114176              -0.966328           0.624095            0.307887            -0.84291            -1.83174            0.967037            
1.55453             114432              -0.92822            0.614011            0.296359            -0.825554           -1.76174            0.966141            
1.558               114688              -0.928021           0.578702            0.298473            -0.788864           -1.76721            0.875631            
1.56148             114944              -0.950924           0.54828             0.308521            -0.762081           -1.81783            0.782529            
1.56496             115200              -0.946435           0.527248            0.306837            -0.738608           -1.80806            0.731508            
1.56844             115456              -0.947223           0.489401            0.30847             -0.698928           -1.81307            0.63386             
1.57191             115712              -0.928076           0.476311            0.302843            -0.681752           -1.77821            0.612834            
1.57539             115968              -0.944919           0.449587            0.309275            -0.656847           -1.81223            0.533225            
1.57887             116224              -0.915461           0.46088             0.299599            -0.66341            -1.75636            0.581555            
1.58235             116480              -0.910484           0.466329            0.297763            -0.668207           -1.74619            0.598845            
1.58582             116736              -0.911125           0.506075            0.296553            -0.710162           -1.74401            0.700471            
1.5893              116992              -0.864848           0.52189             0.278962            -0.717064           -1.64886            0.771445            
1.59278             117248              -0.882554           0.514719            0.285543            -0.712954           -1.68513            0.741371            
1.59626             117504              -0.881363           0.516102            0.284892            -0.714206           -1.68182            0.745764            
1.59974             117760              -0.954594           0.506288            0.309268            -0.717362           -1.82289            0.67245             
1.60321             118016              -0.955247           0.498202            0.310414            -0.709385           -1.82678            0.651259            
1.60669             118272              -0.916682           0.472006            0.298271            -0.674585           -1.75386            0.609403            
1.61017             118528              -0.85998            0.461164            0.278655            -0.651662           -1.6424             0.618738            
1.61365             118784              -0.911969           0.410432            0.29953             -0.6091             -1.75213            0.454345            
1.61712             119040              -0.92033            0.417468            0.301426            -0.617848           -1.76574            0.46695             
1.6206              119296              -0.879204           0.415483            0.287807            -0.607884           -1.6867             0.488832            
1.62408             119552              -0.861301           0.431896            0.280568            -0.621307           -1.64882            0.542697            
1.62756             119808              -0.880128           0.44142             0.288279            -0.635827           -1.68966            0.554736            
1.63103             120064              -0.851337           0.442771            0.277024            -0.630863           -1.62923            0.577112            
1.63451             120320              -0.877374           0.452064            0.28467             -0.645063           -1.67676            0.583878            
1.63799             120576              -0.837243           0.49081             0.269745            -0.678304           -1.59538            0.70972             
1.64147             120832              -0.853357           0.5143              0.275099            -0.70657            -1.62692            0.759434            
1.64495             121088              -0.870891           0.571292            0.277249            -0.768515           -1.65129            0.894188            
1.64842             121344              -0.896828           0.582526            0.285152            -0.785165           -1.69914            0.906041            
1.6519              121600              -0.97622            0.583047            0.312898            -0.801158           -1.85662            0.855101            
1.65538             121856              -1.0289             0.596216            0.329841            -0.824997           -1.9563             0.85438             
1.65886             122112              -1.06507            0.572938            0.343116            -0.807448           -2.02929            0.770829            
1.66233             122368              -1.09249            0.530744            0.355204            -0.769177           -2.08993            0.644518            
1.66581             122624              -1.08083            0.526879            0.350116            -0.762105           -2.06381            0.642291            
1.66929             122880              -1.0737             0.513144            0.349409            -0.746951           -2.05497            0.61165             
1.67277             123136              -1.04351            0.497863            0.339958            -0.725327           -1.99797            0.59226             
1.67624             123392              -1.01365            0.453243            0.330811            -0.672214           -1.94186            0.497313            
1.67972             123648              -0.98419            0.435023            0.322433            -0.64789            -1.88903            0.469861            
1.6832              123904              -0.97271            0.438015            0.317943            -0.648656           -1.86472            0.485094            
1.68668             124160              -0.99295            0.440176            0.32519             -0.65493            -1.90554            0.4773              
1.69016             124416              -0.944669           0.46429             0.307647            -0.670977           -1.8084             0.570957            
1.69363             124672              -0.854308           0.480457            0.275841            -0.670353           -1.6293             0.671811            
1.69711             124928              -0.84232            0.505264            0.271546            -0.694308           -1.60609            0.743256            
1.70059             125184              -0.864919           0.525075            0.277396            -0.718867           -1.64496            0.779308            
1.70407             125440              -0.910672           0.518777            0.294127            -0.721559           -1.73757            0.733035            
1.70754             125696              -0.927024           0.49896             0.301837            -0.704687           -1.77515            0.671394            
1.71102             125952              -0.950643           0.492511            0.308736            -0.701685           -1.8178             0.639345            
1.7145              126208              -1.00391            0.45377             0.328766            -0.671516           -1.92641            0.50493             
1.71798             126464              -0.992295           0.466962            0.324382            -0.683359           -1.90261            0.546467            
1.72145             126720              -0.975597           0.483553            0.31709             -0.697151           -1.86546            0.60006             
1.72493             126976              -0.966254           0.48036             0.31392             -0.691808           -1.84732            0.59799             
1.72841             127232              -0.991726           0.493501            0.32207             -0.710591           -1.89555            0.615042            
1.73189             127488              -0.95099            0.540111            0.307483            -0.752278           -1.81516            0.761395            
1.73537             127744              -0.943373           0.568261            0.302596            -0.779768           -1.79387            0.838699            
1.73884             128000              -0.946133           0.598888            0.302706            -0.812574           -1.79767            0.915483            
1.74232             128256              -0.974671           0.582057            0.313598            -0.800916           -1.85611            0.853576            
1.7458              128512              -0.976165           0.576926            0.313482            -0.795158           -1.85729            0.83941             
1.74928             128768              -0.970537           0.582058            0.31113             -0.79944            -1.84514            0.856315            
1.75275             129024              -0.957613           0.572538            0.308704            -0.787819           -1.82574            0.840284            
1.75623             129280              -0.976383           0.569646            0.315664            -0.788569           -1.86389            0.820517            
1.75971             129536              -0.995822           0.560748            0.321584            -0.7823             -1.89968            0.784908            
1.76319             129792              -0.988331           0.517019            0.320557            -0.735264           -1.88825            0.677658            
1.76666             130048              -0.952424           0.500221            0.310333            -0.711323           -1.82407            0.658053            
1.77014             130304              -0.899445           0.477327            0.292131            -0.676542           -1.71967            0.634133            
1.77362             130560              -0.942813           0.421624            0.309929            -0.626822           -1.81226            0.462627            
1.7771              130816              -0.957399           0.41898             0.31466             -0.626763           -1.83976            0.446268            
1.78058             131072              -0.955544           0.414513            0.314769            -0.621988           -1.83824            0.435981            
1.78405             131328              -0.932154           0.41296             0.306699            -0.615748           -1.7923             0.447392            
1.78753             131584              -0.938588           0.412303            0.309926            -0.616857           -1.80788            0.441415            
1.79101             131840              -1.00243            0.439511            0.330864            -0.657904           -1.93037            0.469327            
1.79449             132096              -0.975542           0.508437            0.317996            -0.724521           -1.86821            0.663961            
1.79796             132352              -0.960542           0.531585            0.311368            -0.745281           -1.83532            0.733147            
1.80144             132608              -0.972475           0.533254            0.316519            -0.750121           -1.86182            0.729599            
1.80492             132864              -0.941277           0.536595            0.306063            -0.747779           -1.80146            0.758667            
1.8084              133120              -0.953294           0.507351            0.309928            -0.718497           -1.82373            0.6757              
1.81187             133376              -0.953631           0.493373            0.310202            -0.703744           -1.82463            0.639646            
1.81535             133632              -0.962353           0.484084            0.31483             -0.696425           -1.84623            0.610069            
1.81883             133888              -0.888737           0.508659            0.287758            -0.707426           -1.69759            0.721469            
1.82231             134144              -0.92631            0.495593            0.301513            -0.701053           -1.77358            0.663237            
1.82579             134400              -0.913593           0.499774            0.29567             -0.702307           -1.74422            0.682364            
1.82926             134656              -0.946866           0.485125            0.309245            -0.694268           -1.81557            0.622909            
1.83274             134912              -0.907957           0.51595             0.294022            -0.718828           -1.73438            0.727633            
1.83622             135168              -0.926714           0.505291            0.30181             -0.711773           -1.77523            0.687923            
1.8397              135424              -0.894226           0.517326            0.288179            -0.716971           -1.70427            0.740217            
1.84317             135680              -0.903775           0.490404            0.292698            -0.690647           -1.72626            0.664827            
1.84665             135936              -0.925167           0.467829            0.301761            -0.671592           -1.7729             0.592847            
1.85013             136192              -0.906275           0.456941            0.29605             -0.656801           -1.73794            0.57732             
1.85361             136448              -0.900179           0.458103            0.291993            -0.655752           -1.72018            0.58439             
1.85708             136704              -0.962031           0.463539            0.31435             -0.674227           -1.84475            0.557685            
1.86056             136960              -0.982349           0.461801            0.321086            -0.676208           -1.8837             0.539879            
1.86404             137216              -0.96674            0.431145            0.317756            -0.641457           -1.85867            0.471444            
1.86752             137472              -0.962794           0.426485            0.316082            -0.635557           -1.84993            0.462111            
1.871               137728              -0.955558           0.426135            0.314458            -0.634162           -1.8385             0.465884            
1.87447             137984              -1.00101            0.395919            0.330935            -0.611342           -1.92902            0.358582            
1.87795             138240              -0.998974           0.419878            0.32864             -0.635598           -1.92087            0.421419            
1.88143             138496              -0.924176           0.486212            0.300171            -0.690709           -1.76749            0.640835            
1.88491             138752              -0.943916           0.487852            0.307738            -0.69677            -1.80836            0.632088            
1.88838             139008              -0.934503           0.49966             0.303024            -0.706528           -1.78602            0.668552            
1.89186             139264              -0.926339           0.489445            0.301375            -0.694756           -1.77321            0.64771             
1.89534             139520              -0.909407           0.501088            0.294925            -0.703578           -1.73842            0.688714            
1.89882             139776              -0.916193           0.51911             0.295878            -0.723406           -1.748              0.730541            
1.90229             140032              -0.935368           0.525705            0.303949            -0.735044           -1.79014            0.734846            
1.90577             140288              -0.966885           0.535537            0.311894            -0.749943           -1.84354            0.739392            
1.90925             140544              -0.972149           0.55037             0.312763            -0.766377           -1.85152            0.774036            
1.91273             140800              -1.00005            0.537199            0.324225            -0.758879           -1.91132            0.721895            
1.91621             141056              -1.01555            0.514283            0.330662            -0.737917           -1.94438            0.652886            
1.91968             141312              -1.00312            0.511283            0.325385            -0.731596           -1.91718            0.65331             
1.92316             141568              -0.982036           0.501992            0.319783            -0.718423           -1.88058            0.643291            
1.92664             141824              -0.971807           0.513343            0.314292            -0.72756            -1.8547             0.679196            
1.93012             142080              -0.968156           0.531791            0.312831            -0.746537           -1.84733            0.728962            
1.93359             142336              -0.947265           0.532624            0.305837            -0.743367           -1.80721            0.744774            
1.93707             142592              -0.927443           0.541697            0.298382            -0.749059           -1.76631            0.781145            
1.94055             142848              -0.91929            0.52819             0.294857            -0.732507           -1.74807            0.751806            
1.94403             143104              -0.925313           0.501615            0.299129            -0.706165           -1.76633            0.679538            
1.9475              143360              -0.936937           0.471705            0.305002            -0.67773            -1.79352            0.595186            
1.95098             143616              -0.934621           0.450581            0.305012            -0.654952           -1.79112            0.54245             
1.95446             143872              -0.957459           0.455785            0.312832            -0.665087           -1.83576            0.540849            
1.95794             144128              -0.899543           0.478287            0.292679            -0.67775            -1.72211            0.636597            
1.96142             144384              -0.925185           0.440601            0.303453            -0.643461           -1.77708            0.522998            
1.96489             144640              -0.944293           0.417907            0.309936            -0.622705           -1.8139             0.45218             
1.96837             144896              -0.93712            0.411742            0.308317            -0.615273           -1.80212            0.441077            
1.97185             145152              -0.937122           0.428406            0.308655            -0.633339           -1.80351            0.483797            
1.97533             145408              -0.924661           0.449158            0.303184            -0.652565           -1.77578            0.545293            
1.9788              145664              -0.956186           0.430188            0.314293            -0.638486           -1.83782            0.475904            
1.98228             145920              -0.893931           0.44376             0.292812            -0.641049           -1.71582            0.551668            
1.98576             146176              -0.833206           0.494126            0.269117            -0.681494           -1.58964            0.7208              
1.98924             146432              -0.860683           0.509353            0.277979            -0.702657           -1.64208            0.741812            
1.99271             146688              -0.912061           0.489495            0.297384            -0.692305           -1.74768            0.657054            
1.99619             146944              -0.916961           0.515219            0.297774            -0.720294           -1.75375            0.719929            
1.99967             147200              -0.893283           0.533642            0.288685            -0.734802           -1.70498            0.782747            
