#Time               nTime               force-x             force-y             force-z             moment-x            moment-y            moment-z            
0                   0                   1.22372e-05         -3.47271e-06        -2.48051e-06        3.97146e-06         2.08971e-05         -8.76843e-06        
0.00347769          256                 -0.267547           0.0149732           0.196894            -0.0192171          -0.83385            0.0365788           
0.00695537          512                 -0.143242           0.00879224          0.131752            -0.0116296          -0.502265           0.0208899           
0.0104331           768                 2.90936             0.0587611           -1.94641            -0.0668343          8.40465             0.150608            
0.0139107           1024                2.23563             0.227136            -1.72322            -0.267487           7.03321             0.572176            
0.0173884           1280                -5.5705             0.211719            3.5239              -0.251875           -15.6059            0.53493             
0.0208661           1536                -1.92893            -0.126879           1.43213             0.151084            -5.93867            -0.317047           
0.0243438           1792                2.15244             -0.182249           -1.28922            0.213913            5.84189             -0.46266            
0.0278215           2048                0.0292405           0.00917903          -0.0389349          -0.0125362          0.134991            0.0207206           
0.0312992           2304                -0.140914           0.093271            0.0143395           -0.109198           -0.203006           0.236739            
0.0347769           2560                -0.0103889          0.0962572           -0.0851308          -0.11387            0.20591             0.242447            
0.0382545           2816                -0.514281           0.0789936           0.283523            -0.0939384          -1.33534            0.198754            
0.0417322           3072                -0.641617           0.0604627           0.379393            -0.0718282          -1.73089            0.152435            
0.0452099           3328                0.0539452           0.0317179           -0.0645808          -0.037408           0.22863             0.0801768           
0.0486876           3584                0.38428             0.0381824           -0.288157           -0.0455318          1.19009             0.0954718           
0.0521653           3840                -0.330403           0.056843            0.172928            -0.0676155          -0.834723           0.142835            
0.055643            4096                -0.47392            0.0458576           0.277929            -0.0543675          -1.27198            0.115588            
0.0591207           4352                -0.100658           0.0267731           0.0437917           -0.0316606          -0.231628           0.06741             
0.0625984           4608                -0.11295            0.0197199           0.0575696           -0.0234042          -0.281139           0.0494874           
0.066076            4864                -0.0734675          0.0156381           0.0352723           -0.0185641          -0.177423           0.0392094           
0.0695537           5120                -0.075265           0.0160975           0.0353004           -0.019078           -0.179679           0.0403885           
0.0730314           5376                -0.076376           0.0175815           0.0346796           -0.0207374          -0.17945            0.0442555           
0.0765091           5632                -0.076776           0.0207666           0.0324184           -0.0245098          -0.174262           0.0522746           
0.0799868           5888                -0.101587           0.0236607           0.0466135           -0.0279202          -0.240078           0.0596073           
0.0834645           6144                -0.0965097          0.0260471           0.0413543           -0.0307158          -0.220719           0.065655            
0.0869422           6400                -0.0921983          0.0295048           0.0356738           -0.0348019          -0.201301           0.0743821           
0.0904198           6656                -0.127975           0.0326149           0.0568517           -0.0384895          -0.297798           0.0822296           
0.0938975           6912                -0.123858           0.0344719           0.0527878           -0.0406689          -0.282633           0.0869373           
0.0973752           7168                -0.140729           0.0359379           0.0627104           -0.042415           -0.327962           0.0906323           
0.100853            7424                -0.145101           0.036039            0.0657526           -0.0425373          -0.340907           0.0908994           
0.104331            7680                -0.138589           0.0352804           0.0619837           -0.0416383          -0.323501           0.0889855           
0.107808            7936                -0.13522            0.0341311           0.0606375           -0.0402641          -0.316064           0.0861105           
0.111286            8192                -0.116433           0.0331179           0.0489887           -0.0390568          -0.264022           0.0835591           
0.114764            8448                -0.100752           0.0328346           0.0388244           -0.0387284          -0.219439           0.0828409           
0.118241            8704                -0.0971519          0.0324419           0.0367272           -0.0382695          -0.209894           0.0818432           
0.121719            8960                -0.105025           0.0325798           0.042031            -0.0384533          -0.232851           0.0821664           
0.125197            9216                -0.104516           0.0332704           0.041044            -0.0392456          -0.229718           0.0839477           
0.128674            9472                -0.101992           0.0336018           0.0391062           -0.0396301          -0.221843           0.0847969           
0.132152            9728                -0.103445           0.033854            0.0400121           -0.0399482          -0.22585            0.0854144           
0.13563             9984                -0.102519           0.0341442           0.039153            -0.0402881          -0.222649           0.0861471           
0.139107            10240               -0.119064           0.0347994           0.0497097           -0.0410828          -0.269219           0.0877821           
0.142585            10496               -0.103216           0.0356771           0.0383673           -0.042105           -0.22152            0.0900159           
0.146063            10752               -0.10402            0.0366566           0.0382823           -0.0432575          -0.222276           0.0924995           
0.149541            11008               -0.115371           0.0371234           0.0453418           -0.0438216          -0.25371            0.093665            
0.153018            11264               -0.136588           0.0366806           0.0596893           -0.0433             -0.315503           0.0925601           
0.156496            11520               -0.122656           0.0357595           0.0513357           -0.042206           -0.277619           0.0902423           
0.159974            11776               -0.118402           0.0342962           0.0498102           -0.0405097          -0.268575           0.0865157           
0.163451            12032               -0.117062           0.0322019           0.0506207           -0.0380101          -0.268937           0.0812594           
0.166929            12288               -0.110728           0.0296998           0.0482708           -0.0350464          -0.255315           0.0749697           
0.170407            12544               -0.105591           0.0269102           0.0474147           -0.0317691          -0.24714            0.0679112           
0.173884            12800               -0.0964811          0.0251614           0.0428647           -0.0297263          -0.224497           0.0634639           
0.177362            13056               -0.0639142          0.0234588           0.0219297           -0.0276587          -0.132382           0.0592277           
0.18084             13312               -0.0769948          0.0233563           0.0311614           -0.0275718          -0.171544           0.0589433           
0.184317            13568               -0.0984366          0.0228061           0.0456349           -0.0269308          -0.233765           0.0575516           
0.187795            13824               -0.0609991          0.022287            0.0213433           -0.02632            -0.127455           0.0562218           
0.191273            14080               -0.0884364          0.0224291           0.0393045           -0.0264806          -0.205804           0.0566006           
0.19475             14336               -0.0631864          0.022691            0.0221423           -0.0267952          -0.131962           0.0572417           
0.198228            14592               -0.0762595          0.02235             0.0312182           -0.0263841          -0.170821           0.0564072           
0.201706            14848               -0.0760983          0.022564            0.0307986           -0.0266417          -0.169417           0.056937            
0.205183            15104               -0.0907224          0.022223            0.0411817           -0.0262546          -0.213206           0.056083            
0.208661            15360               -0.0788748          0.0201903           0.0347648           -0.0238101          -0.182774           0.050998            
0.212139            15616               -0.0568243          0.0195213           0.0206982           -0.0230547          -0.120618           0.0492536           
0.215617            15872               -0.0556176          0.0196952           0.0194726           -0.0232602          -0.116274           0.0496975           
0.219094            16128               -0.0762625          0.0208627           0.0323913           -0.0246432          -0.173593           0.0526432           
0.222572            16384               -0.0745105          0.0206841           0.0313602           -0.0244286          -0.168963           0.052203            
0.22605             16640               -0.0812963          0.0203253           0.0364061           -0.0240023          -0.189828           0.0513052           
0.229527            16896               -0.0636037          0.0202186           0.0243751           -0.0238779          -0.138159           0.051026            
0.233005            17152               -0.0860554          0.0200394           0.0393857           -0.0236703          -0.203041           0.0505773           
0.236483            17408               -0.0747451          0.0196979           0.0323701           -0.023278           -0.171734           0.0496992           
0.23996             17664               -0.0488074          0.0206623           0.0144223           -0.0244031          -0.0952305          0.0521517           
0.243438            17920               -0.0763932          0.0211928           0.0320334           -0.0250099          -0.172918           0.0535118           
0.246916            18176               -0.0741306          0.0213937           0.0308975           -0.0253022          -0.167272           0.0539574           
0.250393            18432               -0.0578735          0.0208477           0.0201872           -0.0246148          -0.120653           0.0526137           
0.253871            18688               -0.0553943          0.0218982           0.0176096           -0.0258741          -0.11144            0.0552529           
0.257349            18944               -0.0777895          0.0237451           0.0311576           -0.0280645          -0.172511           0.0599085           
0.260826            19200               -0.0665518          0.0253744           0.0222382           -0.0299772          -0.136395           0.0640138           
0.264304            19456               -0.090964           0.0266071           0.0377765           -0.0314334          -0.205151           0.0671476           
0.267782            19712               -0.0991826          0.0272171           0.0427249           -0.0321679          -0.227357           0.068668            
0.27126             19968               -0.0771401          0.0264374           0.02865             -0.0312235          -0.165433           0.0667308           
0.274737            20224               -0.0925816          0.0265773           0.0391136           -0.0314401          -0.210604           0.0670233           
0.278215            20480               -0.0793617          0.0273064           0.0293034           -0.0322863          -0.169693           0.0688738           
0.281693            20736               -0.0782367          0.0280294           0.028313            -0.0331251          -0.165988           0.0707262           
0.28517             20992               -0.0918052          0.0289265           0.0363346           -0.034182           -0.202453           0.0729855           
0.288648            21248               -0.10851            0.0288628           0.0478424           -0.0341237          -0.251679           0.0728192           
0.292126            21504               -0.061545           0.0284976           0.0169113           -0.0336817          -0.117115           0.0718968           
0.295603            21760               -0.0693644          0.0294486           0.0208639           -0.0347955          -0.13673            0.0743062           
0.299081            22016               -0.115001           0.031429            0.0494793           -0.0371677          -0.263687           0.0792631           
0.302559            22272               -0.0798836          0.0319757           0.0260933           -0.0378064          -0.162509           0.0806523           
0.306036            22528               -0.09607            0.03336             0.0355617           -0.0394319          -0.205862           0.0841622           
0.309514            22784               -0.0865368          0.0353609           0.0277509           -0.041792           -0.174757           0.0892026           
0.312992            23040               -0.115947           0.0364787           0.0461728           -0.0430798          -0.256656           0.092093            
0.316469            23296               -0.105254           0.0373946           0.0383903           -0.0441963          -0.224052           0.0943443           
0.319947            23552               -0.108169           0.0378654           0.0401487           -0.0447309          -0.23216            0.0955678           
0.323425            23808               -0.117805           0.0388383           0.0460531           -0.0458947          -0.258667           0.0980137           
0.326903            24064               -0.13006            0.0391841           0.0536176           -0.0463146          -0.292335           0.0988776           
0.33038             24320               -0.12792            0.0378575           0.0531771           -0.0447282          -0.288683           0.0955394           
0.333858            24576               -0.110916           0.0367459           0.0429918           -0.0434303          -0.242401           0.0927192           
0.337336            24832               -0.109004           0.0364778           0.0421111           -0.0431329          -0.237945           0.0920188           
0.340813            25088               -0.134719           0.0352917           0.0599585           -0.0417135          -0.313991           0.0890581           
0.344291            25344               -0.109745           0.0337638           0.0447159           -0.0399351          -0.245293           0.0851569           
0.347769            25600               -0.0940731          0.0327726           0.0350828           -0.0387665          -0.202097           0.0826476           
0.351246            25856               -0.107033           0.032004            0.0441919           -0.037825           -0.240807           0.0807639           
0.354724            26112               -0.0998133          0.0312656           0.0397003           -0.0369538          -0.220672           0.0788924           
0.358202            26368               -0.0841371          0.0309281           0.0298238           -0.0365718          -0.176869           0.078017            
0.361679            26624               -0.105883           0.0304672           0.0448112           -0.0360264          -0.240904           0.0768744           
0.365157            26880               -0.127414           0.0284972           0.0607514           -0.0337083          -0.306989           0.0719012           
0.368635            27136               -0.0972843          0.0256761           0.0431076           -0.0303537          -0.226057           0.0647966           
0.372112            27392               -0.0826558          0.0231155           0.0353464           -0.0273389          -0.188801           0.0583196           
0.37559             27648               -0.0748142          0.0213707           0.0313151           -0.0252501          -0.169224           0.0539482           
0.379068            27904               -0.0570249          0.0209328           0.0199334           -0.0247488          -0.119203           0.0528113           
0.382546            28160               -0.0400818          0.0222652           0.00739952          -0.0263422          -0.0671302          0.056136            
0.386023            28416               -0.0666061          0.0240305           0.0238914           -0.0284325          -0.14072            0.0605982           
0.389501            28672               -0.0623829          0.0252659           0.0198589           -0.0298736          -0.125459           0.0637349           
0.392979            28928               -0.068949           0.0266441           0.0234166           -0.0314879          -0.142575           0.0672278           
0.396456            29184               -0.0721107          0.0295347           0.0228549           -0.0349119          -0.144838           0.0745103           
0.399934            29440               -0.0878374          0.0312995           0.0318403           -0.0369789          -0.186568           0.0789903           
0.403412            29696               -0.10283            0.0325153           0.0411574           -0.0384586          -0.228062           0.0820087           
0.406889            29952               -0.0981995          0.03364             0.0370269           -0.0398033          -0.212186           0.084826            
0.410367            30208               -0.119468           0.034785            0.0501525           -0.0411365          -0.270791           0.0877495           
0.413845            30464               -0.0998004          0.0358379           0.0360611           -0.0423381          -0.211597           0.0904475           
0.417322            30720               -0.109693           0.036523            0.0421957           -0.0431837          -0.238902           0.0921418           
0.4208              30976               -0.123128           0.0359783           0.0517718           -0.0425587          -0.279252           0.0907416           
0.424278            31232               -0.120245           0.0343668           0.0512703           -0.040651           -0.274545           0.0866785           
0.427755            31488               -0.0975512          0.0331799           0.0370685           -0.0392493          -0.211303           0.0836797           
0.431233            31744               -0.106702           0.032575            0.0436458           -0.038532           -0.238972           0.0821692           
0.434711            32000               -0.108969           0.0313754           0.0456937           -0.0370881          -0.246786           0.0791658           
0.438188            32256               -0.0734523          0.0305339           0.0230128           -0.0361114          -0.14672            0.0769998           
0.441666            32512               -0.0625853          0.0314021           0.0149938           -0.0371338          -0.113623           0.0792028           
0.445144            32768               -0.107111           0.0340985           0.0423361           -0.0403443          -0.236109           0.0859789           
0.448622            33024               -0.103569           0.0334973           0.0407069           -0.0395723          -0.227795           0.0845452           
0.452099            33280               -0.102665           0.0326584           0.040875            -0.038628           -0.227143           0.0823783           
0.455577            33536               -0.0802254          0.0318648           0.0264647           -0.0376719          -0.163866           0.0803854           
0.459055            33792               -0.0939591          0.0334233           0.0344455           -0.0395482          -0.200561           0.0842751           
0.462532            34048               -0.114297           0.0343759           0.0470825           -0.0406502          -0.256865           0.0867153           
0.46601             34304               -0.101828           0.0345846           0.0388163           -0.0408869          -0.220955           0.087252            
0.469488            34560               -0.0882139          0.0349978           0.0293338           -0.0414087          -0.180694           0.0882428           
0.472965            34816               -0.0985284          0.0357816           0.0354529           -0.0422751          -0.208667           0.0903043           
0.476443            35072               -0.119313           0.0361944           0.0488829           -0.0427858          -0.267407           0.0913276           
0.479921            35328               -0.1012             0.0356422           0.0374843           -0.0421427          -0.216893           0.0899106           
0.483398            35584               -0.112599           0.0351303           0.0453174           -0.0415493          -0.2504             0.0886084           
0.486876            35840               -0.095975           0.03555             0.0344772           -0.042078           -0.202998           0.0896123           
0.490354            36096               -0.111302           0.0359166           0.0437322           -0.0424669          -0.244832           0.0906114           
0.493831            36352               -0.128441           0.0351384           0.0556378           -0.0415388          -0.295454           0.0886557           
0.497309            36608               -0.0957972          0.034945            0.0346348           -0.0413111          -0.2031             0.088159            
0.500787            36864               -0.0902759          0.0346628           0.0308441           -0.0409901          -0.186971           0.0874305           
0.504265            37120               -0.119114           0.0354173           0.0492515           -0.0419041          -0.268064           0.0893041           
0.507742            37376               -0.113801           0.0353575           0.0459654           -0.0417918          -0.253367           0.0892146           
0.51122             37632               -0.0980053          0.0347526           0.0359245           -0.0410909          -0.208977           0.0876592           
0.514698            37888               -0.115225           0.0341564           0.0480092           -0.0404062          -0.260215           0.0861371           
0.518175            38144               -0.118504           0.0337088           0.0509752           -0.0398987          -0.271632           0.0849915           
0.521653            38400               -0.110573           0.0322393           0.0462335           -0.0381318          -0.250041           0.0813327           
0.525131            38656               -0.0925021          0.0308208           0.035242            -0.0364218          -0.200459           0.0777771           
0.528608            38912               -0.0952912          0.0301236           0.037708            -0.0356161          -0.210253           0.0759987           
0.532086            39168               -0.0956961          0.0305468           0.0377566           -0.0361623          -0.210654           0.076995            
0.535564            39424               -0.0881676          0.0299278           0.0333881           -0.0354021          -0.190708           0.0754864           
0.539041            39680               -0.0853342          0.0295162           0.0317611           -0.0349088          -0.183197           0.0744472           
0.542519            39936               -0.080523           0.0300953           0.0282159           -0.0355896          -0.168469           0.0759098           
0.545997            40192               -0.0813484          0.0307922           0.0280067           -0.0363992          -0.168943           0.0776922           
0.549474            40448               -0.0849178          0.032285            0.0288438           -0.0381584          -0.175453           0.0814593           
0.552952            40704               -0.116531           0.033727            0.0486517           -0.0398605          -0.263478           0.0851076           
0.55643             40960               -0.0963431          0.034595            0.0348667           -0.0409201          -0.204288           0.087247            
0.559907            41216               -0.0973998          0.0353629           0.0346514           -0.0418147          -0.20519            0.0892021           
0.563385            41472               -0.121349           0.0360823           0.0502141           -0.0426892          -0.273231           0.0909869           
0.566863            41728               -0.0994324          0.0359983           0.0362227           -0.0425547          -0.211587           0.0908127           
0.570341            41984               -0.115674           0.0360633           0.0468313           -0.0426294          -0.257931           0.0909895           
0.573818            42240               -0.105234           0.0354294           0.0401114           -0.0418937          -0.228209           0.0893636           
0.577296            42496               -0.0952774          0.0347301           0.0343224           -0.0410656          -0.2018             0.0876              
0.580774            42752               -0.079823           0.0352912           0.0234691           -0.0417307          -0.155804           0.0890091           
0.584251            43008               -0.0926155          0.0365782           0.0306845           -0.0432723          -0.189359           0.0922244           
0.587729            43264               -0.098319           0.0390151           0.0328409           -0.04614            -0.20187            0.098404            
0.591207            43520               -0.140687           0.0409796           0.0588166           -0.0484491          -0.318409           0.103373            
0.594684            43776               -0.115797           0.0414236           0.0425028           -0.0489779          -0.247201           0.104482            
0.598162            44032               -0.129438           0.0412546           0.0518864           -0.0487944          -0.287253           0.104055            
0.60164             44288               -0.137685           0.0398978           0.0583404           -0.0471944          -0.31351            0.100618            
0.605117            44544               -0.154696           0.0385383           0.0710487           -0.0455888          -0.366014           0.0972021           
0.608595            44800               -0.139008           0.0358185           0.0624099           -0.0423768          -0.325165           0.0903391           
0.612073            45056               -0.114764           0.0328508           0.048761            -0.038876           -0.261455           0.0828338           
0.61555             45312               -0.100651           0.0308061           0.040862            -0.0364687          -0.224595           0.0776693           
0.619028            45568               -0.11481            0.0300287           0.0509721           -0.0355347          -0.267073           0.0757192           
0.622506            45824               -0.086441           0.028825            0.0328682           -0.0340825          -0.187137           0.0727185           
0.625984            46080               -0.0832539          0.0279547           0.0315489           -0.0330836          -0.180005           0.0704898           
0.629461            46336               -0.0967062          0.0277595           0.0408214           -0.0328573          -0.219663           0.0699793           
0.632939            46592               -0.0839088          0.0264832           0.0331616           -0.0313197          -0.184777           0.0668054           
0.636417            46848               -0.0648982          0.0256332           0.0213514           -0.0303675          -0.132245           0.0645826           
0.639894            47104               -0.0546803          0.0273676           0.0129856           -0.0323899          -0.0989441          0.0689724           
0.643372            47360               -0.0606775          0.0306667           0.0144326           -0.0362726          -0.109854           0.0773228           
0.64685             47616               -0.103836           0.0334311           0.0404848           -0.0395273          -0.227572           0.0843254           
0.650327            47872               -0.101874           0.0349103           0.0383309           -0.0412688          -0.219779           0.0880711           
0.653805            48128               -0.0931093          0.0357008           0.0321596           -0.0422259          -0.193774           0.0900352           
0.657283            48384               -0.119711           0.0372676           0.0482778           -0.0440724          -0.266318           0.0939923           
0.66076             48640               -0.0873347          0.0376351           0.0264897           -0.0444762          -0.172562           0.0949429           
0.664238            48896               -0.120016           0.0392157           0.0470215           -0.0463997          -0.263768           0.0988686           
0.667716            49152               -0.12289            0.0410266           0.0474167           -0.0485274          -0.268159           0.103449            
0.671193            49408               -0.155784           0.0418286           0.0689073           -0.0494747          -0.361949           0.105506            
0.674671            49664               -0.12784            0.0404063           0.0509241           -0.0477688          -0.28285            0.101934            
0.678149            49920               -0.131528           0.0390604           0.0550739           -0.0462052          -0.297773           0.0985177           
0.681626            50176               -0.135616           0.0379322           0.058558            -0.0448959          -0.311407           0.095634            
0.685104            50432               -0.120603           0.0354387           0.0502498           -0.0418781          -0.272315           0.089423            
0.688582            50688               -0.125575           0.0330695           0.0558041           -0.0391303          -0.292232           0.0833942           
0.69206             50944               -0.0955929          0.030695            0.0377407           -0.036344           -0.210536           0.0773696           
0.695537            51200               -0.0865667          0.0291076           0.0329385           -0.0344247          -0.187658           0.0734266           
0.699015            51456               -0.0926317          0.0290251           0.0372316           -0.0343226          -0.205679           0.0732161           
0.702493            51712               -0.0610231          0.0289688           0.0161741           -0.0342395          -0.114541           0.0730991           
0.70597             51968               -0.0790137          0.0293783           0.0275345           -0.0347192          -0.164931           0.074122            
0.709448            52224               -0.0975406          0.0306786           0.0387076           -0.0362629          -0.215373           0.0773894           
0.712926            52480               -0.0886406          0.0308782           0.0331316           -0.0365262          -0.190752           0.0778785           
0.716403            52736               -0.0925651          0.0309352           0.0354116           -0.0365791          -0.201108           0.0780322           
0.719881            52992               -0.0884701          0.0318156           0.0323144           -0.0376376          -0.18849            0.0802232           
0.723359            53248               -0.0792922          0.0327384           0.025492            -0.038735           -0.160153           0.0825373           
0.726836            53504               -0.0894635          0.0334075           0.031449            -0.0394964          -0.187718           0.0842727           
0.730314            53760               -0.119163           0.0353355           0.0496328           -0.0417916          -0.269111           0.0891024           
0.733792            54016               -0.102972           0.0354192           0.0387746           -0.0418649          -0.22236            0.0893612           
0.73727             54272               -0.119293           0.0359043           0.049417            -0.042477           -0.268827           0.0905401           
0.740747            54528               -0.11384            0.0357873           0.0456135           -0.0422981          -0.252438           0.0902951           
0.744225            54784               -0.0974224          0.0354704           0.0352287           -0.041941           -0.206702           0.0894626           
0.747703            55040               -0.116403           0.0348523           0.0483525           -0.0412161          -0.262565           0.0879126           
0.75118             55296               -0.0914361          0.0350147           0.031577            -0.0414024          -0.19015            0.0883184           
0.754658            55552               -0.089876           0.0361056           0.029224            -0.0426781          -0.182409           0.0910822           
0.758136            55808               -0.120632           0.0370852           0.0491349           -0.0438274          -0.269729           0.0935735           
0.761613            56064               -0.132993           0.037351            0.0578459           -0.0441955          -0.306624           0.094187            
0.765091            56320               -0.112887           0.0359377           0.044712            -0.0424784          -0.24909            0.0906731           
0.768569            56576               -0.121379           0.0345138           0.0522147           -0.0408298          -0.2784             0.0870393           
0.772046            56832               -0.110557           0.0341911           0.045475            -0.0404656          -0.248279           0.0862006           
0.775524            57088               -0.0924984          0.0342239           0.0328695           -0.0404438          -0.19469            0.0863526           
0.779002            57344               -0.118994           0.0344141           0.0504337           -0.040688           -0.270913           0.0868184           
0.782479            57600               -0.0961557          0.03402             0.0356274           -0.0402004          -0.205965           0.085846            
0.785957            57856               -0.0964375          0.0330423           0.0363659           -0.0390819          -0.208216           0.083327            
0.789435            58112               -0.110001           0.0326316           0.0458201           -0.0385873          -0.248404           0.0823001           
0.792912            58368               -0.103604           0.0319481           0.0426128           -0.0377929          -0.232629           0.0805731           
0.79639             58624               -0.0976326          0.0308223           0.0392806           -0.0364411          -0.216973           0.0777625           
0.799868            58880               -0.0940175          0.0304727           0.0368046           -0.0360485          -0.206285           0.0768341           
0.803346            59136               -0.0757871          0.0302564           0.0250473           -0.0357831          -0.154897           0.0763007           
0.806823            59392               -0.0765003          0.0321219           0.0237704           -0.0380028          -0.152488           0.0809871           
0.810301            59648               -0.105051           0.0347633           0.0407023           -0.0411206          -0.229644           0.0876546           
0.813779            59904               -0.12827            0.0361311           0.0550868           -0.0427117          -0.293756           0.0911606           
0.817256            60160               -0.107993           0.0350573           0.0425017           -0.0414311          -0.237633           0.0884511           
0.820734            60416               -0.110784           0.0344491           0.0451285           -0.0407273          -0.24761            0.0868975           
0.824212            60672               -0.0979871          0.0336608           0.0372832           -0.0398259          -0.212457           0.0848661           
0.827689            60928               -0.0933349          0.033555            0.0340706           -0.0396928          -0.198762           0.0846255           
0.831167            61184               -0.0966993          0.0339237           0.0357764           -0.040083           -0.20707            0.0855892           
0.834645            61440               -0.0943165          0.0346469           0.0338945           -0.0409509          -0.199511           0.0874067           
0.838122            61696               -0.10313            0.0346629           0.0396878           -0.04097            -0.224791           0.0874629           
0.8416              61952               -0.0980176          0.0351136           0.0356412           -0.0415165          -0.208357           0.0885527           
0.845078            62208               -0.116627           0.0353302           0.0479464           -0.0417878          -0.261879           0.0891034           
0.848555            62464               -0.104479           0.0349012           0.0405348           -0.0412585          -0.228528           0.0880493           
0.852033            62720               -0.0870044          0.0362177           0.0276525           -0.0428545          -0.175005           0.0912922           
0.855511            62976               -0.109111           0.0373225           0.0415353           -0.0441135          -0.236689           0.0941711           
0.858989            63232               -0.116074           0.0384943           0.0452451           -0.0455361          -0.254416           0.0970769           
0.862466            63488               -0.133087           0.0377889           0.0571456           -0.0446996          -0.304948           0.0953153           
0.865944            63744               -0.122914           0.0369855           0.0510631           -0.0437424          -0.277169           0.0932848           
0.869422            64000               -0.0998369          0.0361102           0.0362073           -0.0426954          -0.212085           0.0910811           
0.872899            64256               -0.132296           0.0359576           0.0580444           -0.042535           -0.306168           0.0906899           
0.876377            64512               -0.11338            0.0343433           0.0467533           -0.0406164          -0.254754           0.0866297           
0.879855            64768               -0.122884           0.0311018           0.0557261           -0.0367956          -0.288905           0.0784449           
0.883332            65024               -0.0804968          0.0287689           0.0299166           -0.0340502          -0.172657           0.0725235           
0.88681             65280               -0.0572283          0.0292887           0.0136297           -0.0346292          -0.103748           0.0738802           
0.890288            65536               -0.0853169          0.0308765           0.0305269           -0.03653            -0.180166           0.0778409           
0.893765            65792               -0.098874           0.0318965           0.0389815           -0.0377211          -0.217788           0.080451            
0.897243            66048               -0.0820398          0.0323114           0.0275007           -0.0382062          -0.168508           0.0815037           
0.900721            66304               -0.0904573          0.0328914           0.0326689           -0.0389022          -0.191787           0.082959            
0.904198            66560               -0.0935373          0.03434             0.033491            -0.0406389          -0.197605           0.0865675           
0.907676            66816               -0.0900778          0.0362574           0.0294466           -0.0428809          -0.183254           0.0914377           
0.911154            67072               -0.108601           0.0381266           0.0403947           -0.0450973          -0.233118           0.0961456           
0.914631            67328               -0.122712           0.0390772           0.0488958           -0.0461912          -0.27164            0.098583            
0.918109            67584               -0.116285           0.038768            0.0449825           -0.0458307          -0.253968           0.0978052           
0.921587            67840               -0.109168           0.0381084           0.0408224           -0.0450907          -0.234877           0.0960884           
0.925065            68096               -0.106998           0.037788            0.0393559           -0.0446525          -0.228679           0.0953558           
0.928542            68352               -0.133142           0.0380212           0.057066            -0.0449927          -0.30485            0.0958643           
0.93202             68608               -0.120287           0.037026            0.0491666           -0.0438043          -0.269272           0.0933747           
0.935498            68864               -0.100376           0.0354798           0.036771            -0.0419342          -0.213991           0.0895132           
0.938975            69120               -0.114609           0.0349493           0.0466858           -0.0413553          -0.256196           0.0881156           
0.942453            69376               -0.105365           0.0343739           0.0412308           -0.0406542          -0.231344           0.0867034           
0.945931            69632               -0.109369           0.0343755           0.0439539           -0.0406647          -0.242976           0.0867008           
0.949408            69888               -0.106928           0.0341994           0.0424147           -0.0404297          -0.236058           0.0862761           
0.952886            70144               -0.110318           0.032996            0.0456719           -0.0390178          -0.248344           0.0832364           
0.956364            70400               -0.0915252          0.0316943           0.0342656           -0.0375082          -0.196946           0.0799073           
0.959841            70656               -0.0967823          0.0306147           0.038319            -0.0362195          -0.213545           0.0772093           
0.963319            70912               -0.0847072          0.0305785           0.0304008           -0.0361688          -0.178928           0.0771218           
0.966797            71168               -0.105607           0.030452            0.0445942           -0.0360119          -0.240047           0.0768196           
0.970275            71424               -0.0798733          0.0300571           0.0276692           -0.0355518          -0.166201           0.0758014           
0.973752            71680               -0.0726658          0.0300722           0.0228898           -0.0355743          -0.145572           0.0758425           
0.97723             71936               -0.0711929          0.0313615           0.0209414           -0.0370887          -0.139014           0.0790953           
0.980708            72192               -0.0735216          0.0339211           0.0202816           -0.0400887          -0.140158           0.0855818           
0.984185            72448               -0.104546           0.0362898           0.0388651           -0.0428997          -0.224452           0.0915496           
0.987663            72704               -0.106185           0.0380301           0.0387938           -0.0449726          -0.226223           0.0959138           
0.991141            72960               -0.111151           0.0385638           0.0420239           -0.0456065          -0.24037            0.0972804           
0.994618            73216               -0.104988           0.0385033           0.0377138           -0.0455015          -0.222136           0.0971545           
0.998096            73472               -0.109202           0.038687            0.0404271           -0.0457359          -0.233901           0.0975899           
1.00157             73728               -0.133258           0.0386364           0.0566786           -0.0457036          -0.304056           0.097427            
1.00505             73984               -0.145714           0.0373543           0.0660911           -0.0441677          -0.342629           0.0942504           
1.00853             74240               -0.0873656          0.0361913           0.0278225           -0.0428241          -0.175751           0.0912471           
1.01201             74496               -0.115464           0.035715            0.0468654           -0.0422069          -0.257744           0.0901303           
1.01548             74752               -0.110441           0.0361307           0.0430135           -0.0427277          -0.241854           0.0911276           
1.01896             75008               -0.101506           0.0358435           0.0375965           -0.0423904          -0.217529           0.0904059           
1.02244             75264               -0.111202           0.0357868           0.0440149           -0.042326           -0.245272           0.0902467           
1.02592             75520               -0.113288           0.0356563           0.045996            -0.0421678          -0.252847           0.0899241           
1.0294              75776               -0.10237            0.0347673           0.0391574           -0.041106           -0.222413           0.0877081           
1.03287             76032               -0.0995641          0.033489            0.0383642           -0.039589           -0.217004           0.0844797           
1.03635             76288               -0.0937149          0.0326025           0.0350734           -0.0385461          -0.201789           0.0822512           
1.03983             76544               -0.103274           0.0315863           0.042147            -0.0373556          -0.231088           0.07967             
1.04331             76800               -0.0870423          0.0319417           0.0310817           -0.0378248          -0.183495           0.0804926           
1.04678             77056               -0.102741           0.0315881           0.0416948           -0.0373595          -0.229313           0.0796762           
1.05026             77312               -0.0995761          0.0320374           0.0393394           -0.037876           -0.21955            0.0808159           
1.05374             77568               -0.0846417          0.0335882           0.0278425           -0.0397087          -0.172517           0.0847113           
1.05722             77824               -0.0990609          0.0347883           0.0365309           -0.0411226          -0.211806           0.0877611           
1.06069             78080               -0.094993           0.0347696           0.033931            -0.0411186          -0.200421           0.0876904           
1.06417             78336               -0.128046           0.0348825           0.0560282           -0.0413054          -0.296003           0.0879014           
1.06765             78592               -0.1125             0.0356429           0.045286            -0.0421653          -0.250171           0.0898915           
1.07113             78848               -0.0941801          0.0355992           0.0326413           -0.0420604          -0.196161           0.0898409           
1.07461             79104               -0.0980427          0.0373994           0.0337721           -0.0442196          -0.203504           0.0943323           
1.07808             79360               -0.122066           0.0376412           0.0499161           -0.0444899          -0.273427           0.0949896           
1.08156             79616               -0.125683           0.0371773           0.0525004           -0.0439635          -0.28424            0.0937787           
1.08504             79872               -0.106175           0.0361742           0.0406846           -0.0428127          -0.230885           0.0911995           
1.08852             80128               -0.0867463          0.0353489           0.0280535           -0.0418201          -0.175611           0.0891252           
1.09199             80384               -0.120084           0.0358164           0.0498928           -0.0423615          -0.270911           0.0903253           
1.09547             80640               -0.137844           0.0350567           0.0621473           -0.0414575          -0.323098           0.0884399           
1.09895             80896               -0.0887577          0.0333979           0.0312367           -0.039486           -0.186153           0.0842606           
1.10243             81152               -0.0751594          0.0334043           0.0217698           -0.0395141          -0.14579            0.0842303           
1.1059              81408               -0.086089           0.0345159           0.0281574           -0.0408093          -0.175044           0.0870323           
1.10938             81664               -0.118853           0.0355746           0.0494945           -0.0420783          -0.268408           0.0897306           
1.11286             81920               -0.104741           0.0339122           0.04099             -0.0400857          -0.229891           0.0855569           
1.11634             82176               -0.0752083          0.0342262           0.0212406           -0.0404855          -0.144591           0.0862838           
1.11981             82432               -0.117528           0.0362369           0.0479398           -0.0428879          -0.262925           0.0913518           
1.12329             82688               -0.12841            0.036502            0.0545925           -0.0431735          -0.292673           0.0920557           
1.12677             82944               -0.0969185          0.0356201           0.0349819           -0.0421126          -0.205317           0.0898553           
1.13025             83200               -0.0982489          0.0347319           0.0363412           -0.0410613          -0.210374           0.0876165           
1.13373             83456               -0.114302           0.0346021           0.0469586           -0.0409175          -0.256491           0.0872601           
1.1372              83712               -0.0913194          0.0355888           0.030947            -0.0420909          -0.188475           0.0897635           
1.14068             83968               -0.11905            0.0362911           0.0488058           -0.0429494          -0.266939           0.0915088           
1.14416             84224               -0.0947959          0.0358893           0.0327147           -0.0424227          -0.19697            0.0905276           
1.14764             84480               -0.0942221          0.0367166           0.0321583           -0.0434388          -0.195005           0.0925764           
1.15111             84736               -0.129325           0.036964            0.0549641           -0.0437145          -0.29485            0.0932357           
1.15459             84992               -0.113798           0.0362794           0.0454306           -0.0429049          -0.252045           0.0915128           
1.15807             85248               -0.0897525          0.0362258           0.0288797           -0.0428377          -0.181388           0.0913591           
1.16155             85504               -0.12247            0.0373101           0.0499308           -0.0441321          -0.273964           0.0940778           
1.16502             85760               -0.0956139          0.0389828           0.0309718           -0.0461245          -0.193618           0.0982697           
1.1685              86016               -0.0975769          0.0392248           0.0320627           -0.0463565          -0.198892           0.0989733           
1.17198             86272               -0.133357           0.0397369           0.055572            -0.0469966          -0.301291           0.100211            
1.17546             86528               -0.131531           0.0392492           0.0549303           -0.0464234          -0.297421           0.0989844           
1.17894             86784               -0.130404           0.0379587           0.0547003           -0.0448981          -0.295392           0.0957281           
1.18241             87040               -0.108348           0.0369624           0.0410853           -0.0436833          -0.234544           0.0932532           
1.18589             87296               -0.117799           0.0369245           0.0476744           -0.0437162          -0.262514           0.0930708           
1.18937             87552               -0.121721           0.0361393           0.0504783           -0.0427343          -0.274255           0.0911499           
1.19285             87808               -0.122699           0.03489             0.0524014           -0.0412659          -0.280365           0.0879939           
1.19632             88064               -0.0843081          0.0337314           0.0273836           -0.0398643          -0.170951           0.0851054           
1.1998              88320               -0.099762           0.0345222           0.0373943           -0.0408544          -0.214884           0.0870351           
1.20328             88576               -0.0844257          0.0347588           0.0267423           -0.0410688          -0.169474           0.0876981           
1.20676             88832               -0.106222           0.0349596           0.041316            -0.0413422          -0.232621           0.0881643           
1.21023             89088               -0.113275           0.0354307           0.0458616           -0.0419485          -0.252543           0.0893035           
1.21371             89344               -0.122791           0.0353499           0.05203             -0.0418135          -0.279568           0.0891473           
1.21719             89600               -0.106027           0.0354784           0.040386            -0.0419604          -0.229926           0.0894614           
1.22067             89856               -0.115359           0.0349265           0.0474344           -0.0412869          -0.258788           0.0881212           
1.22415             90112               -0.109674           0.0327419           0.0453556           -0.0387113          -0.246843           0.0825892           
1.22762             90368               -0.119454           0.0312073           0.0532236           -0.0369252          -0.278355           0.0786898           
1.2311              90624               -0.0763789          0.0303447           0.0254103           -0.0359029          -0.156326           0.0765128           
1.23458             90880               -0.0720913          0.0297717           0.0226512           -0.0351719          -0.144374           0.0751309           
1.23806             91136               -0.094338           0.0307254           0.0369131           -0.0363657          -0.20696            0.077442            
1.24153             91392               -0.0786827          0.0317516           0.025306            -0.0375167          -0.159015           0.0801077           
1.24501             91648               -0.0992173          0.0334296           0.0379203           -0.039537           -0.215532           0.0843009           
1.24849             91904               -0.0868799          0.0345326           0.0286307           -0.040816           -0.177177           0.087113            
1.25197             92160               -0.086111           0.0350942           0.0277856           -0.0414798          -0.174245           0.0885172           
1.25544             92416               -0.110455           0.0362858           0.0430712           -0.0429052          -0.242158           0.0915095           
1.25892             92672               -0.0877314          0.0373015           0.0271511           -0.0440851          -0.174627           0.094103            
1.2624              92928               -0.111643           0.0390723           0.0414852           -0.046211           -0.23962            0.0985252           
1.26588             93184               -0.112784           0.0395279           0.0419693           -0.046725           -0.242114           0.0997148           
1.26936             93440               -0.128401           0.0385196           0.0530668           -0.0455352          -0.289064           0.0971673           
1.27283             93696               -0.133547           0.0373391           0.0578894           -0.0441664          -0.307417           0.0941572           
1.27631             93952               -0.108817           0.0365008           0.0417459           -0.0431452          -0.236774           0.092069            
1.27979             94208               -0.0906349          0.0379279           0.0288594           -0.0448925          -0.182485           0.0955999           
1.28327             94464               -0.127499           0.0393694           0.0520386           -0.046565           -0.285328           0.0992909           
1.28674             94720               -0.135335           0.0391001           0.0574206           -0.0462283          -0.308115           0.0986317           
1.29022             94976               -0.0997096          0.0368552           0.03538             -0.0435606          -0.209731           0.0929789           
1.2937              95232               -0.117049           0.0355667           0.0480198           -0.0420987          -0.262583           0.0896599           
1.29718             95488               -0.125756           0.0346163           0.0547512           -0.0409574          -0.290002           0.0872992           
1.30065             95744               -0.0939783          0.0335708           0.0339897           -0.039709           -0.199279           0.0846553           
1.30413             96000               -0.0935273          0.0333517           0.0339318           -0.0394354          -0.198548           0.0841117           
1.30761             96256               -0.101745           0.0342611           0.0388227           -0.0405397          -0.220808           0.0863712           
1.31109             96512               -0.105756           0.034395            0.0413163           -0.0406725          -0.232016           0.0867506           
1.31457             96768               -0.127979           0.0349708           0.055756            -0.0413741          -0.295102           0.0881962           
1.31804             97024               -0.0953237          0.0340183           0.0346092           -0.0401947          -0.202438           0.0858389           
1.32152             97280               -0.0856588          0.03467             0.0276932           -0.0409739          -0.173357           0.0874533           
1.325               97536               -0.108753           0.0358112           0.0424937           -0.0423664          -0.238618           0.0903209           
1.32848             97792               -0.113615           0.0359979           0.044961            -0.0425867          -0.250583           0.0907741           
1.33195             98048               -0.0903272          0.0370679           0.028986            -0.0438433          -0.182301           0.0934623           
1.33543             98304               -0.119745           0.0380394           0.0478926           -0.0450062          -0.265535           0.0959102           
1.33891             98560               -0.123598           0.038351            0.0500024           -0.0453644          -0.275329           0.0967227           
1.34239             98816               -0.1162             0.0372106           0.0461249           -0.0439844          -0.256681           0.0938889           
1.34586             99072               -0.0979005          0.0363818           0.0345149           -0.0430259          -0.205489           0.091759            
1.34934             99328               -0.102019           0.037035            0.0363775           -0.0438042          -0.215026           0.0933965           
1.35282             99584               -0.110682           0.0379526           0.0413921           -0.044879           -0.238166           0.0957151           
1.3563              99840               -0.119263           0.0387639           0.0470251           -0.0458558          -0.262759           0.0977444           
1.35978             100096              -0.111916           0.0392671           0.0417767           -0.0464654          -0.240644           0.0989993           
1.36325             100352              -0.101502           0.0395353           0.0342624           -0.0467408          -0.209098           0.0997261           
1.36673             100608              -0.134147           0.0394214           0.0560611           -0.0466305          -0.303503           0.0994068           
1.37021             100864              -0.132066           0.0389805           0.0554041           -0.0461067          -0.299259           0.0983091           
1.37369             101120              -0.105667           0.0376083           0.038532            -0.0444563          -0.224838           0.094885            
1.37716             101376              -0.109097           0.0367517           0.041401            -0.0434721          -0.23635            0.0926799           
1.38064             101632              -0.128711           0.0367545           0.0547787           -0.0434955          -0.29357            0.0926602           
1.38412             101888              -0.124692           0.0364133           0.0526086           -0.0430752          -0.283237           0.0918331           
1.3876              102144              -0.126872           0.034887            0.0549498           -0.0412694          -0.291885           0.0879909           
1.39107             102400              -0.103388           0.0340145           0.0399896           -0.0402621          -0.22557            0.0857509           
1.39455             102656              -0.0773541          0.0336142           0.0228465           -0.0397402          -0.151074           0.0847798           
1.39803             102912              -0.117784           0.0336802           0.0502334           -0.0398705          -0.269024           0.0849192           
1.40151             103168              -0.112158           0.0325237           0.0469998           -0.0384813          -0.253815           0.0820255           
1.40499             103424              -0.0734066          0.0311018           0.0223388           -0.0367256          -0.145142           0.0785064           
1.40846             103680              -0.0874453          0.0311236           0.0320485           -0.0368402          -0.186519           0.0784514           
1.41194             103936              -0.0793329          0.0309228           0.0266659           -0.0365554          -0.163177           0.0780011           
1.41542             104192              -0.0891618          0.0322646           0.0326335           -0.0381817          -0.190123           0.0813369           
1.4189              104448              -0.0838678          0.0332482           0.0278234           -0.0393124          -0.171642           0.0838538           
1.42237             104704              -0.103402           0.0340537           0.0401394           -0.0402622          -0.226231           0.0858942           
1.42585             104960              -0.107613           0.0339462           0.0429692           -0.0401464          -0.238336           0.0856127           
1.42933             105216              -0.107605           0.0334768           0.0435567           -0.0395776          -0.239849           0.0844489           
1.43281             105472              -0.122444           0.0319263           0.0547628           -0.0377637          -0.286013           0.0805324           
1.43628             105728              -0.0791644          0.0304438           0.027122            -0.0359985          -0.164043           0.0767806           
1.43976             105984              -0.0942667          0.030225            0.0372251           -0.0357738          -0.207875           0.0761956           
1.44324             106240              -0.107937           0.0314776           0.0456357           -0.0372849          -0.245361           0.079326            
1.44672             106496              -0.0864888          0.0313123           0.0312509           -0.0370108          -0.183363           0.079001            
1.4502              106752              -0.0858826          0.031626            0.0302642           -0.0373919          -0.180016           0.0797679           
1.45367             107008              -0.0892123          0.0318828           0.0327629           -0.0377316          -0.190369           0.0803889           
1.45715             107264              -0.10465            0.0316815           0.0429192           -0.0374649          -0.234628           0.0799051           
1.46063             107520              -0.0749667          0.0319319           0.0229467           -0.0377642          -0.148569           0.0805249           
1.46411             107776              -0.0596653          0.0335705           0.0114303           -0.0397255          -0.101101           0.0846137           
1.46758             108032              -0.0772223          0.0364725           0.0203087           -0.0431195          -0.144737           0.0919757           
1.47106             108288              -0.136319           0.0385216           0.0584905           -0.0455506          -0.31233            0.0971623           
1.47454             108544              -0.11407            0.0385922           0.0436235           -0.0456405          -0.247846           0.0973353           
1.47802             108800              -0.116778           0.0380614           0.0459658           -0.0450068          -0.25722            0.0960107           
1.48149             109056              -0.122007           0.0384073           0.0492915           -0.0454158          -0.271821           0.0968699           
1.48497             109312              -0.113525           0.0397819           0.0420629           -0.0470616          -0.24334            0.100304            
1.48845             109568              -0.131656           0.0407433           0.0533721           -0.0481906          -0.29362            0.102748            
1.49193             109824              -0.160997           0.0395365           0.0740924           -0.0467591          -0.381261           0.0997341           
1.49541             110080              -0.127909           0.0369218           0.0540669           -0.0436503          -0.290716           0.0931593           
1.49888             110336              -0.119381           0.0340509           0.0505168           -0.0402777          -0.271655           0.0858703           
1.50236             110592              -0.125823           0.03205             0.0569951           -0.0379471          -0.295541           0.0807998           
1.50584             110848              -0.101116           0.0291757           0.0425344           -0.0344905          -0.229218           0.0736086           
1.50932             111104              -0.0763158          0.0270777           0.0277797           -0.0320244          -0.162147           0.0683029           
1.51279             111360              -0.0591588          0.0268462           0.0163808           -0.0317627          -0.11269            0.0676869           
1.51627             111616              -0.0700078          0.027654            0.0230803           -0.032716           -0.142888           0.0697368           
1.51975             111872              -0.09465            0.0287162           0.0387197           -0.0340048          -0.211919           0.0723626           
1.52323             112128              -0.0639309          0.029926            0.017372            -0.0354211          -0.121063           0.0754235           
1.5267              112384              -0.0680074          0.0309706           0.0189423           -0.0366141          -0.130251           0.0781159           
1.53018             112640              -0.0910207          0.0332601           0.0325755           -0.039349           -0.192222           0.0838583           
1.53366             112896              -0.0752143          0.0354934           0.0203193           -0.0419826          -0.142371           0.0894908           
1.53714             113152              -0.118472           0.0383139           0.046675            -0.045314           -0.260925           0.0966286           
1.54062             113408              -0.128603           0.0393681           0.0523832           -0.0465675          -0.287582           0.0992791           
1.54409             113664              -0.125241           0.0398574           0.0501934           -0.0471319          -0.278066           0.100527            
1.54757             113920              -0.111812           0.0413176           0.0402328           -0.048864           -0.236645           0.104204            
1.55105             114176              -0.108897           0.0417474           0.0372961           -0.0493361          -0.225772           0.105322            
1.55453             114432              -0.134423           0.041594            0.0546988           -0.0491694          -0.300302           0.104927            
1.558               114688              -0.121309           0.0399224           0.0477532           -0.0472172          -0.267034           0.10068             
1.56148             114944              -0.129021           0.038977            0.0537268           -0.0461177          -0.291383           0.0982897           
1.56496             115200              -0.121768           0.0371588           0.0498344           -0.0439219          -0.272781           0.0937498           
1.56844             115456              -0.117846           0.0355701           0.0487              -0.0420802          -0.265151           0.089701            
1.57191             115712              -0.105224           0.0342722           0.0413464           -0.040549           -0.231386           0.0864081           
1.57539             115968              -0.107357           0.0333965           0.0431962           -0.0394919          -0.238611           0.0842442           
1.57887             116224              -0.081754           0.0329572           0.0266532           -0.0389851          -0.165988           0.0831002           
1.58235             116480              -0.0846688          0.0341442           0.0276954           -0.0403658          -0.172165           0.0861273           
1.58582             116736              -0.0935269          0.0347258           0.032856            -0.041057           -0.195965           0.0875832           
1.5893              116992              -0.0986888          0.0362944           0.0352533           -0.042934           -0.208055           0.0915021           
1.59278             117248              -0.105255           0.0363328           0.0395393           -0.04292            -0.226986           0.0917071           
1.59626             117504              -0.112863           0.0361372           0.0449223           -0.0427342          -0.249737           0.091153            
1.59974             117760              -0.111711           0.0362933           0.0437851           -0.0429248          -0.245334           0.091532            
1.60321             118016              -0.1216             0.0357661           0.0511605           -0.0422777          -0.275957           0.0902299           
1.60669             118272              -0.120229           0.0348665           0.0507963           -0.0412327          -0.273132           0.0879496           
1.61017             118528              -0.0888585          0.0326641           0.0313572           -0.0386146          -0.186461           0.0823928           
1.61365             118784              -0.101885           0.0314494           0.0413044           -0.037233           -0.227292           0.0792759           
1.61712             119040              -0.103231           0.0309184           0.0427684           -0.0366036          -0.232669           0.0779319           
1.6206              119296              -0.093256           0.0314335           0.035636            -0.0371873          -0.202488           0.0792664           
1.62408             119552              -0.0766123          0.0311734           0.0241863           -0.0368683          -0.153572           0.0786164           
1.62756             119808              -0.100033           0.0316131           0.039765            -0.0373797          -0.221145           0.0797299           
1.63103             120064              -0.0895698          0.0325538           0.0323362           -0.0385042          -0.189798           0.0820911           
1.63451             120320              -0.0945358          0.0325705           0.0355799           -0.0385409          -0.204207           0.0821246           
1.63799             120576              -0.0799335          0.0337261           0.0245188           -0.0398886          -0.158403           0.0850334           
1.64147             120832              -0.0627674          0.0358807           0.0115992           -0.0423992          -0.105427           0.0905262           
1.64495             121088              -0.121139           0.0380695           0.0484071           -0.0450197          -0.268628           0.0960131           
1.64842             121344              -0.109009           0.0398523           0.0391541           -0.0471335          -0.230454           0.100486            
1.6519              121600              -0.120958           0.0412583           0.0461857           -0.0488068          -0.262916           0.10403             
1.65538             121856              -0.156694           0.0419541           0.0691195           -0.0496011          -0.363606           0.10585             
1.65886             122112              -0.152989           0.0412536           0.0670187           -0.048771           -0.353815           0.104066            
1.66233             122368              -0.130552           0.0395555           0.053612            -0.0467707          -0.29286            0.0997838           
1.66581             122624              -0.112636           0.0387133           0.0422756           -0.0457872          -0.242659           0.0976263           
1.66929             122880              -0.125439           0.0383686           0.0513872           -0.0453784          -0.281097           0.0967691           
1.67277             123136              -0.141358           0.0370226           0.0628349           -0.0437876          -0.329105           0.0933799           
1.67624             123392              -0.109263           0.0344969           0.0435288           -0.0407775          -0.241623           0.0870371           
1.67972             123648              -0.0794467          0.0329898           0.0248428           -0.0390225          -0.158619           0.0831863           
1.6832              123904              -0.100874           0.0328345           0.0393418           -0.0388589          -0.221067           0.082774            
1.68668             124160              -0.096776           0.0331783           0.0363852           -0.0392717          -0.208693           0.0836282           
1.69016             124416              -0.10038            0.0333889           0.0382344           -0.0394547          -0.217674           0.08424             
1.69363             124672              -0.0718196          0.0342666           0.0186559           -0.0405156          -0.133932           0.0864112           
1.69711             124928              -0.0757744          0.0349957           0.0207339           -0.0413835          -0.143989           0.0882494           
1.70059             125184              -0.117182           0.0361595           0.0474705           -0.0427649          -0.261421           0.0911894           
1.70407             125440              -0.128492           0.0363996           0.0546786           -0.0430431          -0.293095           0.0917897           
1.70754             125696              -0.110826           0.0362417           0.0430637           -0.0428214          -0.242515           0.0914544           
1.71102             125952              -0.126091           0.0351448           0.0541217           -0.0415772          -0.288921           0.0886114           
1.7145              126208              -0.114285           0.0349892           0.0467147           -0.0414054          -0.255725           0.0882092           
1.71798             126464              -0.0940153          0.0340008           0.0335631           -0.0401758          -0.198325           0.0857874           
1.72145             126720              -0.113549           0.0347053           0.046143            -0.0410523          -0.253456           0.0875024           
1.72493             126976              -0.0847917          0.0351455           0.0265351           -0.0415457          -0.169399           0.088641            
1.72841             127232              -0.0981631          0.036249            0.034778            -0.0428746          -0.206336           0.0914086           
1.73189             127488              -0.0889865          0.0374776           0.0275293           -0.0442957          -0.176992           0.0945273           
1.73537             127744              -0.096419           0.0392391           0.0311037           -0.0463939          -0.195131           0.0989585           
1.73884             128000              -0.126414           0.0405915           0.0500287           -0.0480296          -0.278921           0.102323            
1.74232             128256              -0.129372           0.0408397           0.0521642           -0.0483052          -0.287972           0.102984            
1.7458              128512              -0.127039           0.0403403           0.0507037           -0.0476871          -0.281455           0.101765            
1.74928             128768              -0.105113           0.0396686           0.036242            -0.046882           -0.218457           0.100062            
1.75275             129024              -0.113738           0.0401265           0.0420208           -0.0474393          -0.243562           0.101213            
1.75623             129280              -0.140409           0.0401935           0.059548            -0.047548           -0.319734           0.101356            
1.75971             129536              -0.126996           0.0385198           0.0520882           -0.0455288          -0.284727           0.0971565           
1.76319             129792              -0.119937           0.0378205           0.0485663           -0.0447421          -0.267407           0.0953499           
1.76666             130048              -0.124324           0.0361111           0.0524721           -0.0426845          -0.28243            0.0911113           
1.77014             130304              -0.104277           0.0334928           0.0411417           -0.0395852          -0.22962            0.0844871           
1.77362             130560              -0.0961029          0.0321876           0.0369787           -0.0380595          -0.209307           0.0811768           
1.7771              130816              -0.109914           0.0315148           0.0465026           -0.0372795          -0.250004           0.0794648           
1.78058             131072              -0.0914298          0.0309799           0.0342396           -0.0365943          -0.196699           0.0781732           
1.78405             131328              -0.0893115          0.03077             0.033233            -0.0363547          -0.191622           0.0776397           
1.78753             131584              -0.079274           0.0314265           0.0262109           -0.037179           -0.161892           0.0792268           
1.79101             131840              -0.0755814          0.033124            0.0220964           -0.039172           -0.147154           0.0835292           
1.79449             132096              -0.0976235          0.0357117           0.0344976           -0.0422457          -0.205018           0.0900138           
1.79796             132352              -0.104246           0.0373715           0.0376111           -0.0441484          -0.220798           0.0942872           
1.80144             132608              -0.121687           0.038113            0.0491198           -0.0450666          -0.27101            0.0961308           
1.80492             132864              -0.128328           0.0377844           0.0535285           -0.0446912          -0.289922           0.0952757           
1.8084              133120              -0.105757           0.0365723           0.0393853           -0.0432251          -0.226971           0.0922621           
1.81187             133376              -0.108015           0.0351615           0.0421847           -0.041569           -0.236917           0.0886873           
1.81535             133632              -0.096747           0.0353074           0.0347127           -0.0417653          -0.204453           0.0890136           
1.81883             133888              -0.0990438          0.0353094           0.0358771           -0.0417477          -0.210227           0.0890443           
1.82231             134144              -0.115581           0.0357345           0.0469611           -0.0422502          -0.258043           0.0901372           
1.82579             134400              -0.10674            0.0351144           0.0415399           -0.0415097          -0.233697           0.0885699           
1.82926             134656              -0.101048           0.0350176           0.0378897           -0.0414202          -0.217738           0.0882911           
1.83274             134912              -0.0883304          0.0356267           0.0286133           -0.0421211          -0.178941           0.0898271           
1.83622             135168              -0.114789           0.0368517           0.0457136           -0.0435854          -0.254009           0.0929303           
1.8397              135424              -0.110871           0.0360436           0.0432445           -0.0425918          -0.243022           0.0909419           
1.84317             135680              -0.104338           0.0350077           0.0397179           -0.0414053          -0.22627            0.0882682           
1.84665             135936              -0.123801           0.0341331           0.0538212           -0.0403857          -0.285255           0.0860632           
1.85013             136192              -0.0937             0.0332125           0.0344637           -0.0392609          -0.200192           0.0837714           
1.85361             136448              -0.0888145          0.0333921           0.0310421           -0.0395225          -0.185664           0.0841617           
1.85708             136704              -0.114863           0.0343722           0.0476603           -0.0407072          -0.259005           0.0866076           
1.86056             136960              -0.135689           0.0341298           0.0614112           -0.0403449          -0.318705           0.0860973           
1.86404             137216              -0.0984424          0.0331907           0.0376308           -0.0392463          -0.213702           0.0837104           
1.86752             137472              -0.0890671          0.0325704           0.0317392           -0.0385355          -0.187589           0.0821157           
1.871               137728              -0.110833           0.0318405           0.0465515           -0.0376484          -0.251205           0.080302            
1.87447             137984              -0.101808           0.0312428           0.0414327           -0.0369758          -0.227579           0.0787566           
1.87795             138240              -0.0679244          0.032559            0.0172673           -0.038518           -0.12557            0.0820783           
1.88143             138496              -0.0912069          0.0341414           0.0313711           -0.040378           -0.189496           0.0860739           
1.88491             138752              -0.117836           0.0357997           0.0483572           -0.0423885          -0.264261           0.0902127           
1.88838             139008              -0.111541           0.0354532           0.044287            -0.0419183          -0.246347           0.0894123           
1.89186             139264              -0.0941931          0.0350623           0.0332264           -0.0414412          -0.197695           0.0884428           
1.89534             139520              -0.0953477          0.0357881           0.0331459           -0.0423342          -0.198901           0.0902238           
1.89882             139776              -0.119331           0.0367586           0.0483738           -0.0434913          -0.266214           0.0926714           
1.90229             140032              -0.107631           0.036983            0.0404465           -0.0437184          -0.232058           0.0932832           
1.90577             140288              -0.0968292          0.0381973           0.0322846           -0.0451677          -0.198595           0.0963212           
1.90925             140544              -0.133623           0.0389994           0.0560373           -0.0461385          -0.302767           0.0983336           
1.91273             140800              -0.140176           0.0386941           0.0610076           -0.0457908          -0.323129           0.0975357           
1.91621             141056              -0.109138           0.0375023           0.0409485           -0.0443119          -0.235062           0.0946234           
1.91968             141312              -0.116613           0.0370748           0.046172            -0.0438515          -0.257279           0.0934836           
1.92316             141568              -0.103115           0.0366693           0.0380755           -0.0433831          -0.22062            0.092442            
1.92664             141824              -0.0948157          0.0368407           0.0321004           -0.0435775          -0.195531           0.0928783           
1.93012             142080              -0.100974           0.0374676           0.0356148           -0.0443187          -0.21189            0.0944571           
1.93359             142336              -0.116594           0.0379613           0.0457708           -0.0449013          -0.256368           0.0957132           
1.93707             142592              -0.1245             0.0374745           0.0514841           -0.0443082          -0.280207           0.0945161           
1.94055             142848              -0.104495           0.0370794           0.0383              -0.0438606          -0.222877           0.0934746           
1.94403             143104              -0.129245           0.0364623           0.0555867           -0.0431534          -0.296275           0.0919116           
1.9475              143360              -0.12952            0.0343532           0.0572686           -0.0406436          -0.300785           0.086623            
1.95098             143616              -0.0877291          0.0329764           0.0308297           -0.0389941          -0.183819           0.0831532           
1.95446             143872              -0.0871511          0.0339897           0.0295721           -0.0402325          -0.179947           0.0856672           
1.95794             144128              -0.120282           0.0346173           0.0508816           -0.0409558          -0.273418           0.0872711           
1.96142             144384              -0.112159           0.0327404           0.0469051           -0.0386525          -0.253624           0.0826661           
1.96489             144640              -0.0839825          0.0309981           0.0297871           -0.0366308          -0.176601           0.0781949           
1.96837             144896              -0.0882879          0.0317111           0.0320068           -0.0375131          -0.187301           0.0799449           
1.97185             145152              -0.0854417          0.0323542           0.029524            -0.0382679          -0.177746           0.0815783           
1.97533             145408              -0.115904           0.0324184           0.0496138           -0.0383588          -0.265002           0.0817192           
1.9788              145664              -0.0941714          0.0320184           0.0356057           -0.0378335          -0.203501           0.0807747           
1.98228             145920              -0.0633474          0.032658            0.0147787           -0.0386316          -0.113931           0.0823293           
1.98576             146176              -0.0896392          0.0340417           0.0309169           -0.0402775          -0.1864             0.0858059           
1.98924             146432              -0.103137           0.0344356           0.0392978           -0.0406924          -0.223664           0.0868701           
1.99271             146688              -0.0989097          0.0358294           0.0358446           -0.0423687          -0.209971           0.0903526           
1.99619             146944              -0.110084           0.0362834           0.0429496           -0.0428823          -0.241478           0.0915421           
1.99967             147200              -0.0928131          0.0371845           0.0304638           -0.0439565          -0.18894            0.0937863           
