#Time               nTime               force-x             force-y             force-z             moment-x            moment-y            moment-z            
0                   0                   -8.45026e-05        4.00188e-05         0.000312048         0.000167631         0.000119783         3.07398e-05         
0.00347769          256                 -40.2969            34.297              67.2384             10.0739             2.16482             7.79395             
0.00695537          512                 -99.2753            63.0191             81.6085             -10.2497            -46.7095            25.7072             
0.0104331           768                 -56.7093            32.6815             35.6931             -9.88568            -33.468             15.7209             
0.0139107           1024                57.8681             -31.8999            -28.831             13.3332             38.6473             -16.0934            
0.0173884           1280                14.1999             -2.89979            -11.5212            -5.19633            5.96354             -5.65129            
0.0208661           1536                80.9243             -41.2656            -58.0521            3.41395             42.2126             -24.0639            
0.0243438           1792                14.6976             -3.42414            -12.4098            -5.11665            5.79524             -5.4555             
0.0278215           2048                -34.9835            25.497              20.5779             -12.7355            -22.2033            7.85697             
0.0312992           2304                13.9129             -3.0195             -5.16523            -0.613335           9.85762             -5.30058            
0.0347769           2560                12.6232             -3.15112            -4.13397            0.128262            9.34065             -4.63982            
0.0382545           2816                7.89797             0.853826            -2.21305            -2.63772            5.73139             -3.78786            
0.0417322           3072                11.9985             -1.84213            -3.32131            -0.666234           9.11487             -4.78838            
0.0452099           3328                8.46794             0.834549            -1.25416            -2.01641            6.87302             -4.05982            
0.0486876           3584                9.8424              -0.0348372          -2.51485            -1.97529            7.43145             -4.42459            
0.0521653           3840                10.0394             -0.0407412          -2.3487             -1.8673             7.71852             -4.50189            
0.055643            4096                11.5398             -0.851502           -3.49291            -1.80274            8.46589             -4.93614            
0.0591207           4352                11.3606             -0.710831           -3.23444            -1.77891            8.44448             -4.88498            
0.0625984           4608                9.97802             0.126858            -2.43637            -2.11023            7.58068             -4.52531            
0.066076            4864                11.1012             -0.434486           -2.99696            -1.90975            8.32699             -4.86188            
0.0695537           5120                13.1969             -1.65949            -3.97192            -1.31049            9.78327             -5.42098            
0.0730314           5376                13.271              -1.62766            -3.88182            -1.28525            9.90605             -5.46322            
0.0765091           5632                13.1592             -1.49204            -3.69863            -1.30331            9.90568             -5.45693            
0.0799868           5888                13.8258             -1.85823            -4.00898            -1.13588            10.3683             -5.64461            
0.0834645           6144                14.3417             -2.1259             -4.31379            -1.06664            10.6814             -5.79594            
0.0869422           6400                14.2611             -2.06703            -4.27402            -1.10317            10.6271             -5.78024            
0.0904198           6656                14.3808             -2.04919            -4.42172            -1.2177             10.6417             -5.84518            
0.0938975           6912                15.036              -2.38316            -4.82961            -1.14732            11.0261             -6.04016            
0.0973752           7168                14.6517             -2.13909            -4.63923            -1.27374            10.7657             -5.94369            
0.100853            7424                14.7265             -2.17984            -4.6608             -1.24819            10.8267             -5.9652             
0.104331            7680                14.6458             -2.08349            -4.60188            -1.30871            10.7811             -5.96276            
0.107808            7936                14.3508             -1.87889            -4.47168            -1.43131            10.5688             -5.89912            
0.111286            8192                14.0519             -1.67363            -4.30794            -1.53232            10.3751             -5.83324            
0.114764            8448                14.1026             -1.69855            -4.34288            -1.53076            10.4035             -5.84758            
0.118241            8704                13.8415             -1.49365            -4.16107            -1.61975            10.2562             -5.79514            
0.121719            8960                13.9312             -1.55815            -4.23021            -1.60204            10.3023             -5.81568            
0.125197            9216                14.1778             -1.68008            -4.34352            -1.55287            10.4727             -5.88769            
0.128674            9472                14.0357             -1.5661             -4.19967            -1.57643            10.4222             -5.85788            
0.132152            9728                13.7959             -1.37031            -4.06845            -1.69052            10.2633             -5.81461            
0.13563             9984                13.4667             -1.16293            -3.89929            -1.79166            10.0449             -5.73516            
0.139107            10240               13.6789             -1.27615            -3.99071            -1.73881            10.1956             -5.79863            
0.142585            10496               13.8281             -1.36215            -4.03556            -1.68187            10.3159             -5.83969            
0.146063            10752               13.9264             -1.36696            -4.08775            -1.7091             10.3747             -5.88475            
0.149541            11008               14.3078             -1.58348            -4.32351            -1.64513            10.601              -5.98969            
0.153018            11264               14.0473             -1.40817            -4.19278            -1.73876            10.4228             -5.92524            
0.156496            11520               13.8569             -1.25534            -4.0668             -1.81319            10.3117             -5.88735            
0.159974            11776               13.5065             -1.04014            -3.87348            -1.90457            10.0841             -5.79617            
0.163451            12032               14.0714             -1.38778            -4.18928            -1.76144            10.4423             -5.93954            
0.166929            12288               13.7559             -1.20798            -4.02373            -1.83758            10.2369             -5.85113            
0.170407            12544               13.47               -1.00836            -3.88016            -1.94413            10.042              -5.78552            
0.173884            12800               13.9643             -1.3189             -4.1414             -1.80198            10.3682             -5.91229            
0.177362            13056               13.7738             -1.17311            -3.99918            -1.85576            10.2683             -5.87621            
0.18084             13312               14.1712             -1.31411            -4.31191            -1.9168             10.4547             -6.02231            
0.184317            13568               13.0409             -0.610753           -3.73126            -2.2515             9.70143             -5.73723            
0.187795            13824               13.3949             -0.871027           -4.00257            -2.16531            9.88518             -5.81601            
0.191273            14080               13.7333             -0.978322           -4.13319            -2.13851            10.1281             -5.93688            
0.19475             14336               13.0165             -0.617696           -3.76286            -2.26342            9.65954             -5.72065            
0.198228            14592               13.1654             -0.698854           -3.84027            -2.23255            9.75707             -5.76299            
0.201706            14848               12.6566             -0.388333           -3.5214             -2.34008            9.45412             -5.62925            
0.205183            15104               13.0248             -0.59769            -3.77075            -2.29333            9.65692             -5.72934            
0.208661            15360               12.8626             -0.459976           -3.7195             -2.40035            9.52101             -5.6999             
0.212139            15616               12.7916             -0.391346           -3.70423            -2.45962            9.45696             -5.69013            
0.215617            15872               12.9899             -0.525656           -3.80025            -2.38975            9.59458             -5.73529            
0.219094            16128               13.2388             -0.679224           -3.94122            -2.32798            9.75399             -5.79979            
0.222572            16384               13.7158             -0.92477            -4.15232            -2.21649            10.0886             -5.93864            
0.22605             16640               13.925              -1.01553            -4.28745            -2.20908            10.2047             -6.00477            
0.229527            16896               14.1024             -1.18565            -4.40323            -2.11475            10.3139             -6.03187            
0.233005            17152               13.7961             -0.997987           -4.21125            -2.17819            10.1339             -5.95684            
0.236483            17408               13.8547             -1.05129            -4.30433            -2.18648            10.1378             -5.97065            
0.23996             17664               13.8524             -1.07943            -4.26852            -2.13177            10.1633             -5.95484            
0.243438            17920               13.8978             -1.09318            -4.28962            -2.13034            10.1936             -5.96315            
0.246916            18176               13.6501             -0.953299           -4.08557            -2.13707            10.0756             -5.88401            
0.250393            18432               13.7453             -1.00496            -4.07749            -2.08033            10.1702             -5.90037            
0.253871            18688               13.996              -1.23857            -4.2639             -1.97071            10.3066             -5.9347             
0.257349            18944               13.1847             -0.741945           -3.78722            -2.16251            9.8054              -5.72385            
0.260826            19200               13.2641             -0.814697           -3.84568            -2.12781            9.84912             -5.73719            
0.264304            19456               13.2908             -0.86993            -3.92571            -2.12896            9.82969             -5.7321             
0.267782            19712               12.9572             -0.629081           -3.74777            -2.25451            9.60657             -5.65685            
0.27126             19968               12.652              -0.438037           -3.61161            -2.35668            9.38752             -5.57743            
0.274737            20224               13.3191             -0.846241           -4.00069            -2.1986             9.80111             -5.75058            
0.278215            20480               13.2169             -0.807543           -3.89929            -2.17228            9.76653             -5.70656            
0.281693            20736               12.2105             -0.172815           -3.37181            -2.46641            9.09943             -5.4483             
0.28517             20992               12.3119             -0.269763           -3.46198            -2.42799            9.14297             -5.45862            
0.288648            21248               12.7545             -0.528279           -3.7634             -2.36628            9.38889             -5.57838            
0.292126            21504               12.5441             -0.327604           -3.59818            -2.46153            9.27953             -5.54544            
0.295603            21760               12.7595             -0.503955           -3.75043            -2.38366            9.40031             -5.58337            
0.299081            22016               13.0582             -0.648606           -3.87938            -2.32257            9.6114              -5.67693            
0.302559            22272               13.2801             -0.790248           -4.00682            -2.26026            9.74919             -5.73388            
0.306036            22528               13.4617             -0.929722           -4.1067             -2.18608            9.87144             -5.76952            
0.309514            22784               13.2885             -0.79156            -3.97215            -2.23868            9.78344             -5.73296            
0.312992            23040               13.548              -0.900963           -4.1348             -2.23602            9.9315              -5.8136             
0.316469            23296               13.9745             -1.21218            -4.39853            -2.09191            10.189              -5.9028             
0.319947            23552               13.4062             -0.882471           -4.05794            -2.19997            9.84226             -5.75109            
0.323425            23808               13.525              -0.94499            -4.09301            -2.15679            9.937               -5.78613            
0.326903            24064               13.0219             -0.636592           -3.77278            -2.26055            9.63952             -5.65463            
0.33038             24320               13.7494             -1.13685            -4.21078            -2.04263            10.0898             -5.82721            
0.333858            24576               13.101              -0.74082            -3.83977            -2.20246            9.6815              -5.65947            
0.337336            24832               13.3536             -0.892693           -4.01183            -2.16216            9.82094             -5.72676            
0.340813            25088               13.3656             -0.908866           -4.05009            -2.1735             9.81039             -5.72711            
0.344291            25344               13.1599             -0.713668           -3.94355            -2.29791            9.66893             -5.69787            
0.347769            25600               13.0759             -0.684951           -3.90261            -2.3007             9.61458             -5.66362            
0.351246            25856               12.6401             -0.42828            -3.70929            -2.43195            9.30473             -5.55363            
0.354724            26112               12.4869             -0.309043           -3.65342            -2.51759            9.19032             -5.53791            
0.358202            26368               12.5835             -0.319411           -3.71304            -2.54385            9.25107             -5.59438            
0.361679            26624               12.8633             -0.500896           -3.84121            -2.44364            9.45346             -5.67379            
0.365157            26880               12.7318             -0.398395           -3.72468            -2.4719             9.39111             -5.64594            
0.368635            27136               12.4537             -0.233276           -3.55969            -2.53187            9.21455             -5.57151            
0.372112            27392               12.0121             0.00580273          -3.34415            -2.6332             8.91365             -5.44602            
0.37559             27648               12.3225             -0.129234           -3.4797             -2.58297            9.13205             -5.54471            
0.379068            27904               12.3177             -0.11682            -3.48007            -2.59764            9.12731             -5.54753            
0.382546            28160               12.0129             0.0485128           -3.26495            -2.63009            8.96657             -5.4578             
0.386023            28416               12.0115             0.0847599           -3.27303            -2.67545            8.96097             -5.47048            
0.389501            28672               11.6991             0.301719            -3.0028             -2.71836            8.82485             -5.39917            
0.392979            28928               12.5023             -0.134223           -3.47889            -2.58553            9.31872             -5.63897            
0.396456            29184               12.1801             0.0201506           -3.28349            -2.61207            9.12465             -5.537              
0.399934            29440               12.7745             -0.317785           -3.62537            -2.4918             9.49176             -5.70509            
0.403412            29696               12.8879             -0.38645            -3.67528            -2.45297            9.56844             -5.72328            
0.406889            29952               12.6057             -0.220025           -3.50659            -2.51085            9.39359             -5.64048            
0.410367            30208               12.6089             -0.26321            -3.52774            -2.47957            9.38786             -5.63439            
0.413845            30464               12.3655             -0.060063           -3.46291            -2.64029            9.17962             -5.59773            
0.417322            30720               12.938              -0.435567           -3.8651             -2.52289            9.49634             -5.75189            
0.4208              30976               13.3106             -0.641648           -3.97957            -2.38899            9.79126             -5.86315            
0.424278            31232               14.3863             -1.26338            -4.67607            -2.21426            10.4198             -6.16713            
0.427755            31488               13.423              -0.628315           -4.15677            -2.51446            9.79104             -5.94399            
0.431233            31744               13.8199             -0.832108           -4.33969            -2.42463            10.0666             -6.06533            
0.434711            32000               13.6843             -0.746187           -4.18357            -2.40797            10.0322             -6.01579            
0.438188            32256               13.9081             -0.915636           -4.29712            -2.30487            10.1801             -6.04778            
0.441666            32512               13.4755             -0.723584           -4.12513            -2.38898            9.86299             -5.90358            
0.445144            32768               13.5701             -0.775672           -4.16095            -2.36221            9.93375             -5.92577            
0.448622            33024               13.4854             -0.747395           -4.10504            -2.35847            9.88776             -5.89198            
0.452099            33280               13.5551             -0.771971           -4.0973             -2.33424            9.96047             -5.91122            
0.455577            33536               13.5229             -0.781741           -4.05035            -2.29662            9.96109             -5.88817            
0.459055            33792               13.0266             -0.506057           -3.79285            -2.411              9.63246             -5.7422             
0.462532            34048               13.3184             -0.691923           -3.95284            -2.32616            9.82289             -5.80884            
0.46601             34304               12.9215             -0.452816           -3.71024            -2.40529            9.58349             -5.70528            
0.469488            34560               12.9712             -0.444207           -3.77087            -2.45204            9.59261             -5.74313            
0.472965            34816               13.1865             -0.593876           -3.89609            -2.38084            9.72693             -5.80117            
0.476443            35072               13.4241             -0.721001           -4.01787            -2.32965            9.88266             -5.87573            
0.479921            35328               13.9112             -1.01331            -4.32306            -2.23308            10.1732             -6.01217            
0.483398            35584               13.8816             -0.914115           -4.2433             -2.27808            10.187              -6.03528            
0.486876            35840               13.8044             -0.930126           -4.22668            -2.25127            10.1264             -5.9915             
0.490354            36096               13.3319             -0.63987            -3.9651             -2.37397            9.82128             -5.86221            
0.493831            36352               13.5054             -0.833399           -4.14998            -2.30107            9.88138             -5.87202            
0.497309            36608               13.5653             -0.855133           -4.16847            -2.29206            9.92624             -5.88782            
0.500787            36864               13.3242             -0.683017           -3.97724            -2.34229            9.80506             -5.82964            
0.504265            37120               13.8931             -1.06744            -4.21889            -2.11366            10.2225             -5.96048            
0.507742            37376               13.748              -0.935977           -4.14787            -2.19964            10.1218             -5.94349            
0.51122             37632               14.2659             -1.2446             -4.3549             -2.02221            10.5054             -6.08388            
0.514698            37888               14.5615             -1.4411             -4.51158            -1.92879            10.7032             -6.1589             
0.518175            38144               14.1435             -1.27904            -4.2573             -1.93178            10.4617             -6.01371            
0.521653            38400               13.7857             -0.960684           -3.96926            -2.06565            10.2818             -5.95474            
0.525131            38656               14.4289             -1.32389            -4.30906            -1.92316            10.703              -6.13409            
0.528608            38912               14.0803             -1.13703            -4.11754            -1.99003            10.4841             -6.0398             
0.532086            39168               13.5675             -0.80824            -3.89365            -2.17749            10.1145             -5.91707            
0.535564            39424               13.8693             -0.993718           -4.05553            -2.09705            10.3123             -5.99941            
0.539041            39680               13.7924             -0.896031           -3.99942            -2.15428            10.2627             -5.99732            
0.542519            39936               13.8018             -0.937532           -4.05998            -2.15109            10.2344             -5.98526            
0.545997            40192               13.7248             -0.923268           -4.06337            -2.16674            10.1563             -5.95438            
0.549474            40448               13.8318             -0.992066           -4.21032            -2.19279            10.1672             -5.97764            
0.552952            40704               13.8405             -1.02206            -4.2693             -2.19867            10.1448             -5.97611            
0.55643             40960               13.069              -0.57536            -3.85488            -2.37929            9.64999             -5.78113            
0.559907            41216               14.0058             -1.06856            -4.38144            -2.22351            10.2375             -6.06103            
0.563385            41472               13.4418             -0.695175           -4.0263             -2.36717            9.9006              -5.92446            
0.566863            41728               13.1732             -0.562983           -3.87413            -2.40034            9.7334              -5.83972            
0.570341            41984               12.8875             -0.413894           -3.75561            -2.47258            9.52416             -5.75567            
0.573818            42240               13.2055             -0.581046           -3.97213            -2.44528            9.69994             -5.84826            
0.577296            42496               13.7814             -0.872405           -4.32258            -2.37606            10.0444             -6.02581            
0.580774            42752               14.242              -1.11591            -4.62335            -2.32732            10.3083             -6.1634             
0.584251            43008               13.5402             -0.709848           -4.22376            -2.47595            9.87156             -5.97587            
0.587729            43264               13.3429             -0.583969           -4.03813            -2.48154            9.79141             -5.92245            
0.591207            43520               13.8292             -0.870798           -4.37398            -2.41196            10.0611             -6.05798            
0.594684            43776               14.2042             -1.09998            -4.54068            -2.28836            10.3302             -6.1618             
0.598162            44032               13.7621             -0.867826           -4.34993            -2.39962            10.021              -6.04134            
0.60164             44288               13.611              -0.716935           -4.18739            -2.4401             9.97065             -6.03141            
0.605117            44544               13.7754             -0.837488           -4.25012            -2.35601            10.0978             -6.07218            
0.608595            44800               13.7322             -0.792738           -4.30174            -2.42872            10.0192             -6.06977            
0.612073            45056               13.9157             -0.860352           -4.40139            -2.42379            10.1304             -6.13077            
0.61555             45312               13.648              -0.756265           -4.21399            -2.40616            9.98795             -6.03266            
0.619028            45568               13.5808             -0.702365           -4.15654            -2.4274             9.95677             -6.01364            
0.622506            45824               13.3644             -0.637473           -3.98799            -2.38308            9.85596             -5.92812            
0.625984            46080               13.2007             -0.453519           -3.94679            -2.5433             9.70925             -5.91477            
0.629461            46336               13.5899             -0.796013           -4.14838            -2.33282            9.97709             -5.97316            
0.632939            46592               12.713              -0.221538           -3.59325            -2.55162            9.45618             -5.75204            
0.636417            46848               13.6661             -0.78881            -4.08146            -2.29539            10.0911             -6.00204            
0.639894            47104               13.2979             -0.588244           -3.83693            -2.34084            9.88399             -5.89435            
0.643372            47360               13.9693             -1.00822            -4.28999            -2.21308            10.2651             -6.06138            
0.64685             47616               13.0318             -0.407139           -3.77517            -2.48408            9.65729             -5.8222             
0.650327            47872               13.3235             -0.619803           -3.96575            -2.39551            9.8271              -5.88538            
0.653805            48128               13.7612             -0.909426           -4.21131            -2.26022            10.1024             -5.98878            
0.657283            48384               13.8982             -1.00899            -4.16735            -2.12968            10.2692             -6.01531            
0.66076             48640               14.1412             -1.14702            -4.39708            -2.14583            10.3665             -6.08571            
0.664238            48896               14.3795             -1.25497            -4.52125            -2.12027            10.5255             -6.16458            
0.667716            49152               14.6751             -1.39524            -4.73551            -2.11942            10.6779             -6.25832            
0.671193            49408               14.511              -1.30306            -4.66376            -2.17164            10.5622             -6.21214            
0.674671            49664               13.8011             -0.889509           -4.29777            -2.35422            10.0937             -6.02209            
0.678149            49920               13.6903             -0.816895           -4.28598            -2.42097            9.99094             -5.99526            
0.681626            50176               13.7272             -0.833006           -4.28551            -2.40742            10.0247             -6.00479            
0.685104            50432               13.2518             -0.596812           -4.00957            -2.46883            9.73756             -5.86147            
0.688582            50688               13.4129             -0.692347           -4.14819            -2.46003            9.80684             -5.90836            
0.69206             50944               14.0183             -1.01687            -4.42621            -2.31173            10.2251             -6.0826             
0.695537            51200               13.237              -0.514548           -3.94234            -2.50334            9.75487             -5.8884             
0.699015            51456               12.6183             -0.1369             -3.58393            -2.65016            9.36763             -5.73204            
0.702493            51712               12.934              -0.349497           -3.77244            -2.55975            9.5633              -5.81125            
0.70597             51968               12.9017             -0.362548           -3.7348             -2.52211            9.56001             -5.79456            
0.709448            52224               13.2526             -0.584226           -3.9961             -2.468              9.74764             -5.88447            
0.712926            52480               12.2874             0.0230138           -3.32732            -2.64243            9.21233             -5.63342            
0.716403            52736               13.1393             -0.536035           -3.94893            -2.47961            9.66607             -5.84632            
0.719881            52992               13.6791             -0.827782           -4.17825            -2.33115            10.0498             -5.99745            
0.723359            53248               13.3588             -0.595897           -4.00417            -2.45208            9.83775             -5.92075            
0.726836            53504               13.6182             -0.826766           -4.04156            -2.24215            10.0776             -5.95202            
0.730314            53760               14.1657             -1.15571            -4.37049            -2.12322            10.4112             -6.09387            
0.733792            54016               13.9321             -0.98173            -4.19362            -2.18318            10.2862             -6.03913            
0.73727             54272               13.8815             -1.0138             -4.16377            -2.13309            10.2627             -5.99794            
0.740747            54528               13.8047             -0.94573            -4.0897             -2.14932            10.2278             -5.98142            
0.744225            54784               13.8764             -0.975425           -4.12936            -2.14917            10.2724             -6.00551            
0.747703            55040               13.509              -0.772751           -3.95974            -2.24529            10.0193             -5.90469            
0.75118             55296               13.2968             -0.678577           -3.84166            -2.26432            9.889               -5.83895            
0.754658            55552               13.628              -0.885235           -4.05896            -2.19722            10.0815             -5.92457            
0.758136            55808               13.9308             -1.11076            -4.29931            -2.12704            10.2347             -5.99035            
0.761613            56064               13.5434             -0.86728            -4.07273            -2.22637            9.9925              -5.89246            
0.765091            56320               13.8798             -1.04729            -4.19621            -2.12303            10.2457             -5.98999            
0.768569            56576               13.6635             -0.904957           -4.09366            -2.20024            10.0945             -5.93852            
0.772046            56832               14.255              -1.27207            -4.5083             -2.10252            10.4167             -6.09016            
0.775524            57088               13.7562             -0.897421           -4.18166            -2.26582            10.1221             -5.98091            
0.779002            57344               13.4787             -0.733203           -3.98929            -2.30944            9.96933             -5.9047             
0.782479            57600               13.329              -0.622995           -3.88111            -2.35156            9.88765             -5.87436            
0.785957            57856               13.5088             -0.723037           -4.07963            -2.38096            9.93998             -5.9309             
0.789435            58112               13.1593             -0.53876            -3.88336            -2.43855            9.71976             -5.83103            
0.792912            58368               12.7909             -0.277471           -3.66785            -2.55859            9.48624             -5.75106            
0.79639             58624               12.792              -0.306652           -3.63376            -2.5075             9.51229             -5.7408             
0.799868            58880               13.6507             -0.833556           -4.16535            -2.31893            10.0266             -5.96358            
0.803346            59136               13.7086             -0.900229           -4.20564            -2.27904            10.0602             -5.96376            
0.806823            59392               13.4973             -0.807796           -4.08016            -2.29058            9.93247             -5.88881            
0.810301            59648               13.4793             -0.781156           -4.08673            -2.32332            9.90673             -5.88724            
0.813779            59904               13.4376             -0.815202           -4.01798            -2.24912            9.91352             -5.85522            
0.817256            60160               13.404              -0.712088           -3.95376            -2.30963            9.91329             -5.87607            
0.820734            60416               14.8584             -1.55806            -4.84951            -2.04119            10.7841             -6.27174            
0.824212            60672               14.2443             -1.1759             -4.43512            -2.1599             10.4409             -6.10974            
0.827689            60928               13.4136             -0.710707           -3.99772            -2.34562            9.90178             -5.87784            
0.831167            61184               13.1598             -0.50029            -3.81377            -2.44001            9.76361             -5.83062            
0.834645            61440               13.555              -0.771895           -4.10085            -2.35396            9.97695             -5.92687            
0.838122            61696               12.781              -0.285223           -3.59578            -2.51425            9.52917             -5.73398            
0.8416              61952               13.6489             -0.8314             -4.0838             -2.28284            10.0828             -5.95354            
0.845078            62208               13.0077             -0.458572           -3.7137             -2.41677            9.67549             -5.76893            
0.848555            62464               13.7456             -0.865223           -4.11113            -2.26208            10.146              -5.97346            
0.852033            62720               13.96               -1.02367            -4.25334            -2.1987             10.2709             -6.01757            
0.855511            62976               13.5913             -0.767606           -4.06747            -2.33711            10.0193             -5.92913            
0.858989            63232               13.9991             -1.07137            -4.28499            -2.17242            10.2911             -6.0115             
0.862466            63488               13.1547             -0.528683           -3.85337            -2.43906            9.72569             -5.80729            
0.865944            63744               13.501              -0.742314           -4.11593            -2.39248            9.9043              -5.90458            
0.869422            64000               13.1056             -0.461973           -3.88264            -2.52114            9.65726             -5.82144            
0.872899            64256               13.7581             -0.839449           -4.24644            -2.36908            10.0719             -6.00251            
0.876377            64512               13.6937             -0.900201           -4.26752            -2.31998            10.004              -5.95264            
0.879855            64768               13.3376             -0.716286           -4.054              -2.36315            9.78756             -5.84512            
0.883332            65024               13.7504             -0.91654            -4.23673            -2.27586            10.0792             -5.97596            
0.88681             65280               14.0734             -1.16307            -4.38005            -2.11909            10.3137             -6.04399            
0.890288            65536               13.4715             -0.713651           -4.00929            -2.33284            9.94502             -5.91127            
0.893765            65792               14.4943             -1.40059            -4.66354            -2.06792            10.5524             -6.15677            
0.897243            66048               14.1521             -1.15222            -4.45424            -2.18433            10.3411             -6.08058            
0.900721            66304               13.0314             -0.439892           -3.80388            -2.48139            9.63851             -5.79458            
0.904198            66560               13.8219             -0.931283           -4.25278            -2.27841            10.1397             -5.99574            
0.907676            66816               13.9687             -0.935013           -4.32138            -2.31963            10.2308             -6.06075            
0.911154            67072               14.0246             -1.04313            -4.40602            -2.26708            10.2393             -6.04375            
0.914631            67328               13.7977             -0.894811           -4.24258            -2.3108             10.1127             -5.9792             
0.918109            67584               13.6639             -0.866169           -4.19451            -2.30788            10.0108             -5.91568            
0.921587            67840               13.2876             -0.698918           -3.99076            -2.34447            9.77096             -5.79184            
0.925065            68096               13.5134             -0.772774           -4.16893            -2.38496            9.87754             -5.87516            
0.928542            68352               13.5819             -0.794652           -4.14004            -2.34344            9.96402             -5.90133            
0.93202             68608               13.9115             -0.980185           -4.30374            -2.25882            10.1877             -5.99797            
0.935498            68864               14.2581             -1.19806            -4.54075            -2.19177            10.3795             -6.08662            
0.938975            69120               14.2466             -1.19047            -4.41976            -2.1176             10.4421             -6.07454            
0.942453            69376               14.2961             -1.30333            -4.43686            -2.01747            10.4847             -6.05052            
0.945931            69632               13.7533             -0.987737           -4.05734            -2.09173            10.1859             -5.89686            
0.949408            69888               13.1055             -0.660708           -3.64241            -2.1588             9.8126              -5.70603            
0.952886            70144               13.4104             -0.824357           -3.83694            -2.12203            9.99183             -5.79966            
0.956364            70400               13.8469             -1.00694            -4.13816            -2.13305            10.2294             -5.95249            
0.959841            70656               13.1832             -0.623626           -3.74343            -2.26412            9.82539             -5.77573            
0.963319            70912               12.8121             -0.380835           -3.51768            -2.36273            9.59993             -5.69035            
0.966797            71168               13.2766             -0.659904           -3.81773            -2.2733             9.87052             -5.82334            
0.970275            71424               13.7904             -0.980037           -4.17006            -2.17894            10.1572             -5.96871            
0.973752            71680               14.2399             -1.17111            -4.40081            -2.1369             10.4502             -6.12534            
0.97723             71936               13.803              -0.887551           -4.17621            -2.27807            10.158              -6.0189             
0.980708            72192               13.8387             -0.870413           -4.19538            -2.30705            10.176              -6.04226            
0.984185            72448               13.4424             -0.603988           -4.01732            -2.46167            9.89345             -5.94738            
0.987663            72704               13.9103             -0.943579           -4.31985            -2.31647            10.1707             -6.04686            
0.991141            72960               13.4272             -0.630765           -4.07703            -2.47493            9.84489             -5.92471            
0.994618            73216               12.6819             -0.233881           -3.74116            -2.6563             9.32368             -5.709              
0.998096            73472               12.9071             -0.453475           -3.81062            -2.47641            9.51304             -5.73156            
1.00157             73728               13.3887             -0.719268           -4.06239            -2.36784            9.82667             -5.86492            
1.00505             73984               13.7309             -0.91112            -4.17758            -2.24604            10.0927             -5.95642            
1.00853             74240               13.3801             -0.718402           -3.99956            -2.32659            9.85799             -5.85437            
1.01201             74496               13.7694             -0.943842           -4.18287            -2.22026            10.1248             -5.95299            
1.01548             74752               13.4008             -0.688456           -3.94367            -2.32169            9.9101              -5.8689             
1.01896             75008               13.6552             -0.828558           -4.15326            -2.31469            10.0286             -5.94611            
1.02244             75264               13.2704             -0.60584            -3.92729            -2.39064            9.7889              -5.84103            
1.02592             75520               13.0785             -0.527801           -3.82255            -2.40251            9.66927             -5.77635            
1.0294              75776               13.6523             -0.863144           -4.15798            -2.28374            10.023              -5.92816            
1.03287             76032               13.6271             -0.809531           -4.13204            -2.31882            10.0068             -5.92989            
1.03635             76288               13.7305             -0.975111           -4.24083            -2.22384            10.0497             -5.92103            
1.03983             76544               13.5335             -0.819997           -4.072              -2.27007            9.95571             -5.87954            
1.04331             76800               14.2815             -1.28741            -4.45714            -2.051              10.4568             -6.0668             
1.04678             77056               13.8427             -1.07677            -4.22485            -2.11307            10.1769             -5.93242            
1.05026             77312               13.0361             -0.580039           -3.70613            -2.27516            9.7057              -5.72381            
1.05374             77568               13.5267             -0.860834           -3.9856             -2.17104            10.0124             -5.8604             
1.05722             77824               14.0421             -1.17173            -4.29511            -2.05833            10.326              -5.99573            
1.06069             78080               14.324              -1.35988            -4.40067            -1.93886            10.5409             -6.05993            
1.06417             78336               13.7801             -0.995875           -4.08965            -2.1056             10.1956             -5.93008            
1.06765             78592               13.2605             -0.740122           -3.85656            -2.21497            9.83472             -5.77773            
1.07113             78848               13.5411             -0.890211           -4.04685            -2.18696            9.98885             -5.86676            
1.07461             79104               13.268              -0.664804           -3.86616            -2.29576            9.82947             -5.82318            
1.07808             79360               13.4506             -0.788792           -4.03235            -2.2781             9.9056              -5.87357            
1.08156             79616               14.1282             -1.1984             -4.40782            -2.10796            10.3383             -6.05122            
1.08504             79872               13.9642             -1.1123             -4.29956            -2.12624            10.246              -6.00293            
1.08852             80128               14.002              -1.09676            -4.29731            -2.14081            10.282              -6.02776            
1.09199             80384               14.249              -1.17225            -4.37773            -2.11349            10.4687             -6.12065            
1.09547             80640               13.7668             -0.853267           -4.0964             -2.25411            10.169              -5.99566            
1.09895             80896               13.9551             -0.977835           -4.28392            -2.25049            10.2377             -6.04433            
1.10243             81152               13.7816             -0.841485           -4.21522            -2.34268            10.1071             -6.01271            
1.1059              81408               13.1785             -0.497088           -3.83312            -2.44019            9.75334             -5.84369            
1.10938             81664               13.6167             -0.808392           -4.06916            -2.27988            10.04               -5.93336            
1.11286             81920               13.5784             -0.734558           -3.96339            -2.28138            10.0645             -5.93449            
1.11634             82176               13.5314             -0.674821           -4.01308            -2.37235            9.98401             -5.93658            
1.11981             82432               13.0476             -0.420626           -3.69615            -2.42375            9.70711             -5.79047            
1.12329             82688               13.0364             -0.402646           -3.76933            -2.48874            9.64954             -5.7928             
1.12677             82944               13.996              -0.931304           -4.33908            -2.32667            10.2334             -6.06994            
1.13025             83200               13.913              -0.91229            -4.30698            -2.32475            10.1722             -6.03904            
1.13373             83456               13.8621             -0.844298           -4.21975            -2.33788            10.1727             -6.03599            
1.1372              83712               14.0024             -1.02836            -4.21262            -2.14842            10.3247             -6.0284             
1.14068             83968               14.0049             -1.00955            -4.22045            -2.17589            10.3253             -6.04252            
1.14416             84224               14.3014             -1.2308             -4.35161            -2.04184            10.5412             -6.11037            
1.14764             84480               14.3356             -1.26397            -4.35063            -2.00669            10.5759             -6.11418            
1.15111             84736               14.0112             -1.0193             -4.23595            -2.17694            10.3213             -6.05231            
1.15459             84992               13.9942             -1.00537            -4.22038            -2.183              10.3133             -6.05012            
1.15807             85248               14.3558             -1.24524            -4.47865            -2.11055            10.5126             -6.1476             
1.16155             85504               14.2339             -1.13784            -4.30811            -2.10722            10.4983             -6.13656            
1.16502             85760               14.3648             -1.2098             -4.42569            -2.10748            10.5564             -6.18578            
1.1685              86016               13.9671             -0.923761           -4.19397            -2.24456            10.3074             -6.10903            
1.17198             86272               14.1641             -1.02279            -4.28517            -2.20183            10.4417             -6.16783            
1.17546             86528               14.2844             -1.13728            -4.4164             -2.1718             10.4856             -6.18905            
1.17894             86784               14.0139             -0.969491           -4.26764            -2.24047            10.3112             -6.12456            
1.18241             87040               14.0355             -0.931378           -4.25451            -2.26547            10.3346             -6.15378            
1.18589             87296               14.1678             -1.05405            -4.30891            -2.17597            10.4332             -6.16549            
1.18937             87552               13.6606             -0.839226           -4.09582            -2.25721            10.0757             -5.98828            
1.19285             87808               13.4344             -0.688738           -3.94417            -2.31274            9.94591             -5.92281            
1.19632             88064               13.072              -0.458345           -3.72942            -2.40894            9.72103             -5.81886            
1.1998              88320               13.8317             -0.9905             -4.18525            -2.17346            10.1896             -5.97871            
1.20328             88576               14.4081             -1.36537            -4.51732            -2.01347            10.5491             -6.10378            
1.20676             88832               13.9442             -1.05799            -4.24781            -2.14851            10.2539             -5.9789             
1.21023             89088               12.9562             -0.510588           -3.7019             -2.35067            9.62422             -5.69854            
1.21371             89344               13.0358             -0.539417           -3.75042            -2.35208            9.67105             -5.72931            
1.21719             89600               13.8553             -1.0563             -4.27154            -2.16887            10.1516             -5.94188            
1.22067             89856               13.8647             -1.064              -4.28039            -2.16751            10.1569             -5.94513            
1.22415             90112               13.8359             -1.01614            -4.23751            -2.18869            10.1537             -5.95005            
1.22762             90368               13.9894             -1.13424            -4.32882            -2.13038            10.2514             -5.98464            
1.2311              90624               13.6853             -0.986951           -4.15503            -2.16735            10.0676             -5.89355            
1.23458             90880               13.7773             -0.94851            -4.18559            -2.22219            10.1326             -5.9515             
1.23806             91136               13.763              -0.964584           -4.1431             -2.17789            10.148              -5.93305            
1.24153             91392               13.7486             -0.968309           -4.14303            -2.17316            10.1328             -5.92001            
1.24501             91648               14.0571             -1.15539            -4.38232            -2.14018            10.2825             -6.00138            
1.24849             91904               13.7573             -1.02718            -4.19946            -2.1509             10.1083             -5.90695            
1.25197             92160               13.8346             -0.969251           -4.24703            -2.23728            10.144              -5.96596            
1.25544             92416               13.5733             -0.780432           -4.03738            -2.28872            10.0144             -5.90661            
1.25892             92672               13.5236             -0.799361           -4.06387            -2.28917            9.95442             -5.87745            
1.2624              92928               13.1663             -0.625998           -3.8355             -2.31714            9.7499              -5.7709             
1.26588             93184               14.1559             -1.20728            -4.35578            -2.07023            10.4002             -6.03704            
1.26936             93440               14.4816             -1.39806            -4.47397            -1.95415            10.6496             -6.1207             
1.27283             93696               14.1238             -1.19597            -4.3103             -2.05229            10.4005             -6.02199            
1.27631             93952               13.5584             -0.850526           -4.00636            -2.20199            10.0315             -5.87299            
1.27979             94208               13.5811             -0.833391           -3.99705            -2.21362            10.0587             -5.88954            
1.28327             94464               13.4773             -0.798498           -3.94414            -2.215              9.99447             -5.85507            
1.28674             94720               13.8296             -0.99776            -4.19356            -2.17753            10.1866             -5.95182            
1.29022             94976               13.3357             -0.709098           -3.90483            -2.28111            9.8798              -5.81797            
1.2937              95232               13.6785             -0.956993           -4.12529            -2.17202            10.0807             -5.89239            
1.29718             95488               13.3445             -0.803158           -3.97141            -2.22994            9.8513              -5.78684            
1.30065             95744               13.504              -0.875633           -3.96678            -2.15186            10.0106             -5.83397            
1.30413             96000               14.0636             -1.1971             -4.26396            -2.02046            10.3767             -5.98211            
1.30761             96256               13.6193             -0.886947           -4.03255            -2.18405            10.0827             -5.88254            
1.31109             96512               14.1086             -1.17891            -4.3361             -2.08823            10.3779             -6.01746            
1.31457             96768               14.0819             -1.2348             -4.41218            -2.08252            10.3091             -5.99158            
1.31804             97024               14.2928             -1.35851            -4.52042            -2.02661            10.4486             -6.05016            
1.32152             97280               14.0435             -1.15544            -4.41345            -2.15876            10.2597             -6.00723            
1.325               97536               14.6131             -1.54763            -4.70496            -1.95341            10.6437             -6.14209            
1.32848             97792               14.1727             -1.26235            -4.52061            -2.1204             10.3213             -6.03716            
1.33195             98048               13.6046             -0.893248           -4.17715            -2.26684            9.97302             -5.8989             
1.33543             98304               13.3143             -0.706579           -4.04186            -2.36809            9.77009             -5.83152            
1.33891             98560               13.6578             -0.961713           -4.17762            -2.19882            10.0291             -5.90592            
1.34239             98816               14.2964             -1.27701            -4.55854            -2.12993            10.4141             -6.10184            
1.34586             99072               13.6612             -0.900604           -4.14093            -2.24019            10.0519             -5.93196            
1.34934             99328               13.7299             -0.930723           -4.18682            -2.23861            10.0873             -5.95544            
1.35282             99584               14.5298             -1.40995            -4.59609            -2.02168            10.6182             -6.16691            
1.3563              99840               14.0241             -1.14155            -4.31278            -2.10532            10.3                -6.01589            
1.35978             100096              13.5162             -0.86568            -4.02699            -2.19655            9.9794              -5.86794            
1.36325             100352              13.8024             -1.02701            -4.22245            -2.16023            10.1368             -5.94123            
1.36673             100608              13.1249             -0.685377           -3.8765             -2.28015            9.69281             -5.74356            
1.37021             100864              13.2762             -0.768616           -3.95871            -2.24966            9.78894             -5.78766            
1.37369             101120              13.8169             -1.03957            -4.2267             -2.15277            10.1493             -5.94846            
1.37716             101376              14.7677             -1.64675            -4.68605            -1.84358            10.8081             -6.18484            
1.38064             101632              13.9663             -1.1017             -4.21914            -2.08968            10.3034             -5.99279            
1.38412             101888              14.0623             -1.13807            -4.23801            -2.06054            10.3836             -6.01981            
1.3876              102144              14.3398             -1.3336             -4.48227            -2.01898            10.5046             -6.08966            
1.39107             102400              13.8671             -1.01891            -4.19523            -2.14794            10.2138             -5.97717            
1.39455             102656              13.429              -0.747657           -3.97405            -2.27402            9.92221             -5.86767            
1.39803             102912              13.5632             -0.769151           -4.0649             -2.30936            9.994               -5.92951            
1.40151             103168              13.0297             -0.430669           -3.74985            -2.44661            9.6656              -5.80333            
1.40499             103424              13.2179             -0.523675           -3.87298            -2.43754            9.77325             -5.85967            
1.40846             103680              12.9319             -0.396564           -3.68069            -2.44312            9.61563             -5.7667             
1.41194             103936              12.77               -0.317285           -3.62               -2.48436            9.49865             -5.72976            
1.41542             104192              12.4326             -0.0636101          -3.43953            -2.61863            9.27496             -5.6723             
1.4189              104448              12.8464             -0.276262           -3.69615            -2.5688             9.52145             -5.80773            
1.42237             104704              13.0335             -0.378092           -3.75575            -2.50502            9.67191             -5.8697             
1.42585             104960              12.8751             -0.209655           -3.60721            -2.58194            9.60317             -5.85188            
1.42933             105216              13.3614             -0.586404           -3.84735            -2.36112            9.94024             -5.94031            
1.43281             105472              13.5284             -0.673721           -3.93884            -2.33341            10.044              -5.98158            
1.43628             105728              13.7114             -0.771954           -4.0434             -2.30496            10.1569             -6.02415            
1.43976             105984              13.6568             -0.773798           -3.97293            -2.25799            10.1515             -5.99063            
1.44324             106240              13.3295             -0.548724           -3.84045            -2.39693            9.90953             -5.92059            
1.44672             106496              13.8824             -0.83511            -4.19246            -2.33585            10.2322             -6.0874             
1.4502              106752              13.4174             -0.542069           -3.96695            -2.48397            9.9114              -5.9709             
1.45367             107008              13.3536             -0.525712           -3.98425            -2.51012            9.83737             -5.94902            
1.45715             107264              14.1549             -0.949175           -4.42587            -2.36619            10.3425             -6.18367            
1.46063             107520              13.9612             -0.863037           -4.32015            -2.38266            10.2196             -6.12028            
1.46411             107776              13.0388             -0.378629           -3.80406            -2.53674            9.63688             -5.84813            
1.46758             108032              13.5058             -0.643636           -4.05418            -2.43207            9.93769             -5.97246            
1.47106             108288              14.2869             -1.05232            -4.50006            -2.30896            10.4204             -6.19512            
1.47454             108544              14.6653             -1.31745            -4.71992            -2.18454            10.6557             -6.27007            
1.47802             108800              14.7986             -1.40502            -4.73825            -2.1069             10.7729             -6.28777            
1.48149             109056              14.2346             -1.13572            -4.41735            -2.17353            10.4215             -6.10428            
1.48497             109312              14.2918             -1.22677            -4.50288            -2.13985            10.4308             -6.09548            
1.48845             109568              13.9532             -0.943107           -4.24446            -2.25806            10.255              -6.03207            
1.49193             109824              14.0721             -1.06354            -4.32648            -2.18701            10.3265             -6.04775            
1.49541             110080              14.2734             -1.21538            -4.49988            -2.14749            10.418              -6.08873            
1.49888             110336              13.7067             -0.913951           -4.16105            -2.23112            10.077              -5.92341            
1.50236             110592              13.2068             -0.618863           -3.92165            -2.37168            9.73363             -5.79116            
1.50584             110848              13.2882             -0.631185           -3.94233            -2.37334            9.7983              -5.828              
1.50932             111104              13.6785             -0.855308           -4.20976            -2.321              10.0162             -5.94235            
1.51279             111360              13.5901             -0.76325            -4.19761            -2.40599            9.93301             -5.94249            
1.51627             111616              12.6984             -0.227604           -3.66721            -2.60125            9.38878             -5.71298            
1.51975             111872              12.8646             -0.313495           -3.79036            -2.59757            9.47141             -5.76534            
1.52323             112128              13.4636             -0.690661           -4.15155            -2.45279            9.83777             -5.91456            
1.5267              112384              13.0133             -0.470031           -3.91331            -2.51769            9.54394             -5.77172            
1.53018             112640              13.1281             -0.560009           -3.97664            -2.46779            9.62032             -5.79197            
1.53366             112896              13.6021             -0.788266           -4.2411             -2.41081            9.91388             -5.93449            
1.53714             113152              13.9627             -1.00628            -4.44488            -2.32669            10.1399             -6.02665            
1.54062             113408              13.5482             -0.784589           -4.21018            -2.40275            9.88028             -5.90379            
1.54409             113664              12.6462             -0.252693           -3.65915            -2.58177            9.3391              -5.66048            
1.54757             113920              13.4655             -0.789386           -4.16967            -2.37104            9.83048             -5.86192            
1.55105             114176              13.2587             -0.625647           -4.0246             -2.44074            9.71327             -5.81898            
1.55453             114432              12.7917             -0.369813           -3.79914            -2.55088            9.39445             -5.69128            
1.558               114688              12.7858             -0.372563           -3.68167            -2.46946            9.46601             -5.68833            
1.56148             114944              13.46               -0.7059             -4.08352            -2.38978            9.87142             -5.89808            
1.56496             115200              13.406              -0.591133           -4.00259            -2.45134            9.86397             -5.91973            
1.56844             115456              13.6646             -0.769485           -4.12802            -2.35201            10.044              -5.98334            
1.57191             115712              13.939              -0.948836           -4.27515            -2.26427            10.2225             -6.0451             
1.57539             115968              13.7855             -0.863716           -4.16231            -2.27664            10.1413             -5.99344            
1.57887             116224              14.2751             -1.25918            -4.35826            -2.00673            10.5112             -6.08209            
1.58235             116480              13.4526             -0.686366           -3.89537            -2.28181            9.9827              -5.90712            
1.58582             116736              13.9932             -0.983231           -4.18174            -2.1701             10.3333             -6.06293            
1.5893              116992              13.7623             -0.88634            -4.02004            -2.16343            10.2127             -5.97764            
1.59278             117248              13.5465             -0.725398           -3.93649            -2.27454            10.0511             -5.93028            
1.59626             117504              13.6024             -0.764434           -3.98827            -2.26995            10.074              -5.94091            
1.59974             117760              13.4926             -0.703399           -3.82272            -2.22003            10.0722             -5.9058             
1.60321             118016              12.9527             -0.449639           -3.59362            -2.33203            9.69376             -5.74546            
1.60669             118272              13.1687             -0.533196           -3.71562            -2.32573            9.82858             -5.82764            
1.61017             118528              13.6845             -0.801886           -4.02703            -2.25568            10.143              -5.9868             
1.61365             118784              12.4597             -0.0100298          -3.30728            -2.58767            9.38158             -5.69207            
1.61712             119040              12.9751             -0.338042           -3.63792            -2.47607            9.68445             -5.82765            
1.6206              119296              13.6141             -0.714444           -4.0414             -2.35903            10.0574             -5.99555            
1.62408             119552              12.21               0.0696004           -3.26306            -2.64742            9.1633              -5.59386            
1.62756             119808              12.5692             -0.128659           -3.46086            -2.57323            9.38764             -5.68611            
1.63103             120064              13.194              -0.561317           -3.82447            -2.37417            9.78039             -5.8233             
1.63451             120320              12.5808             -0.215285           -3.40107            -2.45078            9.44183             -5.64598            
1.63799             120576              12.8073             -0.327694           -3.51026            -2.4074             9.59636             -5.71901            
1.64147             120832              13.7479             -0.85202            -4.04155            -2.22325            10.1881             -5.99001            
1.64495             121088              13.8532             -0.942954           -4.15021            -2.20393            10.2267             -6.00947            
1.64842             121344              14.4793             -1.30932            -4.51305            -2.07147            10.6182             -6.17775            
1.6519              121600              14.6551             -1.4146             -4.65189            -2.05172            10.7034             -6.2274             
1.65538             121856              14.0049             -1.04751            -4.36028            -2.23368            10.2453             -6.05229            
1.65886             122112              14.4923             -1.32681            -4.63219            -2.12736            10.5543             -6.18929            
1.66233             122368              14.009              -0.997915           -4.33814            -2.26443            10.2593             -6.07493            
1.66581             122624              13.6448             -0.789902           -4.13993            -2.34179            10.0216             -5.96917            
1.66929             122880              14.0058             -0.969082           -4.34458            -2.29116            10.2424             -6.07742            
1.67277             123136              14.316              -1.13273            -4.47182            -2.20972            10.4665             -6.16328            
1.67624             123392              14.1799             -1.03211            -4.43475            -2.28863            10.3527             -6.12972            
1.67972             123648              14.2803             -1.13086            -4.4745             -2.22195            10.4308             -6.13783            
1.6832              123904              13.5149             -0.665659           -4.07719            -2.43541            9.9245              -5.93193            
1.68668             124160              12.9706             -0.390286           -3.77218            -2.5158             9.5812              -5.76533            
1.69016             124416              12.878              -0.362406           -3.68052            -2.48471            9.5489              -5.72826            
1.69363             124672              13.9322             -1.0072             -4.22602            -2.18595            10.2456             -5.99737            
1.69711             124928              14.1259             -1.12801            -4.34917            -2.14404            10.3601             -6.04711            
1.70059             125184              14.1133             -1.04011            -4.3658             -2.24051            10.333              -6.07977            
1.70407             125440              13.7682             -0.837643           -4.1683             -2.31819            10.1144             -5.98628            
1.70754             125696              14.0825             -1.06625            -4.3049             -2.17977            10.3434             -6.05409            
1.71102             125952              14.4512             -1.25678            -4.45928            -2.08942            10.6075             -6.16131            
1.7145              126208              14.4312             -1.23464            -4.42209            -2.08435            10.6112             -6.15881            
1.71798             126464              14.3762             -1.27908            -4.45726            -2.064              10.5427             -6.11625            
1.72145             126720              14.5109             -1.307              -4.49279            -2.05575            10.652              -6.17182            
1.72493             126976              14.7399             -1.46352            -4.55249            -1.93631            10.8438             -6.22112            
1.72841             127232              14.1176             -1.11541            -4.23642            -2.08242            10.4262             -6.04828            
1.73189             127488              14.2328             -1.20759            -4.33067            -2.05078            10.4832             -6.07556            
1.73537             127744              14.334              -1.29664            -4.41178            -2.01381            10.5366             -6.09952            
1.73884             128000              14.2207             -1.1867             -4.31495            -2.05997            10.4862             -6.0926             
1.74232             128256              14.0885             -1.09257            -4.22223            -2.0951             10.4146             -6.07292            
1.7458              128512              14.0022             -1.04484            -4.21562            -2.13651            10.3356             -6.05651            
1.74928             128768              13.5669             -0.758651           -3.96663            -2.26346            10.0609             -5.95549            
1.75275             129024              14.0179             -1.03763            -4.34489            -2.23003            10.2702             -6.07684            
1.75623             129280              14.1444             -1.10548            -4.41901            -2.20838            10.3466             -6.11656            
1.75971             129536              13.8395             -0.935626           -4.28314            -2.29381            10.1311             -6.02615            
1.76319             129792              13.4551             -0.6904             -4.02237            -2.37193            9.91059             -5.92028            
1.76666             130048              13.4573             -0.735072           -4.04644            -2.3414             9.90024             -5.90402            
1.77014             130304              14.3115             -1.22395            -4.43618            -2.10069            10.4958             -6.13123            
1.77362             130560              14.1774             -1.07656            -4.43156            -2.25044            10.3581             -6.11558            
1.7771              130816              13.9984             -1.06305            -4.33779            -2.20672            10.2496             -6.02417            
1.78058             131072              14.1099             -1.17109            -4.39633            -2.13788            10.3268             -6.03161            
1.78405             131328              14.1975             -1.25606            -4.39309            -2.05247            10.418              -6.0418             
1.78753             131584              14.0654             -1.12698            -4.30737            -2.12471            10.3412             -6.03562            
1.79101             131840              13.7193             -0.902445           -4.11772            -2.22687            10.1196             -5.95085            
1.79449             132096              14.055              -1.10733            -4.39119            -2.19346            10.281              -6.03919            
1.79796             132352              13.8763             -0.97099            -4.32664            -2.28633            10.1405             -5.99947            
1.80144             132608              14.2686             -1.23851            -4.53261            -2.15212            10.4014             -6.09318            
1.80492             132864              13.3924             -0.673057           -4.03639            -2.39397            9.84301             -5.88048            
1.8084              133120              13.9005             -0.999501           -4.32893            -2.25344            10.1615             -6.01447            
1.81187             133376              13.3401             -0.591371           -3.94098            -2.41321            9.84742             -5.89639            
1.81535             133632              13.4191             -0.674835           -4.00053            -2.37004            9.89581             -5.9112             
1.81883             133888              13.3972             -0.646339           -3.99847            -2.39996            9.87656             -5.91066            
1.82231             134144              13.547              -0.762931           -4.11947            -2.36092            9.94822             -5.93884            
1.82579             134400              13.1893             -0.611876           -3.86201            -2.34585            9.76291             -5.81341            
1.82926             134656              13.1057             -0.562702           -3.834              -2.37944            9.6984              -5.78796            
1.83274             134912              13.2912             -0.63495            -3.90493            -2.35276            9.83352             -5.84913            
1.83622             135168              12.873              -0.399988           -3.65872            -2.42891            9.5735              -5.73276            
1.8397              135424              13.4923             -0.703636           -3.95799            -2.31606            9.99189             -5.92379            
1.84317             135680              13.5892             -0.755367           -4.03298            -2.31342            10.0412             -5.95823            
1.84665             135936              13.3426             -0.57652            -3.88543            -2.39806            9.88648             -5.91158            
1.85013             136192              13.5488             -0.707897           -4.02533            -2.35585            10.0018             -5.96722            
1.85361             136448              13.4896             -0.709027           -4.03562            -2.36304            9.94472             -5.94524            
1.85708             136704              13.6973             -0.863441           -4.14562            -2.27936            10.0853             -5.99599            
1.86056             136960              13.8789             -0.911607           -4.19421            -2.25819            10.2276             -6.06735            
1.86404             137216              14.0512             -1.00232            -4.28424            -2.22367            10.341              -6.11812            
1.86752             137472              14.3057             -1.12216            -4.43605            -2.20174            10.493              -6.19549            
1.871               137728              14.2168             -1.05158            -4.25549            -2.15472            10.5193             -6.17284            
1.87447             137984              13.8458             -0.861688           -4.07037            -2.22717            10.2721             -6.0617             
1.87795             138240              13.7694             -0.836409           -4.0801             -2.26087            10.1914             -6.0302             
1.88143             138496              13.3262             -0.585871           -3.82879            -2.35236            9.90989             -5.90166            
1.88491             138752              13.8497             -0.904552           -4.16429            -2.24963            10.2143             -6.02977            
1.88838             139008              13.8103             -0.950045           -4.16864            -2.20897            10.1755             -5.98406            
1.89186             139264              13.5814             -0.769746           -4.03557            -2.30401            10.028              -5.93309            
1.89534             139520              13.7644             -0.913928           -4.12116            -2.21969            10.1601             -5.97202            
1.89882             139776              13.7035             -0.825798           -4.01929            -2.24567            10.164              -5.97286            
1.90229             140032              13.7338             -0.840141           -4.02676            -2.23703            10.1901             -5.9886             
1.90577             140288              13.4487             -0.711411           -3.8752             -2.27003            10.0051             -5.89842            
1.90925             140544              13.5727             -0.837201           -3.97259            -2.2059             10.0674             -5.90669            
1.91273             140800              13.908              -0.982781           -4.14318            -2.16572            10.2817             -6.00528            
1.91621             141056              13.6694             -0.821966           -3.99658            -2.22761            10.1347             -5.94365            
1.91968             141312              13.4738             -0.674582           -3.9073             -2.3146             9.99641             -5.909              
1.92316             141568              13.7431             -0.83046            -4.11975            -2.29186            10.1322             -5.98611            
1.92664             141824              13.8754             -0.884115           -4.21249            -2.29876            10.2028             -6.03097            
1.93012             142080              14.2285             -1.09948            -4.44795            -2.23558            10.4036             -6.12863            
1.93359             142336              13.2549             -0.475866           -3.84169            -2.4695             9.81995             -5.88907            
1.93707             142592              13.2734             -0.481812           -3.86283            -2.47               9.82277             -5.90209            
1.94055             142848              13.9287             -0.898164           -4.26541            -2.31065            10.2169             -6.07151            
1.94403             143104              13.7398             -0.803744           -4.21338            -2.37174            10.0649             -6.01591            
1.9475              143360              13.3527             -0.591378           -3.98343            -2.43549            9.82833             -5.90208            
1.95098             143616              12.7854             -0.283656           -3.65068            -2.53147            9.48523             -5.74022            
1.95446             143872              13.6681             -0.807244           -4.13971            -2.32032            10.0483             -5.97318            
1.95794             144128              13.0578             -0.494965           -3.72851            -2.37078            9.71395             -5.80153            
1.96142             144384              13.9251             -0.981218           -4.32253            -2.26539            10.1967             -6.05876            
1.96489             144640              13.6294             -0.783811           -4.11254            -2.3279             10.0391             -5.99643            
1.96837             144896              13.9273             -0.936429           -4.30805            -2.29979            10.2069             -6.0832             
1.97185             145152              13.7949             -0.867547           -4.22896            -2.31762            10.1255             -6.03817            
1.97533             145408              12.9537             -0.325836           -3.71853            -2.52844            9.60763             -5.8228             
1.9788              145664              13.5979             -0.732438           -3.99747            -2.29737            10.0686             -5.97565            
1.98228             145920              13.6192             -0.777177           -4.03303            -2.28072            10.0712             -5.97126            
1.98576             146176              13.6409             -0.770867           -4.01109            -2.27774            10.1048             -5.98308            
1.98924             146432              13.9444             -0.905331           -4.07884            -2.18864            10.3615             -6.08012            
1.99271             146688              14.3596             -1.14546            -4.35224            -2.12619            10.5994             -6.18794            
1.99619             146944              13.6411             -0.754054           -3.9816             -2.2832             10.1278             -5.98488            
1.99967             147200              13.8025             -0.822886           -4.11152            -2.29515            10.2007             -6.03992            
