#Time               nTime               force-x             force-y             force-z             moment-x            moment-y            moment-z            
0                   0                   -0.000920268        -3.2412e-05         -0.00303664         -0.0012889          0.00172627          0.00036227          
0.00347769          256                 0.917568            0.00374738          2.39555             1.09128             -1.15939            -0.424985           
0.00695537          512                 -30.8191            0.605162            -60.9313            -25.8592            19.8578             13.1533             
0.0104331           768                 -80.3896            -2.95528            -263.961            -112.331            149.166             31.7024             
0.0139107           1024                -8.70952            -1.16096            -48.8922            -20.7951            35.2973             2.9718              
0.0173884           1280                16.3817             -0.126554           37.8224             16.0891             -15.4579            -6.92876            
0.0208661           1536                36.7951             0.624635            103.36              43.987              -52.0239            -14.9338            
0.0243438           1792                -2.60216            0.61972             8.10071             3.30336             -10.7248            1.52958             
0.0278215           2048                -0.361583           0.206698            4.71111             1.74378             -4.89617            0.352117            
0.0312992           2304                30.5185             1.11945             100.099             42.4982             -56.6475            -12.003             
0.0347769           2560                26.7418             1.12327             90.2676             38.2916             -52.0738            -10.3886            
0.0382545           2816                18.8676             0.701696            61.3191             26.0385             -34.5451            -7.39988            
0.0417322           3072                10.0998             0.437167            34.8047             14.6689             -20.3671            -3.90896            
0.0452099           3328                12.9867             0.50974             42.7384             18.1162             -24.2646            -5.08928            
0.0486876           3584                12.5207             0.488367            40.7926             17.3216             -23.0178            -4.91232            
0.0521653           3840                9.62391             0.372318            31.2985             13.2715             -17.6451            -3.77754            
0.055643            4096                7.62106             0.280466            24.4599             10.3613             -13.67              -3.00187            
0.0591207           4352                6.61441             0.259451            21.5897             9.15071             -12.2045            -2.59468            
0.0625984           4608                6.42721             0.252352            20.9757             8.89295             -11.8551            -2.51974            
0.066076            4864                6.67889             0.23863             21.3949             9.06823             -11.9421            -2.6311             
0.0695537           5120                6.87134             0.247512            22.1328             9.37681             -12.3977            -2.70262            
0.0730314           5376                7.1943              0.259059            23.1805             9.82769             -12.9866            -2.82904            
0.0765091           5632                7.40628             0.276765            24.1295             10.2283             -13.6171            -2.90256            
0.0799868           5888                7.88154             0.289098            25.6661             10.8734             -14.4767            -3.09079            
0.0834645           6144                8.58901             0.319248            28.0556             11.8887             -15.8542            -3.3657             
0.0869422           6400                9.26114             0.346516            30.3157             12.841              -17.154             -3.62643            
0.0904198           6656                9.89892             0.37528             32.4614             13.7533             -18.3904            -3.87341            
0.0938975           6912                10.4684             0.401796            34.4233             14.5837             -19.5379            -4.09223            
0.0973752           7168                10.8725             0.417267            35.7581             15.1505             -20.2989            -4.2502             
0.100853            7424                11.2535             0.430836            36.961              15.6652             -20.9633            -4.39993            
0.104331            7680                11.3193             0.434234            37.2593             15.7834             -21.1621            -4.42375            
0.107808            7936                11.2599             0.43781             37.1338             15.7385             -21.1169            -4.3983             
0.111286            8192                11.0157             0.426004            36.2546             15.3672             -20.5903            -4.3045             
0.114764            8448                10.9435             0.425658            36.0661             15.2912             -20.5006            -4.2762             
0.118241            8704                10.7155             0.414449            35.3142             14.9648             -20.0715            -4.18792            
0.121719            8960                10.338              0.396138            33.9904             14.4048             -19.2912            -4.04313            
0.125197            9216                10.3577             0.395446            34.0606             14.4324             -19.3307            -4.05196            
0.128674            9472                10.2254             0.391005            33.6459             14.2561             -19.1032            -3.99939            
0.132152            9728                10.2194             0.392007            33.6333             14.2533             -19.0979            -3.99677            
0.13563             9984                10.3403             0.398275            34.0863             14.4434             -19.3753            -4.04166            
0.139107            10240               10.5165             0.407191            34.6868             14.7065             -19.7236            -4.11176            
0.142585            10496               10.4868             0.407779            34.6439             14.685              -19.721             -4.09757            
0.146063            10752               10.7294             0.412523            35.3648             14.9885             -20.0984            -4.19478            
0.149541            11008               10.8044             0.413297            35.5795             15.0792             -20.2089            -4.22534            
0.153018            11264               10.7645             0.411194            35.4327             15.0184             -20.1191            -4.21018            
0.156496            11520               10.526              0.409679            34.8077             14.7521             -19.8237            -4.11081            
0.159974            11776               10.5004             0.40207             34.6253             14.6699             -19.6826            -4.10487            
0.163451            12032               10.2168             0.386748            33.6031             14.2349             -19.0687            -3.99635            
0.166929            12288               10.1962             0.382008            33.4677             14.1777             -18.9647            -3.99084            
0.170407            12544               9.76303             0.370251            32.1283             13.6102             -18.2372            -3.8175             
0.173884            12800               9.53948             0.36438             31.4273             13.3162             -17.8536            -3.72891            
0.177362            13056               9.5611              0.361359            31.3913             13.3071             -17.7916            -3.74193            
0.18084             13312               9.3327              0.352042            30.6751             12.9949             -17.3994            -3.6505             
0.184317            13568               9.35194             0.353684            30.7702             13.0389             -17.4643            -3.65933            
0.187795            13824               9.32524             0.353326            30.6295             12.9873             -17.3673            -3.64859            
0.191273            14080               9.22681             0.349594            30.3291             12.8567             -17.2055            -3.60878            
0.19475             14336               9.0741              0.348514            29.9415             12.6941             -17.0278            -3.54783            
0.198228            14592               9.15382             0.342615            30.0128             12.7274             -16.9983            -3.58561            
0.201706            14848               8.61593             0.328944            28.4474             12.051              -16.1851            -3.36734            
0.205183            15104               8.5745              0.323009            28.2002             11.9486             -16.0033            -3.35428            
0.208661            15360               9.09554             0.339924            29.8115             12.6417             -16.8794            -3.56204            
0.212139            15616               8.80237             0.328               28.8794             12.2379             -16.3635            -3.44632            
0.215617            15872               8.70144             0.324989            28.5498             12.1012             -16.1759            -3.40669            
0.219094            16128               8.61031             0.325042            28.3475             12.013              -16.0984            -3.36835            
0.222572            16384               8.58327             0.319161            28.185              11.9406             -15.9794            -3.36108            
0.22605             16640               8.71634             0.332111            28.6872             12.1652             -16.2876            -3.40863            
0.229527            16896               9.15921             0.349448            30.1893             12.7981             -17.1565            -3.58082            
0.233005            17152               9.21419             0.34616             30.2571             12.8279             -17.1521            -3.60705            
0.236483            17408               8.76108             0.332342            28.9233             12.2484             -16.4542            -3.42444            
0.23996             17664               8.94589             0.338587            29.4237             12.4758             -16.6975            -3.50043            
0.243438            17920               8.98695             0.342829            29.6663             12.5673             -16.8749            -3.51112            
0.246916            18176               8.96951             0.347294            29.6368             12.569              -16.8691            -3.50379            
0.250393            18432               8.89426             0.342652            29.3734             12.4562             -16.7143            -3.4758             
0.253871            18688               8.88355             0.339579            29.2948             12.4228             -16.6532            -3.47392            
0.257349            18944               8.85979             0.339099            29.2696             12.4042             -16.6581            -3.46275            
0.260826            19200               9.08818             0.352291            30.0811             12.7513             -17.1417            -3.54799            
0.264304            19456               9.17757             0.344508            30.1832             12.7916             -17.128             -3.59092            
0.267782            19712               9.2597              0.346864            30.5191             12.9228             -17.3406            -3.62191            
0.27126             19968               9.47633             0.365473            31.3376             13.2879             -17.8457            -3.70303            
0.274737            20224               9.4673              0.360191            31.2247             13.2383             -17.7529            -3.70262            
0.278215            20480               9.43115             0.363266            31.2167             13.2315             -17.7877            -3.68478            
0.281693            20736               9.30664             0.357144            30.8171             13.058              -17.5639            -3.63738            
0.28517             20992               9.6489              0.370529            31.8075             13.4984             -18.0785            -3.77362            
0.288648            21248               9.26618             0.34893             30.5441             12.9409             -17.3571            -3.62526            
0.292126            21504               9.12504             0.340889            30.0252             12.7236             -17.044             -3.57329            
0.295603            21760               9.28584             0.353991            30.6079             12.9847             -17.3956            -3.63364            
0.299081            22016               9.50737             0.361887            31.3484             13.2928             -17.8185            -3.71811            
0.302559            22272               9.28167             0.350688            30.6134             12.9727             -17.4053            -3.63134            
0.306036            22528               9.56126             0.364495            31.5848             13.3881             -17.9756            -3.73903            
0.309514            22784               9.57427             0.373059            31.7252             13.4511             -18.0937            -3.73768            
0.312992            23040               10.0948             0.383799            33.3007             14.1191             -18.9341            -3.94943            
0.316469            23296               10.1945             0.392383            33.7206             14.2942             -19.2076            -3.98314            
0.319947            23552               10.3029             0.395795            34.0832             14.4453             -19.4168            -4.02538            
0.323425            23808               10.6169             0.407484            35.1087             14.884              -19.9954            -4.15002            
0.326903            24064               10.6376             0.400349            35.1068             14.8693             -19.9676            -4.16183            
0.33038             24320               10.7592             0.405155            35.4397             15.0181             -20.1307            -4.20971            
0.333858            24576               10.7706             0.407831            35.5213             15.0562             -20.1951            -4.2132             
0.337336            24832               10.5189             0.410284            34.8456             14.7807             -19.8685            -4.10694            
0.340813            25088               10.4836             0.400588            34.6144             14.6817             -19.6962            -4.10184            
0.344291            25344               10.4868             0.397565            34.6097             14.6681             -19.6831            -4.1018             
0.347769            25600               10.2771             0.379886            33.8144             14.3194             -19.1935            -4.02562            
0.351246            25856               10.1312             0.380794            33.3915             14.1521             -18.9749            -3.96553            
0.354724            26112               9.85591             0.372113            32.5087             13.7767             -18.4843            -3.85509            
0.358202            26368               9.94525             0.370488            32.668              13.8545             -18.5223            -3.89675            
0.361679            26624               9.46346             0.353               31.1212             13.1931             -17.6598            -3.70649            
0.365157            26880               9.31381             0.347229            30.5736             12.9694             -17.3285            -3.64933            
0.368635            27136               9.10333             0.342441            30.0004             12.7161             -17.0468            -3.56187            
0.372112            27392               9.00334             0.333996            29.6034             12.546              -16.7969            -3.52732            
0.37559             27648               8.61256             0.314521            28.2615             11.9727             -16.013             -3.37678            
0.379068            27904               8.23299             0.310743            27.1658             11.5122             -15.4477            -3.21962            
0.382546            28160               8.27139             0.305574            27.1733             11.5193             -15.4075            -3.24141            
0.386023            28416               8.25671             0.303648            27.092              11.4862             -15.3488            -3.23779            
0.389501            28672               8.07105             0.294306            26.5147             11.2259             -15.0332            -3.16234            
0.392979            28928               8.42931             0.310128            27.5961             11.7089             -15.6127            -3.30558            
0.396456            29184               8.79802             0.330476            28.9932             12.2938             -16.4727            -3.4439             
0.399934            29440               9.22141             0.34275             30.3064             12.8525             -17.1899            -3.613              
0.403412            29696               9.71122             0.365068            32.0276             13.5738             -18.205             -3.79946            
0.406889            29952               9.86824             0.369112            32.5747             13.7978             -18.526             -3.86138            
0.410367            30208               10.0015             0.37741             33.0293             13.9997             -18.7903            -3.91403            
0.413845            30464               10.2962             0.39202             34.0339             14.4312             -19.3739            -4.02706            
0.417322            30720               10.6305             0.396097            35.0105             14.8425             -19.8823            -4.16546            
0.4208              30976               10.3604             0.389659            34.1868             14.4888             -19.4386            -4.05322            
0.424278            31232               10.4898             0.393297            34.5732             14.6579             -19.6441            -4.10679            
0.427755            31488               10.1913             0.386935            33.7324             14.2928             -19.219             -3.98475            
0.431233            31744               10.2611             0.388552            33.8654             14.3638             -19.2581            -4.01545            
0.434711            32000               9.9166              0.371805            32.7147             13.8638             -18.5997            -3.88112            
0.438188            32256               10.0368             0.378683            33.1592             14.0555             -18.8676            -3.92682            
0.441666            32512               9.84986             0.372612            32.5333             13.7966             -18.5117            -3.85493            
0.445144            32768               9.86944             0.362706            32.4156             13.7423             -18.3756            -3.87014            
0.448622            33024               9.74059             0.354165            31.9654             13.5402             -18.1096            -3.81878            
0.452099            33280               9.97583             0.368685            32.7564             13.8952             -18.5646            -3.91146            
0.455577            33536               9.78516             0.363958            32.2484             13.6714             -18.3221            -3.83374            
0.459055            33792               9.80161             0.366432            32.2828             13.6907             -18.3348            -3.83875            
0.462532            34048               9.93252             0.373516            32.7838             13.9033             -18.6441            -3.88928            
0.46601             34304               9.6616              0.357515            31.8712             13.496              -18.1186            -3.78333            
0.469488            34560               9.72292             0.358458            31.976              13.5523             -18.1421            -3.81014            
0.472965            34816               9.8474              0.364811            32.386              13.7348             -18.3756            -3.86052            
0.476443            35072               9.98621             0.374654            32.9121             13.9574             -18.6993            -3.90935            
0.479921            35328               10.0844             0.369633            33.1516             14.0451             -18.8042            -3.95281            
0.483398            35584               10.0678             0.368924            33.0857             14.0187             -18.763             -3.94619            
0.486876            35840               10.0412             0.380622            33.2141             14.0822             -18.9145            -3.92828            
0.490354            36096               10.0189             0.38065             33.1434             14.0532             -18.8773            -3.91858            
0.493831            36352               10.3354             0.384003            34.046              14.4309             -19.3374            -4.04772            
0.497309            36608               10.3605             0.384896            34.1112             14.4576             -19.3664            -4.05564            
0.500787            36864               10.3461             0.38489             34.1124             14.4572             -19.3855            -4.05207            
0.504265            37120               10.2539             0.377914            33.743              14.3003             -19.152             -4.0175             
0.507742            37376               10.5407             0.391599            34.6809             14.7102             -19.6825            -4.1303             
0.51122             37632               10.5163             0.388433            34.6087             14.6723             -19.6434            -4.1209             
0.514698            37888               10.4634             0.384004            34.3999             14.5831             -19.512             -4.10271            
0.518175            38144               10.4435             0.379918            34.2968             14.5334             -19.4403            -4.09467            
0.521653            38400               10.3497             0.377952            34.0425             14.4194             -19.3163            -4.05554            
0.525131            38656               10.239              0.373991            33.6477             14.2629             -19.0795            -4.01478            
0.528608            38912               9.90392             0.372684            32.7527             13.892              -18.6503            -3.87749            
0.532086            39168               9.94328             0.372554            32.7985             13.9191             -18.6453            -3.89617            
0.535564            39424               9.8205              0.359915            32.2522             13.6835             -18.2841            -3.85199            
0.539041            39680               9.5732              0.356322            31.6082             13.402              -17.9789            -3.74908            
0.542519            39936               9.54481             0.345304            31.369              13.2902             -17.7902            -3.74291            
0.545997            40192               9.7756              0.35648             32.1627             13.633              -18.2514            -3.83312            
0.549474            40448               9.64466             0.357481            31.8292             13.5001             -18.1009            -3.77936            
0.552952            40704               10.018              0.369676            33.0428             14.013              -18.782             -3.92792            
0.55643             40960               9.94998             0.365977            32.7941             13.9074             -18.6346            -3.90115            
0.559907            41216               10.228              0.377649            33.7451             14.3085             -19.1849            -4.00868            
0.563385            41472               10.2523             0.383005            33.9017             14.3812             -19.3034            -4.01635            
0.566863            41728               9.7609              0.361642            32.2671             13.6781             -18.3698            -3.82401            
0.570341            41984               9.96295             0.366244            32.8743             13.9404             -18.6923            -3.90703            
0.573818            42240               10.0333             0.374964            33.1709             14.0726             -18.8855            -3.93045            
0.577296            42496               10.0745             0.360939            32.9842             13.9887             -18.6611            -3.95526            
0.580774            42752               10.4157             0.379362            34.2438             14.5242             -19.4225            -4.08718            
0.584251            43008               10.3516             0.382326            34.1653             14.4863             -19.4281            -4.05743            
0.587729            43264               10.555              0.39196             34.785              14.7675             -19.7638            -4.13948            
0.591207            43520               10.2796             0.381756            33.932              14.3916             -19.3005            -4.02729            
0.594684            43776               10.6425             0.387501            35.0033             14.8402             -19.8605            -4.17484            
0.598162            44032               11.1213             0.409012            36.6289             15.5342             -20.8               -4.3601             
0.60164             44288               11.0139             0.410302            36.3701             15.4228             -20.692             -4.31253            
0.605117            44544               10.8235             0.406346            35.7669             15.1794             -20.3576            -4.23996            
0.608595            44800               10.9578             0.401951            36.0227             15.283              -20.4331            -4.29766            
0.612073            45056               11.0529             0.403967            36.3438             15.4116             -20.6164            -4.33421            
0.61555             45312               10.4416             0.384865            34.4259             14.5993             -19.5645            -4.09297            
0.619028            45568               10.3671             0.384016            34.1886             14.5045             -19.4326            -4.06351            
0.622506            45824               10.1606             0.37939             33.5961             14.2491             -19.1285            -3.97964            
0.625984            46080               9.75945             0.359465            32.1309             13.6365             -18.2444            -3.82786            
0.629461            46336               9.54079             0.351289            31.3906             13.3216             -17.8153            -3.74042            
0.632939            46592               9.5252              0.351045            31.3929             13.3184             -17.8359            -3.73434            
0.636417            46848               9.6195              0.343786            31.4884             13.3532             -17.8092            -3.77747            
0.639894            47104               8.91411             0.327542            29.3768             12.4584             -16.6889            -3.49407            
0.643372            47360               9.19931             0.336394            30.2669             12.8363             -17.1753            -3.60648            
0.64685             47616               9.34209             0.346921            30.8337             13.081              -17.5337            -3.66065            
0.650327            47872               9.68429             0.361231            31.9399             13.556              -18.1537            -3.79429            
0.653805            48128               9.83624             0.367959            32.5091             13.7921             -18.5031            -3.85336            
0.657283            48384               10.1386             0.375089            33.4534             14.1813             -19.02              -3.97123            
0.66076             48640               10.5637             0.396767            34.9208             14.8061             -19.8772            -4.13193            
0.664238            48896               10.7099             0.404807            35.4463             15.0326             -20.195             -4.19008            
0.667716            49152               11.0462             0.415755            36.5112             15.4852             -20.7819            -4.32304            
0.671193            49408               11.3166             0.424587            37.379              15.8539             -21.2669            -4.43146            
0.674671            49664               11.2639             0.430732            37.322              15.8371             -21.2783            -4.40698            
0.678149            49920               10.985              0.410913            36.3011             15.3887             -20.6598            -4.30209            
0.681626            50176               10.7753             0.404905            35.591              15.0885             -20.2511            -4.21506            
0.685104            50432               10.6995             0.404142            35.3281             14.9885             -20.097             -4.18688            
0.688582            50688               10.6117             0.39332             34.9261             14.8152             -19.8299            -4.15818            
0.69206             50944               10.6189             0.401759            35.0594             14.8778             -19.9428            -4.15614            
0.695537            51200               9.99512             0.376563            32.9901             13.999              -18.7646            -3.91247            
0.699015            51456               9.34519             0.349503            30.861              13.0835             -17.5599            -3.65715            
0.702493            51712               9.25081             0.346836            30.5634             12.9593             -17.3939            -3.62094            
0.70597             51968               9.36472             0.350714            30.8538             13.0957             -17.5284            -3.66722            
0.709448            52224               9.1442              0.336918            30.0645             12.7524             -17.0567            -3.58442            
0.712926            52480               8.93669             0.334047            29.5354             12.5142             -16.8109            -3.49537            
0.716403            52736               9.00498             0.327981            29.5115             12.5231             -16.7087            -3.53378            
0.719881            52992               9.36682             0.351469            30.8479             13.0946             -17.5191            -3.66871            
0.723359            53248               9.16661             0.336122            30.1574             12.7793             -17.1156            -3.59098            
0.726836            53504               9.28943             0.343505            30.6288             12.9771             -17.4072            -3.63618            
0.730314            53760               9.7154              0.365924            32.0833             13.6095             -18.2528            -3.80192            
0.733792            54016               9.80475             0.36462             32.331              13.7064             -18.3767            -3.84014            
0.73727             54272               9.82389             0.375134            32.5754             13.8112             -18.5828            -3.83849            
0.740747            54528               9.85994             0.376631            32.673              13.8612             -18.6304            -3.8569             
0.744225            54784               9.95023             0.376806            32.8578             13.9435             -18.694             -3.89425            
0.747703            55040               9.99192             0.384546            33.1026             14.0499             -18.8731            -3.90585            
0.75118             55296               10.2129             0.379885            33.6573             14.2688             -19.1225            -3.99851            
0.754658            55552               10.3803             0.389278            34.2315             14.5182             -19.4579            -4.06285            
0.758136            55808               10.2849             0.38403             33.8588             14.3679             -19.2254            -4.02965            
0.761613            56064               10.319              0.388166            34.056              14.4404             -19.368             -4.03667            
0.765091            56320               10.5411             0.398331            34.8047             14.765              -19.7983            -4.12564            
0.768569            56576               10.3487             0.389494            34.1449             14.4776             -19.4145            -4.04784            
0.772046            56832               10.5908             0.394558            34.857              14.7841             -19.7867            -4.14765            
0.775524            57088               10.3699             0.390065            34.2175             14.5104             -19.4568            -4.05809            
0.779002            57344               10.1293             0.383906            33.4562             14.1911             -19.0357            -3.96154            
0.782479            57600               10.2597             0.383199            33.7654             14.3241             -19.1677            -4.01762            
0.785957            57856               10.2962             0.380359            33.8412             14.3467             -19.1924            -4.03207            
0.789435            58112               9.73485             0.370488            32.189              13.6563             -18.3291            -3.80717            
0.792912            58368               9.67969             0.365893            31.9288             13.5501             -18.1514            -3.78775            
0.79639             58624               9.63815             0.355885            31.6815             13.4287             -17.9696            -3.77328            
0.799868            58880               9.82089             0.361871            32.242              13.6721             -18.2723            -3.84688            
0.803346            59136               10.0196             0.372323            32.9284             13.966              -18.6735            -3.92151            
0.806823            59392               10.0186             0.372333            32.9842             13.9857             -18.7269            -3.92322            
0.810301            59648               10.0537             0.380449            33.2074             14.0881             -18.8932            -3.93437            
0.813779            59904               10.0874             0.384191            33.3409             14.1446             -18.9785            -3.94423            
0.817256            60160               10.2814             0.386525            33.9231             14.3813             -19.2866            -4.02115            
0.820734            60416               10.4678             0.387812            34.3813             14.5852             -19.4894            -4.10169            
0.824212            60672               10.2155             0.385418            33.7487             14.3092             -19.2021            -3.99608            
0.827689            60928               10.1165             0.382868            33.3526             14.1525             -18.9532            -3.95751            
0.831167            61184               9.9722              0.372304            32.8713             13.9314             -18.6758            -3.90167            
0.834645            61440               9.94108             0.372216            32.7603             13.8892             -18.6092            -3.89004            
0.838122            61696               9.56142             0.360888            31.57               13.3846             -17.9569            -3.73922            
0.8416              61952               9.96686             0.377316            32.856              13.9405             -18.6676            -3.89771            
0.845078            62208               10.0523             0.377959            33.1367             14.0548             -18.8279            -3.93468            
0.848555            62464               10.1016             0.375481            33.2093             14.0799             -18.8357            -3.95365            
0.852033            62720               10.1305             0.378705            33.3909             14.1507             -18.9701            -3.96209            
0.855511            62976               10.35               0.382077            34.0039             14.4151             -19.2772            -4.05401            
0.858989            63232               10.3676             0.395484            34.2657             14.537              -19.5015            -4.05397            
0.862466            63488               10.7692             0.41609             35.6596             15.1354             -20.3212            -4.20789            
0.865944            63744               10.6954             0.402474            35.2569             14.951              -20.0318            -4.18471            
0.869422            64000               10.2045             0.389824            33.7935             14.3255             -19.2594            -3.98668            
0.872899            64256               10.2898             0.384203            33.8946             14.3701             -19.2483            -4.02733            
0.876377            64512               10.4013             0.383492            34.0941             14.4641             -19.3003            -4.07576            
0.879855            64768               10.0231             0.375622            33.0152             13.9992             -18.7498            -3.92128            
0.883332            65024               9.9937              0.370668            32.8515             13.927              -18.6294            -3.91182            
0.88681             65280               9.51697             0.358811            31.3555             13.3025             -17.8102            -3.72181            
0.890288            65536               9.45458             0.358995            31.1823             13.2314             -17.7243            -3.69607            
0.893765            65792               9.49615             0.35152             31.1711             13.2248             -17.6617            -3.72092            
0.897243            66048               9.64598             0.354227            31.6234             13.4119             -17.9017            -3.78               
0.900721            66304               9.5177              0.357896            31.36               13.2989             -17.8117            -3.72175            
0.904198            66560               9.64131             0.358742            31.732              13.4484             -18.0119            -3.77107            
0.907676            66816               10.2847             0.385425            33.841              14.358              -19.204             -4.02602            
0.911154            67072               9.84973             0.368387            32.4954             13.768              -18.473             -3.85207            
0.914631            67328               10.2602             0.38015             33.7154             14.2946             -19.1172            -4.01648            
0.918109            67584               10.684              0.407301            35.3163             14.9809             -20.1007            -4.17721            
0.921587            67840               10.545              0.395782            34.7792             14.7441             -19.7691            -4.12627            
0.925065            68096               10.5944             0.394227            34.8424             14.7721             -19.7663            -4.14652            
0.928542            68352               10.5059             0.39754             34.6685             14.7073             -19.7149            -4.10977            
0.93202             68608               10.5239             0.394468            34.6421             14.6944             -19.6671            -4.11878            
0.935498            68864               10.4509             0.391055            34.3782             14.5837             -19.5087            -4.09017            
0.938975            69120               10.7454             0.40358             35.3988             15.014              -20.1058            -4.20464            
0.942453            69376               10.2617             0.384997            33.833              14.3437             -19.2294            -4.01413            
0.945931            69632               10.1258             0.379907            33.3459             14.1472             -18.9367            -3.96349            
0.949408            69888               10.0432             0.374964            33.0648             14.0231             -18.7742            -3.93158            
0.952886            70144               10.06               0.378269            33.1702             14.0658             -18.852             -3.9344             
0.956364            70400               10.0479             0.376369            33.0766             14.0327             -18.7797            -3.93272            
0.959841            70656               9.8835              0.373595            32.6013             13.834              -18.5332            -3.8677             
0.963319            70912               9.5522              0.361753            31.5821             13.3919             -17.9803            -3.73472            
0.966797            71168               9.52004             0.367311            31.5505             13.3916             -17.992             -3.71997            
0.970275            71424               9.68276             0.364772            31.9127             13.5408             -18.1327            -3.78848            
0.973752            71680               9.68566             0.361299            31.8586             13.5141             -18.0785            -3.79014            
0.97723             71936               9.17809             0.339287            30.2475             12.8135             -17.1837            -3.59135            
0.980708            72192               9.18522             0.343041            30.3203             12.8493             -17.2438            -3.59307            
0.984185            72448               9.71882             0.368098            32.0668             13.612              -18.232             -3.80316            
0.987663            72704               9.95077             0.375733            32.8148             13.9284             -18.6523            -3.89472            
0.991141            72960               9.62225             0.361208            31.789              13.4725             -18.0895            -3.76311            
0.994618            73216               10.005              0.372403            32.9389             13.971              -18.701             -3.91809            
0.998096            73472               10.1724             0.385469            33.5607             14.244              -19.0821            -3.9792             
1.00157             73728               10.4197             0.392709            34.3522             14.5777             -19.5236            -4.07768            
1.00505             73984               10.5068             0.394916            34.6769             14.7054             -19.7207            -4.11096            
1.00853             74240               10.697              0.394828            35.1401             14.9022             -19.9227            -4.19109            
1.01201             74496               10.5828             0.394868            34.8747             14.7818             -19.8142            -4.13918            
1.01548             74752               10.6192             0.402621            35.1108             14.8953             -19.9896            -4.15535            
1.01896             75008               10.5992             0.388352            34.8155             14.7589             -19.7393            -4.15426            
1.02244             75264               10.0719             0.380494            33.3284             14.1255             -18.9849            -3.93726            
1.02592             75520               9.93702             0.370885            32.7479             13.8911             -18.6071            -3.89134            
1.0294              75776               9.94637             0.371415            32.7439             13.8966             -18.5915            -3.89683            
1.03287             76032               9.85183             0.371465            32.4805             13.7849             -18.4594            -3.85575            
1.03635             76288               9.81707             0.362224            32.2288             13.6747             -18.2657            -3.84813            
1.03983             76544               9.54213             0.349687            31.3198             13.2762             -17.7479            -3.73774            
1.04331             76800               9.85185             0.355664            32.2339             13.6639             -18.2267            -3.86384            
1.04678             77056               9.94218             0.368592            32.6884             13.8672             -18.5428            -3.89505            
1.05026             77312               9.7486              0.363365            32.0424             13.6036             -18.1766            -3.82053            
1.05374             77568               9.43908             0.35472             31.123              13.2054             -17.6897            -3.69459            
1.05722             77824               9.79024             0.368151            32.2528             13.6897             -18.3222            -3.83224            
1.06069             78080               10.3519             0.383265            34.0312             14.4339             -19.3026            -4.05616            
1.06417             78336               10.5531             0.39322             34.7898             14.7481             -19.7693            -4.13126            
1.06765             78592               10.136              0.386175            33.562              14.2342             -19.1282            -3.96358            
1.07113             78848               10.6713             0.406153            35.2481             14.9633             -20.0539            -4.17702            
1.07461             79104               10.6136             0.399713            35.0619             14.8671             -19.9522            -4.15358            
1.07808             79360               10.8418             0.400823            35.644              15.1147             -20.219             -4.24808            
1.08156             79616               10.598              0.393759            34.8971             14.7939             -19.8153            -4.14914            
1.08504             79872               10.6583             0.40049             35.1798             14.9211             -20.0067            -4.17332            
1.08852             80128               10.6843             0.399156            35.1639             14.9194             -19.9609            -4.18468            
1.09199             80384               10.4598             0.395634            34.5447             14.6567             -19.6533            -4.09376            
1.09547             80640               10.2658             0.384353            33.9017             14.372              -19.2864            -4.01942            
1.09895             80896               10.0586             0.377778            33.2051             14.0757             -18.885             -3.93455            
1.10243             81152               10.0282             0.375377            33.0655             14.0246             -18.7932            -3.92652            
1.1059              81408               9.64423             0.361013            31.8218             13.4895             -18.0938            -3.77323            
1.10938             81664               9.57864             0.35482             31.4952             13.3619             -17.8695            -3.75358            
1.11286             81920               10.0671             0.374195            33.1184             14.0481             -18.794             -3.94331            
1.11634             82176               10.067              0.375478            33.1468             14.061              -18.822             -3.9417             
1.11981             82432               9.69773             0.369415            32.1013             13.6161             -18.2924            -3.79233            
1.12329             82688               9.79502             0.361986            32.2191             13.6625             -18.2842            -3.83809            
1.12677             82944               10.0559             0.366681            33.0155             13.9902             -18.7127            -3.94126            
1.13025             83200               10.2637             0.375525            33.6852             14.2777             -19.0869            -4.02213            
1.13373             83456               10.0808             0.377573            33.2294             14.0885             -18.8833            -3.94376            
1.1372              83712               10.0066             0.3789              33.1016             14.0366             -18.8537            -3.91413            
1.14068             83968               10.29               0.389936            33.9718             14.413              -19.3256            -4.02537            
1.14416             84224               10.3161             0.378199            33.8557             14.3539             -19.1861            -4.04284            
1.14764             84480               10.1362             0.383554            33.4663             14.1921             -19.0393            -3.96232            
1.15111             84736               10.4259             0.392431            34.3601             14.5803             -19.5247            -4.08163            
1.15459             84992               10.4767             0.391737            34.5335             14.6391             -19.6245            -4.09906            
1.15807             85248               10.358              0.389277            34.1811             14.4938             -19.4402            -4.05279            
1.16155             85504               10.4802             0.399246            34.6529             14.6992             -19.7325            -4.09748            
1.16502             85760               10.4621             0.397467            34.5968             14.6736             -19.7018            -4.0919             
1.1685              86016               10.4916             0.396108            34.652              14.6953             -19.7167            -4.10475            
1.17198             86272               10.85               0.413278            35.8125             15.2009             -20.3699            -4.24367            
1.17546             86528               10.8843             0.408899            35.881              15.2186             -20.3922            -4.25946            
1.17894             86784               10.8575             0.40738             35.795              15.1818             -20.3429            -4.25054            
1.18241             87040               10.9495             0.406256            35.9971             15.2677             -20.4203            -4.28989            
1.18589             87296               10.9015             0.409352            35.9093             15.2325             -20.3961            -4.26627            
1.18937             87552               10.6877             0.400097            35.2223             14.9362             -20.0116            -4.18333            
1.19285             87808               10.6712             0.398516            35.1515             14.9079             -19.9656            -4.17894            
1.19632             88064               10.0469             0.382818            33.1864             14.0833             -18.8856            -3.92949            
1.1998              88320               9.81708             0.363297            32.2601             13.6835             -18.2945            -3.84649            
1.20328             88576               10.1671             0.372872            33.3169             14.1304             -18.859             -3.9848             
1.20676             88832               10.2279             0.378474            33.5966             14.2498             -19.0461            -4.00608            
1.21023             89088               10.0584             0.379209            33.223              14.0886             -18.9029            -3.93663            
1.21371             89344               10.0081             0.374366            32.9792             13.9858             -18.7352            -3.91819            
1.21719             89600               9.99781             0.376667            32.9811             13.991              -18.7515            -3.91307            
1.22067             89856               10.0526             0.376854            33.0855             14.0346             -18.7816            -3.93403            
1.22415             90112               10.1394             0.378852            33.371              14.1573             -18.9417            -3.97102            
1.22762             90368               9.81596             0.374093            32.4255             13.7576             -18.4509            -3.83867            
1.2311              90624               9.59735             0.35366             31.5266             13.3644             -17.8726            -3.75863            
1.23458             90880               9.83287             0.368145            32.4154             13.7393             -18.4166            -3.84623            
1.23806             91136               9.71523             0.364222            31.9955             13.5678             -18.1696            -3.80141            
1.24153             91392               9.80177             0.366532            32.212              13.6707             -18.2661            -3.83863            
1.24501             91648               9.63249             0.366668            31.8054             13.4991             -18.0919            -3.76911            
1.24849             91904               9.73915             0.362589            31.9955             13.5774             -18.1405            -3.81669            
1.25197             92160               9.86489             0.373411            32.5045             13.7965             -18.4653            -3.8615             
1.25544             92416               9.86166             0.381643            32.7111             13.8733             -18.6608            -3.85119            
1.25892             92672               9.77786             0.376319            32.4089             13.7394             -18.4798            -3.8189             
1.2624              92928               9.88452             0.370608            32.5479             13.8028             -18.4809            -3.86959            
1.26588             93184               9.95787             0.365964            32.6339             13.8371             -18.4724            -3.90227            
1.26936             93440               10.0404             0.376884            33.0106             14.0027             -18.7261            -3.92909            
1.27283             93696               10.3332             0.39171             34.0876             14.4575             -19.3791            -4.04144            
1.27631             93952               10.6317             0.407787            35.1249             14.9043             -19.9882            -4.15661            
1.27979             94208               10.4683             0.402109            34.6149             14.6869             -19.7112            -4.09276            
1.28327             94464               10.2765             0.381742            33.7927             14.3208             -19.1724            -4.02374            
1.28674             94720               10.3385             0.387203            34.0226             14.4221             -19.3097            -4.0452             
1.29022             94976               10.6796             0.398718            35.0784             14.8785             -19.8862            -4.18246            
1.2937              95232               10.3797             0.388471            34.102              14.4623             -19.3374            -4.06224            
1.29718             95488               10.191              0.392101            33.6956             14.2908             -19.1843            -3.9798             
1.30065             95744               10.1222             0.386963            33.3842             14.1694             -18.9786            -3.95944            
1.30413             96000               10.6583             0.403749            35.0735             14.888              -19.9075            -4.17262            
1.30761             96256               10.3785             0.39382             34.1764             14.5006             -19.409             -4.05921            
1.31109             96512               10.3628             0.389113            34.1101             14.4613             -19.3623            -4.05522            
1.31457             96768               10.4747             0.392258            34.4633             14.6101             -19.5588            -4.09831            
1.31804             97024               10.5427             0.398876            34.751              14.7308             -19.746             -4.12027            
1.32152             97280               10.557              0.398203            34.7702             14.7464             -19.7454            -4.13109            
1.325               97536               10.583              0.3921              34.7301             14.7264             -19.676             -4.14612            
1.32848             97792               10.2416             0.386299            33.7437             14.3073             -19.1682            -4.00595            
1.33195             98048               10.3417             0.397271            34.1962             14.5085             -19.4699            -4.0431             
1.33543             98304               10.4545             0.394667            34.4907             14.6197             -19.6089            -4.08983            
1.33891             98560               10.8099             0.408629            35.645              15.1165             -20.2556            -4.23024            
1.34239             98816               10.3742             0.398079            34.297              14.5467             -19.5279            -4.05445            
1.34586             99072               10.7601             0.404422            35.4147             15.0192             -20.1003            -4.21219            
1.34934             99328               10.6385             0.400184            35.0371             14.8565             -19.8987            -4.16291            
1.35282             99584               10.7291             0.404944            35.3586             14.9948             -20.0878            -4.19799            
1.3563              99840               10.4085             0.39758             34.3866             14.5835             -19.5681            -4.06888            
1.35978             100096              10.5492             0.392151            34.6835             14.7007             -19.6736            -4.1307             
1.36325             100352              10.5127             0.394423            34.642              14.6833             -19.6786            -4.11431            
1.36673             100608              10.4662             0.398376            34.5446             14.6531             -19.6463            -4.09372            
1.37021             100864              10.4686             0.393715            34.4798             14.6215             -19.5825            -4.09794            
1.37369             101120              10.4651             0.38966             34.4031             14.5815             -19.5155            -4.09666            
1.37716             101376              10.828              0.406567            35.5944             15.1025             -20.1894            -4.24085            
1.38064             101632              10.7218             0.403211            35.305              14.9688             -20.05              -4.19547            
1.38412             101888              10.9558             0.415621            36.1411             15.3244             -20.5449            -4.28586            
1.3876              102144              10.6847             0.393174            35.0425             14.8545             -19.8499            -4.18907            
1.39107             102400              10.2895             0.390549            33.9148             14.3847             -19.2714            -4.02473            
1.39455             102656              10.2956             0.387956            33.8834             14.3749             -19.2352            -4.03143            
1.39803             102912              10.1182             0.382212            33.3273             14.1345             -18.9285            -3.96063            
1.40151             103168              9.48974             0.360278            31.3215             13.2796             -17.8143            -3.71126            
1.40499             103424              9.24784             0.351213            30.4941             12.931              -17.3331            -3.61677            
1.40846             103680              9.30091             0.350144            30.6169             12.9833             -17.3841            -3.64023            
1.41194             103936              9.4194              0.356759            30.9987             13.1539             -17.5974            -3.68659            
1.41542             104192              9.20739             0.350426            30.3678             12.8796             -17.2635            -3.60088            
1.4189              104448              9.26747             0.342522            30.4567             12.9026             -17.2719            -3.62982            
1.42237             104704              9.1348              0.341524            30.0382             12.737              -17.0423            -3.57733            
1.42585             104960              9.46269             0.356295            31.1237             13.2046             -17.6606            -3.70446            
1.42933             105216              9.3027              0.345116            30.5676             12.9554             -17.3346            -3.64279            
1.43281             105472              9.57877             0.352042            31.3726             13.2989             -17.7526            -3.75195            
1.43628             105728              9.78087             0.359017            32.0063             13.5759             -18.1017            -3.83466            
1.43976             105984              9.74166             0.358984            31.9432             13.5445             -18.0873            -3.81779            
1.44324             106240              9.56311             0.362634            31.5405             13.3777             -17.9296            -3.74021            
1.44672             106496              9.82333             0.367685            32.312              13.709              -18.3346            -3.84788            
1.4502              106752              9.67966             0.369004            31.9755             13.565              -18.1949            -3.78628            
1.45367             107008              9.59632             0.359737            31.5943             13.3972             -17.9394            -3.75612            
1.45715             107264              9.54011             0.35152             31.3333             13.2757             -17.7611            -3.73504            
1.46063             107520              9.5476              0.356806            31.445              13.3302             -17.8578            -3.73719            
1.46411             107776              9.50884             0.360549            31.3933             13.3147             -17.858             -3.71919            
1.46758             108032              9.52978             0.361409            31.4277             13.336              -17.8645            -3.72915            
1.47106             108288              9.6965              0.360441            31.8268             13.5064             -18.0365            -3.79979            
1.47454             108544              10.0635             0.375756            33.1165             14.0417             -18.7969            -3.93963            
1.47802             108800              10.6671             0.396932            35.0901             14.8747             -19.9115            -4.1755             
1.48149             109056              10.7476             0.400681            35.3397             14.9895             -20.0507            -4.2101             
1.48497             109312              10.9619             0.405244            36.0388             15.2759             -20.4437            -4.29472            
1.48845             109568              11.154              0.426541            36.9001             15.6503             -21.017             -4.36161            
1.49193             109824              11.2716             0.428456            37.182              15.7803             -21.1401            -4.41161            
1.49541             110080              11.0791             0.420698            36.54               15.5059             -20.7728            -4.33583            
1.49888             110336              10.6056             0.398864            34.9569             14.8251             -19.8659            -4.15102            
1.50236             110592              10.3483             0.392219            34.1166             14.4785             -19.3898            -4.05083            
1.50584             110848              9.97237             0.376164            32.8355             13.9336             -18.6482            -3.90317            
1.50932             111104              9.80128             0.367609            32.2542             13.6856             -18.3099            -3.83858            
1.51279             111360              9.37668             0.353434            30.9364             13.1181             -17.5905            -3.6688             
1.51627             111616              8.97765             0.34051             29.6234             12.5678             -16.8465            -3.51171            
1.51975             111872              8.82464             0.328097            28.9942             12.2962             -16.4426            -3.45522            
1.52323             112128              8.83553             0.326431            28.9738             12.2899             -16.409             -3.46024            
1.5267              112384              9.13527             0.344228            30.0724             12.7647             -17.0739            -3.5768             
1.53018             112640              9.17016             0.343194            30.1778             12.7987             -17.1318            -3.5889             
1.53366             112896              9.37248             0.34932             30.8487             13.0804             -17.5116            -3.66944            
1.53714             113152              9.89429             0.362538            32.4746             13.7614             -18.4011            -3.8775             
1.54062             113408              10.6812             0.399991            35.1777             14.9171             -19.9762            -4.18063            
1.54409             113664              10.4635             0.403032            34.7032             14.7132             -19.7972            -4.0874             
1.54757             113920              10.1967             0.387386            33.7362             14.2994             -19.2154            -3.98696            
1.55105             114176              10.5019             0.399508            34.6616             14.7077             -19.7122            -4.10848            
1.55453             114432              10.5144             0.403759            34.7962             14.7643             -19.8245            -4.11005            
1.558               114688              10.5776             0.399872            34.8861             14.799              -19.8299            -4.13968            
1.56148             114944              10.4261             0.383726            34.226              14.5104             -19.3946            -4.08657            
1.56496             115200              10.4489             0.394683            34.4919             14.6233             -19.6165            -4.08671            
1.56844             115456              10.5393             0.393937            34.6389             14.6993             -19.6456            -4.12862            
1.57191             115712              10.2601             0.378146            33.7046             14.2872             -19.1085            -4.02046            
1.57539             115968              10.1196             0.381779            33.3847             14.1584             -18.9805            -3.95908            
1.57887             116224              10.1267             0.381962            33.3832             14.1646             -18.9709            -3.96422            
1.58235             116480              9.91055             0.364439            32.5489             13.7949             -18.4513            -3.8824             
1.58582             116736              9.79868             0.364793            32.2471             13.6721             -18.3027            -3.83657            
1.5893              116992              9.64815             0.362124            31.8345             13.4959             -18.1006            -3.77498            
1.59278             117248              10.0592             0.375758            33.0815             14.0365             -18.7693            -3.94007            
1.59626             117504              10.1486             0.377465            33.3949             14.1618             -18.9539            -3.9748             
1.59974             117760              9.9739              0.378524            32.9917             13.9878             -18.7883            -3.90036            
1.60321             118016              9.59336             0.365826            31.7635             13.4678             -18.1016            -3.74968            
1.60669             118272              10.0315             0.373268            33.0234             14.0011             -18.7474            -3.92683            
1.61017             118528              9.83586             0.372622            32.534              13.7954             -18.5285            -3.84816            
1.61365             118784              9.78356             0.36651             32.2638             13.6836             -18.3359            -3.83123            
1.61712             119040              9.36513             0.351425            30.8673             13.0966             -17.5399            -3.66731            
1.6206              119296              9.44197             0.353609            31.1265             13.2018             -17.6873            -3.69678            
1.62408             119552              9.57337             0.361703            31.6352             13.4135             -18.0037            -3.74376            
1.62756             119808              9.47969             0.355319            31.1974             13.2391             -17.7092            -3.71131            
1.63103             120064              9.21593             0.344439            30.3813             12.8918             -17.2645            -3.61183            
1.63451             120320              9.38564             0.355472            30.9875             13.1522             -17.6256            -3.67413            
1.63799             120576              9.53755             0.35457             31.3966             13.3156             -17.8246            -3.73599            
1.64147             120832              9.67437             0.354216            31.7524             13.4652             -17.9898            -3.79409            
1.64495             121088              9.88568             0.365855            32.4874             13.7782             -18.4244            -3.8718             
1.64842             121344              10.6397             0.386482            34.8937             14.7881             -19.7591            -4.17198            
1.6519              121600              10.9856             0.405086            36.1171             15.3096             -20.4862            -4.30337            
1.65538             121856              11.2337             0.422393            37.1187             15.7382             -21.1232            -4.39703            
1.65886             122112              11.4956             0.42799             37.9119             16.069              -21.5474            -4.50128            
1.66233             122368              11.5556             0.437693            38.2087             16.2083             -21.755             -4.52233            
1.66581             122624              11.5348             0.438548            38.1699             16.192              -21.743             -4.51331            
1.66929             122880              11.484              0.426485            37.7926             16.0342             -21.4519            -4.50201            
1.67277             123136              10.9562             0.411278            36.1877             15.3438             -20.5898            -4.28897            
1.67624             123392              11.0371             0.40865             36.3082             15.3995             -20.6034            -4.32491            
1.67972             123648              10.9617             0.402734            36.0013             15.2703             -20.4072            -4.29809            
1.6832              123904              10.4545             0.382871            34.3575             14.5655             -19.4828            -4.09895            
1.68668             124160              9.94074             0.36907             32.7701             13.8965             -18.6208            -3.8944             
1.69016             124416              9.74275             0.361312            32.1067             13.622              -18.2396            -3.82043            
1.69363             124672              9.72356             0.365291            32.1013             13.6225             -18.2592            -3.80749            
1.69711             124928              9.88573             0.367176            32.5347             13.8065             -18.4681            -3.87443            
1.70059             125184              9.8045              0.364459            32.3067             13.7045             -18.3531            -3.84096            
1.70407             125440              9.89185             0.375007            32.7468             13.8906             -18.6577            -3.87006            
1.70754             125696              10.3422             0.385915            34.1295             14.4746             -19.4066            -4.05039            
1.71102             125952              10.5392             0.391543            34.7137             14.7238             -19.7141            -4.12882            
1.7145              126208              10.4756             0.390232            34.534              14.6454             -19.6235            -4.10298            
1.71798             126464              10.6311             0.396851            35.0785             14.8753             -19.9427            -4.16254            
1.72145             126720              10.5203             0.390306            34.6639             14.6966             -19.69              -4.12136            
1.72493             126976              10.4701             0.393182            34.5876             14.6662             -19.6807            -4.09731            
1.72841             127232              10.4145             0.393285            34.415              14.6022             -19.5858            -4.07721            
1.73189             127488              10.3822             0.381882            34.1456             14.475              -19.373             -4.06828            
1.73537             127744              10.5167             0.390044            34.6733             14.6931             -19.702             -4.11696            
1.73884             128000              10.6702             0.40221             35.2887             14.9575             -20.0926            -4.17324            
1.74232             128256              10.5487             0.396335            34.8333             14.7711             -19.8145            -4.12895            
1.7458              128512              10.7559             0.400513            35.4744             15.0364             -20.1617            -4.21109            
1.74928             128768              10.839              0.408631            35.7784             15.174              -20.3464            -4.24091            
1.75275             129024              10.989              0.409906            36.1868             15.3469             -20.5482            -4.30213            
1.75623             129280              10.9137             0.404833            35.9496             15.2342             -20.4165            -4.2717             
1.75971             129536              10.8078             0.404891            35.7024             15.1271             -20.312             -4.22722            
1.76319             129792              10.6276             0.405765            35.1401             14.9133             -20.0069            -4.15706            
1.76666             130048              10.4646             0.389748            34.4411             14.6063             -19.5491            -4.09792            
1.77014             130304              10.3422             0.38152             34.0019             14.4094             -19.2852            -4.04933            
1.77362             130560              10.466              0.383763            34.3112             14.5505             -19.4263            -4.10144            
1.7771              130816              10.0156             0.373747            32.9957             13.9875             -18.7419            -3.91899            
1.78058             131072              9.9283              0.371623            32.7265             13.878              -18.5957            -3.8859             
1.78405             131328              10.5095             0.393661            34.5522             14.6645             -19.6008            -4.11502            
1.78753             131584              10.3757             0.388055            34.1875             14.4932             -19.4212            -4.05879            
1.79101             131840              9.92845             0.371404            32.7882             13.8947             -18.6536            -3.88514            
1.79449             132096              10.1302             0.378292            33.4028             14.1563             -18.9842            -3.96356            
1.79796             132352              10.5502             0.394365            34.774              14.7422             -19.7585            -4.12924            
1.80144             132608              10.6721             0.402689            35.1968             14.9324             -20.0085            -4.17685            
1.80492             132864              10.3889             0.393386            34.3203             14.5569             -19.5308            -4.06508            
1.8084              133120              10.2416             0.383111            33.7532             14.3104             -19.1784            -4.00808            
1.81187             133376              10.3191             0.384344            33.9576             14.4015             -19.2756            -4.04105            
1.81535             133632              10.1194             0.378651            33.3375             14.1359             -18.9396            -3.95989            
1.81883             133888              9.94518             0.374669            32.8372             13.9211             -18.6809            -3.89027            
1.82231             134144              10.2027             0.379597            33.5767             14.2392             -19.0611            -3.99595            
1.82579             134400              10.1223             0.381474            33.3601             14.1531             -18.9556            -3.96046            
1.82926             134656              10.0955             0.38121             33.3163             14.1349             -18.9473            -3.95179            
1.83274             134912              10.0102             0.373879            32.9833             13.9849             -18.7393            -3.91871            
1.83622             135168              9.96284             0.372786            32.8506             13.9299             -18.672             -3.90052            
1.8397              135424              10.0952             0.373988            33.1791             14.0713             -18.8183            -3.95419            
1.84317             135680              9.90075             0.369973            32.6473             13.8397             -18.5568            -3.87458            
1.84665             135936              9.96271             0.370876            32.7591             13.8973             -18.5869            -3.90153            
1.85013             136192              10.26               0.378425            33.6723             14.2855             -19.0796            -4.02367            
1.85361             136448              10.4582             0.385036            34.3081             14.5507             -19.4343            -4.09781            
1.85708             136704              10.2141             0.375432            33.5342             14.2146             -19.0065            -4.00053            
1.86056             136960              10.0609             0.37752             33.1883             14.0752             -18.8693            -3.93894            
1.86404             137216              10.2418             0.381103            33.6717             14.2804             -19.1027            -4.00918            
1.86752             137472              10.5189             0.390798            34.6232             14.6781             -19.6549            -4.11842            
1.871               137728              10.3967             0.389386            34.2343             14.5228             -19.4415            -4.07021            
1.87447             137984              10.1849             0.389257            33.6888             14.2972             -19.1874            -3.98369            
1.87795             138240              10.0419             0.377743            33.128              14.0517             -18.8369            -3.93091            
1.88143             138496              10.1611             0.381184            33.562              14.2268             -19.0957            -3.97618            
1.88491             138752              10.2637             0.385759            33.7946             14.3432             -19.1918            -4.01917            
1.88838             139008              10.0916             0.377096            33.2416             14.0995             -18.8819            -3.95103            
1.89186             139264              10.0151             0.371847            32.9901             13.9853             -18.7388            -3.92224            
1.89534             139520              10.0456             0.373775            33.0734             14.0248             -18.7797            -3.9342             
1.89882             139776              10.5501             0.397352            34.7849             14.7632             -19.7692            -4.13139            
1.90229             140032              9.96031             0.375495            32.916              13.9556             -18.7379            -3.89611            
1.90577             140288              10.4691             0.3945              34.5501             14.6559             -19.6486            -4.09773            
1.90925             140544              10.7226             0.403157            35.3653             15.0061             -20.1055            -4.1991             
1.91273             140800              10.8163             0.405039            35.6757             15.1261             -20.2811            -4.23372            
1.91621             141056              10.8077             0.407127            35.6874             15.1387             -20.3038            -4.23142            
1.91968             141312              10.8527             0.408101            35.7798             15.1826             -20.3353            -4.25013            
1.92316             141568              10.6243             0.400176            35.0704             14.8794             -19.9485            -4.16024            
1.92664             141824              10.438              0.393083            34.4385             14.611              -19.5839            -4.0859             
1.93012             142080              10.3073             0.384521            33.9652             14.4063             -19.3001            -4.0372             
1.93359             142336              10.3673             0.389948            34.1997             14.5105             -19.4449            -4.05991            
1.93707             142592              10.2254             0.385057            33.7889             14.3281             -19.2329            -4.00309            
1.94055             142848              10.2177             0.382996            33.6502             14.2778             -19.1134            -4.00111            
1.94403             143104              10.2007             0.380258            33.5933             14.2462             -19.0801            -3.99396            
1.9475              143360              10.2607             0.379515            33.7585             14.3134             -19.1609            -4.02043            
1.95098             143616              10.0738             0.371944            33.1272             14.0441             -18.7964            -3.94696            
1.95446             143872              10.095              0.375864            33.2375             14.0954             -18.8736            -3.95402            
1.95794             144128              10.0521             0.372146            33.0666             14.0179             -18.7663            -3.9372             
1.96142             144384              9.79501             0.36009             32.2148             13.6475             -18.2801            -3.83627            
1.96489             144640              10.0902             0.37556             33.171              14.076              -18.8171            -3.95473            
1.96837             144896              10.082              0.382515            33.2464             14.1131             -18.8983            -3.94562            
1.97185             145152              9.93112             0.368973            32.6844             13.8583             -18.5553            -3.89015            
1.97533             145408              9.90597             0.368381            32.6626             13.8396             -18.5621            -3.87879            
1.9788              145664              9.55947             0.351004            31.456              13.3219             -17.8536            -3.74437            
1.98228             145920              9.57946             0.349815            31.4361             13.3188             -17.8113            -3.75277            
1.98576             146176              9.74352             0.359035            31.9951             13.5627             -18.1354            -3.81601            
1.98924             146432              9.5954              0.356146            31.6294             13.399              -17.9721            -3.75546            
1.99271             146688              9.69696             0.366183            31.9939             13.5744             -18.1918            -3.79576            
1.99619             146944              9.74304             0.367396            32.1744             13.6421             -18.3051            -3.81175            
1.99967             147200              10.3285             0.383389            33.9638             14.3999             -19.2674            -4.04545            
