#Time               nTime               force-x             force-y             force-z             moment-x            moment-y            moment-z            
0                   0                   -1.65367e-07        3.30734e-07         -4.96101e-07        -4.63043e-08        1.9315e-07          1.36263e-07         
0.00347769          256                 0.0068543           0.0803435           -0.0108941          -0.0949352          0.0170608           0.0684876           
0.00695537          512                 0.385329            10.3514             -2.35821            -11.9635            2.51495             9.07806             
0.0104331           768                 -0.0837548          -2.88892            0.662728            3.34808             -0.675685           -2.52744            
0.0139107           1024                -0.306839           -9.64978            2.22541             11.1074             -2.29004            -8.39774            
0.0173884           1280                -0.163965           -4.82761            1.09943             5.57857             -1.15057            -4.22034            
0.0208661           1536                -0.0678935          -1.71012            0.423569            1.94135             -0.447655           -1.49491            
0.0243438           1792                -0.0538162          -1.95165            0.446232            2.24547             -0.446398           -1.68507            
0.0278215           2048                -0.0168987          -1.01725            0.247054            1.15658             -0.228929           -0.868127           
0.0312992           2304                0.0676436           1.21642             -0.277809           -1.40782            0.327364            1.08784             
0.0347769           2560                0.0881706           2.03031             -0.471494           -2.3367             0.517291            1.78796             
0.0382545           2816                0.0199912           0.422905            -0.106952           -0.478708           0.117426            0.372705            
0.0417322           3072                0.00300968          -0.22515            0.0476724           0.260463            -0.03513            -0.186298           
0.0452099           3328                0.00673358          -0.269125           0.0599899           0.310133            -0.0409161          -0.221977           
0.0486876           3584                0.00478324          -0.376679           0.0799416           0.439322            -0.0609133          -0.316137           
0.0521653           3840                0.00183541          -0.496536           0.107083            0.578573            -0.0881499          -0.421436           
0.055643            4096                -0.00339201         -0.766089           0.171234            0.887334            -0.14944            -0.653925           
0.0591207           4352                0.00183938          -0.749074           0.168562            0.866712            -0.140096           -0.635532           
0.0625984           4608                0.0032956           -0.70733            0.1607              0.817089            -0.131308           -0.59893            
0.066076            4864                0.00373862          -0.625404           0.141088            0.723883            -0.114277           -0.529277           
0.0695537           5120                0.0048947           -0.534147           0.115312            0.623153            -0.0911967          -0.451885           
0.0730314           5376                0.0242537           -0.454287           0.0978838           0.529928            -0.0502021          -0.368928           
0.0765091           5632                0.0329671           -0.312921           0.0744911           0.35975             -0.0182658          -0.241196           
0.0799868           5888                0.0334758           -0.209996           0.0598986           0.232936            -0.00517073         -0.152973           
0.0834645           6144                0.026387            -0.252574           0.0557079           0.290842            -0.010619           -0.193814           
0.0869422           6400                0.0187334           -0.337828           0.0626525           0.396268            -0.0255604          -0.269699           
0.0904198           6656                0.0254113           -0.331738           0.0591014           0.391468            -0.0135934          -0.259467           
0.0938975           6912                0.039708            -0.298464           0.0572466           0.348046            0.00746466          -0.219284           
0.0973752           7168                0.0546891           -0.305452           0.0705779           0.345685            0.0165442           -0.212344           
0.100853            7424                0.0461103           -0.33398            0.076759            0.381162            -0.000207887        -0.245311           
0.104331            7680                0.0346424           -0.329382           0.0932495           0.363313            -0.0291319          -0.25106            
0.107808            7936                0.0121404           -0.441341           0.12038             0.492288            -0.0811984          -0.364054           
0.111286            8192                0.00946247          -0.600713           0.134681            0.692019            -0.097579           -0.499646           
0.114764            8448                0.0308489           -0.647241           0.13044             0.756385            -0.0659337          -0.521132           
0.118241            8704                0.0207015           -0.670291           0.137975            0.782108            -0.0858539          -0.549131           
0.121719            8960                0.0097732           -0.81012            0.171684            0.942305            -0.128418           -0.675041           
0.125197            9216                0.0149502           -0.980403           0.215644            1.13552             -0.158987           -0.815603           
0.128674            9472                0.0506849           -1.08343            0.268838            1.23594             -0.158637           -0.879437           
0.132152            9728                0.0520374           -0.954959           0.223924            1.09881             -0.11843            -0.769457           
0.13563             9984                0.0214855           -0.896753           0.180409            1.05163             -0.121888           -0.739168           
0.139107            10240               0.0214952           -0.90569            0.19893             1.04849             -0.137121           -0.746592           
0.142585            10496               0.00811605          -0.998399           0.220898            1.15508             -0.172786           -0.83631            
0.146063            10752               0.00695832          -0.910676           0.202434            1.05365             -0.158283           -0.762386           
0.149541            11008               0.0142545           -0.859001           0.196616            0.987794            -0.143041           -0.710622           
0.153018            11264               0.0164891           -1.0117             0.213368            1.17637             -0.154693           -0.836268           
0.156496            11520               0.00760606          -1.04642            0.235444            1.20423             -0.184701           -0.873782           
0.159974            11776               0.014491            -1.03753            0.225643            1.19995             -0.167146           -0.860926           
0.163451            12032               0.0153879           -1.12176            0.249964            1.29235             -0.18671            -0.932682           
0.166929            12288               -0.000814764        -1.19031            0.264028            1.37324             -0.219967           -1.0042             
0.170407            12544               -0.0151237          -1.36694            0.302929            1.57778             -0.271576           -1.16433            
0.173884            12800               0.000257807         -1.18877            0.267003            1.36915             -0.220988           -1.00308            
0.177362            13056               -0.0237692          -1.34315            0.264334            1.57902             -0.251511           -1.1548             
0.18084             13312               -0.00399593         -1.29141            0.286009            1.49426             -0.243325           -1.09406            
0.184317            13568               -0.00756174         -1.30605            0.292964            1.50752             -0.254134           -1.10882            
0.187795            13824               -0.0128275          -1.43114            0.306931            1.66331             -0.272839           -1.21879            
0.191273            14080               -0.00938028         -1.39078            0.306001            1.61136             -0.267646           -1.18285            
0.19475             14336               -0.0135422          -1.34511            0.298072            1.55828             -0.266525           -1.1488             
0.198228            14592               -0.0205705          -1.41581            0.315804            1.6388              -0.290765           -1.21449            
0.201706            14848               -0.023835           -1.47175            0.326496            1.7054              -0.30424            -1.26479            
0.205183            15104               -0.021945           -1.4504             0.31642             1.68516             -0.293537           -1.24475            
0.208661            15360               -0.0180549          -1.44707            0.313048            1.68238             -0.285393           -1.2376             
0.212139            15616               -0.0141174          -1.53196            0.334828            1.77751             -0.298526           -1.30611            
0.215617            15872               -0.0168959          -1.5617             0.342973            1.81202             -0.309391           -1.33526            
0.219094            16128               -0.00933514         -1.52697            0.338482            1.77028             -0.295235           -1.30108            
0.222572            16384               -0.0214314          -1.63852            0.365677            1.89619             -0.334632           -1.40359            
0.22605             16640               -0.0177915          -1.71954            0.378829            1.99156             -0.340462           -1.4672             
0.229527            16896               -0.0153014          -1.77414            0.386438            2.05752             -0.343544           -1.51101            
0.233005            17152               -0.0170401          -1.66443            0.363472            1.93097             -0.32659            -1.4208             
0.236483            17408               -0.0317922          -1.62806            0.363936            1.88527             -0.346965           -1.40372            
0.23996             17664               -0.028994           -1.62301            0.359508            1.88042             -0.338672           -1.39588            
0.243438            17920               -0.0264027          -1.67476            0.37135             1.94009             -0.34547            -1.43758            
0.246916            18176               -0.0172114          -1.6481             0.367962            1.90627             -0.330404           -1.40662            
0.250393            18432               -0.0139669          -1.60336            0.35521             1.85661             -0.315903           -1.36748            
0.253871            18688               -0.00815177         -1.68122            0.36507             1.95246             -0.31584            -1.42866            
0.257349            18944               -0.0217039          -1.78445            0.390562            2.0694              -0.355939           -1.52565            
0.260826            19200               -0.0184318          -1.82189            0.400416            2.11054             -0.359416           -1.55383            
0.264304            19456               -0.020766           -1.73746            0.382012            2.01386             -0.346954           -1.48604            
0.267782            19712               -0.0295478          -1.6783             0.373486            1.9429              -0.351246           -1.4432             
0.27126             19968               -0.0268078          -1.69078            0.372102            1.95976             -0.346384           -1.45036            
0.274737            20224               -0.0248362          -1.77393            0.384657            2.06016             -0.354658           -1.51896            
0.278215            20480               -0.00851856         -1.59608            0.351129            1.85345             -0.305634           -1.35974            
0.281693            20736               -0.00780996         -1.39879            0.308905            1.62422             -0.268176           -1.19248            
0.28517             20992               -0.0214552          -1.61526            0.375412            1.85996             -0.342669           -1.38546            
0.288648            21248               -0.0311264          -1.61126            0.360364            1.86615             -0.342564           -1.39075            
0.292126            21504               -0.0494082          -1.71183            0.358124            2.00069             -0.364682           -1.48752            
0.295603            21760               -0.0189359          -1.74523            0.386895            2.02122             -0.348994           -1.49051            
0.299081            22016               -0.0258852          -1.83359            0.40491             2.12532             -0.37338            -1.5716             
0.302559            22272               -0.0263861          -1.76702            0.385672            2.0518              -0.357739           -1.51563            
0.306036            22528               -0.0192691          -1.70285            0.37561             1.97345             -0.339826           -1.45503            
0.309514            22784               -0.0188965          -1.67407            0.362205            1.94552             -0.328214           -1.43022            
0.312992            23040               -0.0200584          -1.6189             0.35051             1.88133             -0.319588           -1.38522            
0.316469            23296               -0.0201396          -1.64962            0.354245            1.91938             -0.323063           -1.4116             
0.319947            23552               -0.0004326          -1.71342            0.384496            1.98279             -0.322947           -1.4519             
0.323425            23808               -0.021107           -1.5843             0.347775            1.8376              -0.319132           -1.35726            
0.326903            24064               -0.00110267         -1.5251             0.349477            1.75746             -0.293509           -1.2914             
0.33038             24320               -0.0350673          -1.63483            0.341525            1.90962             -0.331698           -1.41027            
0.333858            24576               -0.0167024          -1.58359            0.348113            1.8357              -0.312675           -1.35267            
0.337336            24832               -0.0241573          -1.59837            0.353788            1.85202             -0.32748            -1.37278            
0.340813            25088               -0.0391551          -1.75869            0.377825            2.04521             -0.367336           -1.51898            
0.344291            25344               -0.0286712          -1.60731            0.347411            1.86798             -0.328061           -1.38138            
0.347769            25600               -0.0178701          -1.7272             0.369295            2.009               -0.332605           -1.47395            
0.351246            25856               -0.0218763          -1.80026            0.388852            2.09191             -0.354394           -1.53957            
0.354724            26112               -0.016633           -1.63545            0.350481            1.90497             -0.315689           -1.39812            
0.358202            26368               -0.0017734          -1.68483            0.374119            1.9532              -0.314911           -1.43032            
0.361679            26624               -0.0359986          -1.88621            0.406017            2.19428             -0.387811           -1.62501            
0.365157            26880               -0.0232369          -1.89969            0.419997            2.20066             -0.382639           -1.62456            
0.368635            27136               -0.0247287          -1.87588            0.397554            2.18594             -0.366128           -1.60519            
0.372112            27392               -0.00300786         -1.84278            0.420818            2.12455             -0.356467           -1.56185            
0.37559             27648               -0.0298479          -1.90294            0.416684            2.20836             -0.388838           -1.633              
0.379068            27904               -0.0256711          -1.98119            0.432153            2.29934             -0.396265           -1.69472            
0.382546            28160               -0.00474934         -1.97021            0.438573            2.28131             -0.374193           -1.67115            
0.386023            28416               -0.031745           -1.95               0.422668            2.2664              -0.39695            -1.67479            
0.389501            28672               -0.0269735          -1.98342            0.433766            2.30069             -0.399294           -1.69744            
0.392979            28928               -0.0223437          -2.08676            0.458471            2.41751             -0.413896           -1.78092            
0.396456            29184               -0.0258727          -2.0418             0.445845            2.36835             -0.407932           -1.74667            
0.399934            29440               -0.0272117          -1.80764            0.395779            2.09766             -0.367359           -1.55086            
0.403412            29696               -0.0310073          -1.64163            0.367203            1.90151             -0.348674           -1.41614            
0.406889            29952               -0.0214205          -1.74049            0.374412            2.02547             -0.340434           -1.49107            
0.410367            30208               -0.0382144          -1.66063            0.376824            1.91874             -0.365636           -1.43766            
0.413845            30464               -0.0384113          -1.58493            0.35536             1.83553             -0.348541           -1.37414            
0.417322            30720               -0.040164           -1.56286            0.328739            1.82711             -0.328512           -1.35556            
0.4208              30976               -0.0128396          -1.62717            0.35489             1.89085             -0.313903           -1.38865            
0.424278            31232               -0.0205002          -1.66942            0.371931            1.93241             -0.338889           -1.42851            
0.427755            31488               -0.0190978          -1.67597            0.364614            1.94735             -0.330826           -1.43356            
0.431233            31744               -0.0216485          -1.73093            0.389758            2.00545             -0.356664           -1.4859             
0.434711            32000               -0.0216093          -1.61889            0.351932            1.8814              -0.323068           -1.38765            
0.438188            32256               -0.0225779          -1.73746            0.380925            2.0165              -0.349055           -1.48833            
0.441666            32512               -0.0287077          -1.78133            0.3925              2.06587             -0.366808           -1.53059            
0.445144            32768               -0.0318467          -1.80647            0.394452            2.09768             -0.372507           -1.55444            
0.448622            33024               -0.0256033          -1.7125             0.374854            1.98803             -0.34778            -1.46962            
0.452099            33280               -0.0283211          -1.82667            0.393758            2.12516             -0.367493           -1.568              
0.455577            33536               -0.0218581          -1.81369            0.396227            2.1058              -0.361059           -1.55191            
0.459055            33792               -0.0241811          -1.82075            0.395897            2.11624             -0.364195           -1.56035            
0.462532            34048               -0.00858718         -1.64931            0.360391            1.91677             -0.312855           -1.40367            
0.46601             34304               -0.020047           -1.60126            0.352007            1.85871             -0.321559           -1.37126            
0.469488            34560               -0.0200152          -1.71712            0.377487            1.99224             -0.342911           -1.46964            
0.472965            34816               -0.0298066          -1.8611             0.410492            2.15745             -0.38335            -1.59885            
0.476443            35072               -0.030368           -1.75056            0.377554            2.03677             -0.356364           -1.50572            
0.479921            35328               -0.0258299          -1.68554            0.361825            1.96335             -0.337453           -1.44752            
0.483398            35584               -0.0185039          -1.75713            0.382322            2.04089             -0.344848           -1.50073            
0.486876            35840               -0.0198014          -1.79489            0.388244            2.08627             -0.35163            -1.53458            
0.490354            36096               -0.0233606          -1.76165            0.379919            2.04935             -0.349283           -1.50944            
0.493831            36352               -0.0141227          -1.73386            0.389265            2.00537             -0.344558           -1.47912            
0.497309            36608               -0.0213082          -1.68906            0.36951             1.96041             -0.337702           -1.44719            
0.500787            36864               -0.0323514          -1.74718            0.386021            2.02613             -0.365937           -1.50602            
0.504265            37120               -0.0466213          -1.82051            0.396811            2.11398             -0.393668           -1.57796            
0.507742            37376               -0.0411681          -1.76909            0.379038            2.06016             -0.371586           -1.52968            
0.51122             37632               -0.0184765          -1.71432            0.375259            1.99014             -0.338843           -1.46526            
0.514698            37888               -0.0182883          -1.58923            0.352267            1.84384             -0.319704           -1.36339            
0.518175            38144               -0.0429085          -1.65939            0.358442            1.93189             -0.356183           -1.4388             
0.521653            38400               -0.0406157          -1.71984            0.371075            2.00172             -0.36422            -1.48988            
0.525131            38656               -0.0313233          -1.65988            0.374927            1.91941             -0.355398           -1.42952            
0.528608            38912               -0.0250538          -1.69971            0.36191             1.98145             -0.336098           -1.45798            
0.532086            39168               -0.017577           -1.88322            0.411697            2.18473             -0.368346           -1.60679            
0.535564            39424               -0.0257419          -1.86025            0.396099            2.16876             -0.366485           -1.5956             
0.539041            39680               -0.0198021          -1.71584            0.380574            1.98848             -0.34503            -1.46759            
0.542519            39936               -0.0178621          -1.81174            0.389746            2.1077              -0.350523           -1.5474             
0.545997            40192               -0.0215366          -1.92702            0.41243             2.24328             -0.374384           -1.64754            
0.549474            40448               -0.026195           -1.90293            0.419198            2.20669             -0.385947           -1.63102            
0.552952            40704               -0.0284961          -1.81409            0.397157            2.10522             -0.370114           -1.55659            
0.55643             40960               -0.0261082          -1.80813            0.385188            2.10739             -0.357265           -1.55022            
0.559907            41216               -0.0170866          -1.63956            0.358139            1.90543             -0.322734           -1.40148            
0.563385            41472               -0.00808348         -1.58072            0.34887             1.83485             -0.302447           -1.34579            
0.566863            41728               -0.0167239          -1.63409            0.373326            1.88667             -0.335181           -1.39759            
0.570341            41984               -0.0263726          -1.75489            0.380252            2.04068             -0.353582           -1.50628            
0.573818            42240               -0.00951721         -1.78959            0.404417            2.06711             -0.351483           -1.52237            
0.577296            42496               -0.0299928          -1.78576            0.396369            2.06929             -0.371435           -1.53699            
0.580774            42752               -0.0468698          -1.74177            0.369504            2.03068             -0.370874           -1.51234            
0.584251            43008               -0.0353323          -1.59337            0.350583            1.84818             -0.339516           -1.37643            
0.587729            43264               -0.0324328          -1.80853            0.383164            2.10762             -0.363544           -1.55534            
0.591207            43520               -0.0246346          -1.79951            0.392912            2.08971             -0.361632           -1.54247            
0.594684            43776               -0.0227955          -1.58069            0.340633            1.84078             -0.315189           -1.35688            
0.598162            44032               -0.00841504         -1.52645            0.343314            1.76587             -0.298429           -1.29859            
0.60164             44288               -0.0122701          -1.65524            0.366016            1.91958             -0.322612           -1.41262            
0.605117            44544               -0.03088            -1.72549            0.377364            2.00396             -0.35685            -1.48642            
0.608595            44800               -0.0287922          -1.57614            0.344247            1.83233             -0.326183           -1.35845            
0.612073            45056               -0.0253991          -1.59891            0.349933            1.85722             -0.326404           -1.37415            
0.61555             45312               -0.0287353          -1.68612            0.361698            1.96347             -0.340767           -1.45054            
0.619028            45568               -0.0223208          -1.73642            0.378379            2.01676             -0.346425           -1.48691            
0.622506            45824               -0.0222323          -1.74958            0.380919            2.03281             -0.348654           -1.49915            
0.625984            46080               -0.0230867          -1.83858            0.41316             2.12718             -0.376727           -1.57635            
0.629461            46336               -0.0250908          -1.76817            0.388365            2.05283             -0.358647           -1.51863            
0.632939            46592               -0.0417249          -1.91705            0.410953            2.23126             -0.399972           -1.65505            
0.636417            46848               -0.0267739          -2.01266            0.435799            2.33762             -0.400564           -1.72226            
0.639894            47104               -0.026107           -1.94853            0.412663            2.27189             -0.380576           -1.6688             
0.643372            47360               -0.0223877          -1.8278             0.393833            2.12792             -0.359863           -1.56522            
0.64685             47616               -0.019805           -1.96014            0.450669            2.26063             -0.404879           -1.67622            
0.650327            47872               -0.0340086          -1.90369            0.418879            2.20619             -0.395949           -1.63805            
0.653805            48128               -0.0326111          -1.79695            0.380845            2.09659             -0.362193           -1.54754            
0.657283            48384               -0.0177823          -1.63075            0.354383            1.89568             -0.320938           -1.3942             
0.66076             48640               0.00475761          -1.64509            0.383876            1.89046             -0.315531           -1.38706            
0.664238            48896               -0.0220305          -1.67911            0.359827            1.9557              -0.330288           -1.43838            
0.667716            49152               -0.0119173          -1.63153            0.354267            1.89606             -0.312304           -1.38994            
0.671193            49408               -0.00651166         -1.6808             0.376279            1.94273             -0.323397           -1.42634            
0.674671            49664               -0.0207145          -1.75763            0.363908            2.05531             -0.332358           -1.5042             
0.678149            49920               -0.00904178         -1.61859            0.352905            1.88033             -0.3075             -1.3771             
0.681626            50176               -0.00507776         -1.70742            0.371645            1.98197             -0.31795            -1.44729            
0.685104            50432               -0.00940526         -1.80835            0.389724            2.10146             -0.33865            -1.53612            
0.688582            50688               -0.0207719          -1.84467            0.392174            2.1494              -0.356167           -1.57681            
0.69206             50944               -0.0205295          -1.73615            0.377881            2.01759             -0.343599           -1.48501            
0.695537            51200               -0.0121662          -1.76256            0.385958            2.04669             -0.339595           -1.50148            
0.699015            51456               -0.0270818          -1.79872            0.394668            2.08892             -0.368147           -1.54683            
0.702493            51712               -0.0259272          -1.83926            0.401406            2.13613             -0.370532           -1.57687            
0.70597             51968               -0.0236576          -2.07498            0.457116            2.40348             -0.41461            -1.77214            
0.709448            52224               -0.0194845          -2.10454            0.454047            2.44454             -0.406424           -1.79365            
0.712926            52480               -0.0237882          -1.98042            0.436951            2.2975              -0.398481           -1.6969             
0.716403            52736               -0.0293332          -1.92061            0.427831            2.22396             -0.396922           -1.64906            
0.719881            52992               -0.0341392          -2.04959            0.44922             2.37727             -0.421727           -1.76081            
0.723359            53248               -0.0205829          -1.90087            0.418006            2.20478             -0.377643           -1.62486            
0.726836            53504               -0.0317237          -1.74708            0.381153            2.03038             -0.361474           -1.50493            
0.730314            53760               -0.0284119          -1.81111            0.390166            2.10695             -0.363313           -1.55511            
0.733792            54016               -0.032534           -1.85052            0.402763            2.14994             -0.380464           -1.59167            
0.73727             54272               -0.0238076          -1.81652            0.393772            2.11187             -0.361393           -1.5554             
0.740747            54528               -0.0158488          -1.79512            0.396532            2.08065             -0.353201           -1.53167            
0.744225            54784               -0.0330652          -1.86269            0.397411            2.16987             -0.376606           -1.60244            
0.747703            55040               -0.0229516          -1.67737            0.365505            1.94913             -0.336132           -1.43775            
0.75118             55296               -0.020974           -1.63365            0.354901            1.89917             -0.324718           -1.39977            
0.754658            55552               0.00963793          -1.73354            0.407292            1.99084             -0.328067           -1.46139            
0.758136            55808               -0.0260681          -1.68507            0.374864            1.95282             -0.348333           -1.44915            
0.761613            56064               -0.0372225          -1.66468            0.384022            1.91849             -0.369985           -1.44065            
0.765091            56320               -0.0529755          -1.85214            0.381735            2.16705             -0.388958           -1.60922            
0.768569            56576               -0.0335389          -1.78798            0.39077             2.0769              -0.371901           -1.54042            
0.772046            56832               -0.00837849         -1.56576            0.348075            1.81504             -0.302382           -1.33256            
0.775524            57088               -0.008992           -1.5614             0.349472            1.80764             -0.304247           -1.33063            
0.779002            57344               -0.03775            -1.78126            0.374715            2.08062             -0.363963           -1.53851            
0.782479            57600               -0.0301469          -1.90191            0.406605            2.21371             -0.380422           -1.63199            
0.785957            57856               -0.0174494          -2.07669            0.457594            2.40443             -0.406608           -1.76888            
0.789435            58112               -0.0273911          -2.01806            0.43227             2.34771             -0.398612           -1.72808            
0.792912            58368               -0.0250063          -1.79898            0.401007            2.08323             -0.368932           -1.54408            
0.79639             58624               -0.0425063          -1.89245            0.411364            2.19848             -0.4001             -1.63443            
0.799868            58880               -0.0356454          -1.93331            0.413798            2.25002             -0.393237           -1.66455            
0.803346            59136               -0.0218458          -1.84226            0.414985            2.1322              -0.378315           -1.57959            
0.806823            59392               -0.0285488          -1.92141            0.424451            2.2266              -0.393889           -1.64776            
0.810301            59648               -0.0199081          -1.86214            0.415752            2.15436             -0.374801           -1.59115            
0.813779            59904               -0.0289004          -1.71381            0.376505            1.9886              -0.353191           -1.47351            
0.817256            60160               -0.0327791          -1.75931            0.378288            2.04767             -0.359992           -1.51408            
0.820734            60416               -0.0228192          -1.70689            0.364185            1.98826             -0.334922           -1.46124            
0.824212            60672               -0.00853146         -1.64998            0.360068            1.91588             -0.31304            -1.40255            
0.827689            60928               -0.0286305          -1.70919            0.351626            2.0027              -0.332336           -1.46972            
0.831167            61184               -0.0326122          -1.74355            0.385675            2.02099             -0.365831           -1.50136            
0.834645            61440               -0.0259912          -1.74177            0.373132            2.02792             -0.346944           -1.49403            
0.838122            61696               -0.0200906          -1.79427            0.388905            2.08443             -0.352405           -1.53361            
0.8416              61952               -0.023607           -1.85178            0.402927            2.14935             -0.368622           -1.58488            
0.845078            62208               -0.0262982          -1.84319            0.399164            2.14141             -0.368968           -1.57973            
0.848555            62464               -0.0223057          -1.81445            0.392306            2.10875             -0.358025           -1.55287            
0.852033            62720               -0.0286113          -1.86765            0.406209            2.16869             -0.378016           -1.6025             
0.855511            62976               -0.0245397          -1.85822            0.403461            2.15857             -0.370419           -1.59112            
0.858989            63232               -0.0194138          -1.75588            0.384037            2.03847             -0.347207           -1.50223            
0.862466            63488               -0.025897           -1.8086             0.401887            2.09427             -0.370708           -1.55075            
0.865944            63744               -0.0041818          -1.69278            0.383029            1.95553             -0.326267           -1.43657            
0.869422            64000               -0.0261482          -1.62619            0.354607            1.88916             -0.331201           -1.39707            
0.872899            64256               -0.0293171          -1.7008             0.379895            1.96989             -0.356777           -1.46405            
0.876377            64512               -0.028903           -1.59299            0.360906            1.84212             -0.340102           -1.37331            
0.879855            64768               -0.0266368          -1.61362            0.347077            1.88061             -0.326116           -1.39007            
0.883332            65024               -0.0298119          -1.80625            0.392747            2.10007             -0.36854            -1.55317            
0.88681             65280               -0.0203471          -1.86867            0.425335            2.15687             -0.383816           -1.59779            
0.890288            65536               -0.032044           -1.89971            0.411783            2.20829             -0.38746            -1.63183            
0.893765            65792               -0.0157233          -1.82982            0.39857             2.12528             -0.354851           -1.56034            
0.897243            66048               -0.0236004          -1.81808            0.398531            2.1113              -0.365462           -1.55852            
0.900721            66304               -0.030983           -1.74454            0.380079            2.02924             -0.359783           -1.50304            
0.904198            66560               -0.0235575          -1.75593            0.386192            2.03778             -0.354769           -1.50419            
0.907676            66816               -0.0167998          -1.83323            0.401087            2.12779             -0.358462           -1.56398            
0.911154            67072               -0.0232951          -1.77927            0.385234            2.06946             -0.353713           -1.52497            
0.914631            67328               -0.0278014          -1.72888            0.372307            2.01324             -0.348771           -1.48581            
0.918109            67584               -0.0191647          -1.58119            0.342898            1.83998             -0.312459           -1.35372            
0.921587            67840               -0.0150802          -1.62764            0.358195            1.88854             -0.319874           -1.38907            
0.925065            68096               -0.0184457          -1.7279             0.365205            2.01583             -0.330762           -1.4771             
0.928542            68352               -0.0145344          -1.73255            0.375633            2.01521             -0.334265           -1.47942            
0.93202             68608               -0.0158141          -1.75637            0.396521            2.02865             -0.353176           -1.4987             
0.935498            68864               -0.0294866          -1.83885            0.395155            2.13827             -0.369797           -1.57866            
0.938975            69120               -0.0273344          -1.91739            0.414216            2.22744             -0.383001           -1.64303            
0.942453            69376               -0.0271323          -1.78705            0.381682            2.08181             -0.355517           -1.53393            
0.945931            69632               -0.0216914          -1.64315            0.366152            1.90341             -0.336087           -1.40871            
0.949408            69888               -0.0236539          -1.65335            0.365548            1.9178              -0.337701           -1.4213             
0.952886            70144               -0.0492319          -1.91257            0.428441            2.21262             -0.423554           -1.65792            
0.956364            70400               -0.0588512          -1.91881            0.404651            2.23847             -0.416005           -1.66981            
0.959841            70656               -0.02827            -1.7371             0.38807             2.01038             -0.361888           -1.49141            
0.963319            70912               -0.00826174         -1.75872            0.385807            2.04005             -0.333874           -1.49373            
0.966797            71168               -0.0158341          -1.74287            0.380997            2.02375             -0.34056            -1.48707            
0.970275            71424               -0.0164598          -1.72864            0.388679            2.00025             -0.347581           -1.47771            
0.973752            71680               -0.0272011          -1.84067            0.401693            2.13733             -0.372397           -1.57906            
0.97723             71936               -0.0276997          -1.93147            0.417625            2.2461              -0.386866           -1.65648            
0.980708            72192               -0.0218526          -1.85029            0.407052            2.14658             -0.370037           -1.5829             
0.984185            72448               -0.0237505          -1.95105            0.431185            2.26047             -0.392631           -1.66821            
0.987663            72704               -0.0142413          -1.84819            0.416397            2.13645             -0.367807           -1.57528            
0.991141            72960               -0.0165326          -1.6778             0.365514            1.95499             -0.328876           -1.43873            
0.994618            73216               -0.0366             -1.53274            0.338968            1.77994             -0.332007           -1.32986            
0.998096            73472               -0.0445917          -1.65124            0.347407            1.93038             -0.34964            -1.43391            
1.00157             73728               -0.0251022          -1.63189            0.358331            1.89481             -0.333189           -1.40097            
1.00505             73984               -0.0268746          -1.64459            0.364593            1.90682             -0.340713           -1.41457            
1.00853             74240               -0.023333           -1.7505             0.397281            2.02232             -0.363314           -1.50198            
1.01201             74496               -0.0417721          -1.76024            0.378347            2.049               -0.372093           -1.52325            
1.01548             74752               -0.0238145          -1.7207             0.371274            2.00005             -0.341979           -1.47337            
1.01896             75008               -0.0147557          -1.83264            0.395826            2.12908             -0.350953           -1.56093            
1.02244             75264               -0.0207999          -1.78488            0.387636            2.07359             -0.352176           -1.52737            
1.02592             75520               -0.0332962          -1.85503            0.408172            2.15172             -0.386041           -1.59672            
1.0294              75776               -0.0293611          -1.89214            0.406728            2.20065             -0.379362           -1.62413            
1.03287             76032               -0.0198097          -1.88026            0.412035            2.18206             -0.371709           -1.60717            
1.03635             76288               -0.0261801          -1.80766            0.391272            2.10304             -0.362536           -1.55098            
1.03983             76544               -0.0259168          -1.75905            0.378518            2.04838             -0.351392           -1.50916            
1.04331             76800               -0.0238729          -1.73461            0.374435            2.01928             -0.345312           -1.48702            
1.04678             77056               -0.0196175          -1.66384            0.364062            1.93298             -0.330742           -1.42294            
1.05026             77312               -0.0180665          -1.72216            0.373352            2.00307             -0.336842           -1.47108            
1.05374             77568               -0.0055699          -1.61068            0.361892            1.86472             -0.310901           -1.36964            
1.05722             77824               -0.0337741          -1.76576            0.388384            2.04876             -0.369739           -1.52106            
1.06069             78080               -0.0345695          -1.82188            0.391761            2.12021             -0.3737             -1.57024            
1.06417             78336               -0.0283297          -1.79565            0.395119            2.0817              -0.36825            -1.54082            
1.06765             78592               -0.0227904          -1.69473            0.361009            1.97721             -0.333436           -1.45396            
1.07113             78848               -0.0299865          -1.54373            0.326578            1.80142             -0.312518           -1.33155            
1.07461             79104               -0.0248717          -1.68773            0.367247            1.9608              -0.340263           -1.44816            
1.07808             79360               -0.0192383          -1.79352            0.394846            2.07885             -0.356234           -1.5315             
1.08156             79616               -0.0164926          -1.82559            0.39594             2.12106             -0.353521           -1.55714            
1.08504             79872               -0.0214154          -1.73445            0.374406            2.01729             -0.342047           -1.48462            
1.08852             80128               -0.0242901          -1.6368             0.358351            1.90183             -0.331869           -1.40776            
1.09199             80384               -0.0405121          -1.6417             0.358002            1.9089              -0.353075           -1.42314            
1.09547             80640               -0.0321581          -1.63899            0.358329            1.9046              -0.342404           -1.41335            
1.09895             80896               -0.0224096          -1.75683            0.380578            2.04283             -0.348908           -1.50512            
1.10243             81152               -0.0217532          -1.96644            0.436194            2.27689             -0.39442            -1.67979            
1.1059              81408               -0.0199145          -1.8755             0.400456            2.18389             -0.361925           -1.6017             
1.10938             81664               -0.0192165          -1.82157            0.397635            2.11507             -0.35857            -1.55647            
1.11286             81920               -0.0288974          -1.84577            0.401929            2.14444             -0.374944           -1.58562            
1.11634             82176               -0.0269813          -1.81824            0.402263            2.10756             -0.37266            -1.56078            
1.11981             82432               -0.0292482          -1.76024            0.38918             2.04055             -0.364534           -1.51323            
1.12329             82688               -0.0314303          -1.83626            0.385316            2.14433             -0.364226           -1.58033            
1.12677             82944               -0.0266322          -1.65141            0.355262            1.92362             -0.333417           -1.42198            
1.13025             83200               -0.0210674          -1.84543            0.403608            2.14187             -0.365698           -1.57865            
1.13373             83456               -0.0234661          -1.82624            0.39637             2.12255             -0.363145           -1.56436            
1.1372              83712               -0.0229242          -1.87103            0.410445            2.16988             -0.373784           -1.6005             
1.14068             83968               -0.0264541          -1.91646            0.413632            2.22777             -0.381546           -1.64236            
1.14416             84224               -0.0277888          -1.87614            0.411012            2.17717             -0.381007           -1.60933            
1.14764             84480               -0.0205244          -1.79603            0.393082            2.08405             -0.35623            -1.53565            
1.15111             84736               -0.0246271          -1.84286            0.399316            2.14209             -0.367318           -1.58008            
1.15459             84992               -0.0258517          -1.70903            0.382435            1.97829             -0.354397           -1.46806            
1.15807             85248               -0.0224911          -1.66156            0.362261            1.93001             -0.332981           -1.42418            
1.16155             85504               -0.0248616          -1.85857            0.411788            2.15259             -0.377715           -1.59239            
1.16502             85760               -0.0270159          -1.90005            0.41403             2.20623             -0.382732           -1.62921            
1.1685              86016               -0.01904            -1.70788            0.365799            1.99004             -0.332194           -1.46099            
1.17198             86272               -0.0217506          -1.69635            0.357892            1.98007             -0.328292           -1.45384            
1.17546             86528               -0.0224878          -1.73426            0.376731            2.01596             -0.345265           -1.48592            
1.17894             86784               -0.020916           -1.70507            0.377294            1.97659             -0.343525           -1.4597             
1.18241             87040               -0.0246422          -1.75069            0.375768            2.03829             -0.347363           -1.50102            
1.18589             87296               -0.0196636          -1.64683            0.354498            1.91792             -0.323066           -1.41045            
1.18937             87552               -0.0193663          -1.60417            0.357841            1.85872             -0.325304           -1.37365            
1.19285             87808               -0.0194273          -1.72386            0.375113            2.00336             -0.34039            -1.47444            
1.19632             88064               -0.0118494          -1.73123            0.372468            2.01394             -0.327191           -1.47501            
1.1998              88320               -0.0281121          -1.74649            0.388374            2.02339             -0.362554           -1.50129            
1.20328             88576               -0.0298337          -1.82524            0.396233            2.1201              -0.371189           -1.56743            
1.20676             88832               -0.0257445          -1.9691             0.422271            2.29046             -0.387969           -1.68616            
1.21023             89088               -0.020451           -1.92258            0.42404             2.22752             -0.382282           -1.64223            
1.21371             89344               -0.0216474          -1.92436            0.418317            2.23429             -0.379256           -1.64478            
1.21719             89600               -0.0223547          -1.85219            0.40227             2.15229             -0.366784           -1.58643            
1.22067             89856               -0.0185727          -1.74581            0.387022            2.0241              -0.348845           -1.49311            
1.22415             90112               -0.0078551          -1.77285            0.403234            2.04506             -0.348305           -1.50488            
1.22762             90368               -0.0211243          -2.068              0.439255            2.40842             -0.396296           -1.7644             
1.2311              90624               -0.0161701          -1.92773            0.41874             2.23982             -0.372553           -1.64386            
1.23458             90880               -0.0222153          -1.73076            0.379639            2.00939             -0.347275           -1.48287            
1.23806             91136               -0.0299768          -1.84035            0.403716            2.13494             -0.377584           -1.58095            
1.24153             91392               -0.0313844          -1.99809            0.43654             2.31824             -0.407304           -1.7145             
1.24501             91648               -0.0188127          -1.77694            0.378927            2.07182             -0.342679           -1.52086            
1.24849             91904               -0.0255074          -1.76831            0.382779            2.05584             -0.354793           -1.51813            
1.25197             92160               -0.0363295          -1.82244            0.390083            2.12308             -0.374781           -1.5718             
1.25544             92416               -0.0226771          -1.72123            0.395004            1.98385             -0.360563           -1.47422            
1.25892             92672               -0.0120495          -1.83462            0.391575            2.13688             -0.344226           -1.56231            
1.2624              92928               -0.0232129          -1.90469            0.406278            2.21839             -0.370961           -1.63003            
1.26588             93184               -0.0266431          -1.90484            0.41411             2.21314             -0.382446           -1.63313            
1.26936             93440               -0.0245741          -1.82127            0.39214             2.11946             -0.361095           -1.56132            
1.27283             93696               -0.0271883          -1.8185             0.396281            2.11386             -0.36849            -1.56209            
1.27631             93952               -0.0263172          -1.79514            0.395141            2.08141             -0.36537            -1.53999            
1.27979             94208               -0.0225639          -1.86491            0.402313            2.16888             -0.367055           -1.5958             
1.28327             94464               -0.00811357         -1.79207            0.38752             2.08471             -0.33514            -1.52456            
1.28674             94720               -0.0239063          -1.76672            0.382603            2.05434             -0.35208            -1.51425            
1.29022             94976               -0.0213467          -1.81382            0.39523             2.10555             -0.359136           -1.55051            
1.2937              95232               -0.0229179          -1.92351            0.405409            2.24338             -0.370207           -1.64504            
1.29718             95488               -0.0148996          -1.78252            0.388463            2.07075             -0.34533            -1.52132            
1.30065             95744               -0.0269454          -1.76865            0.386348            2.05367             -0.359265           -1.51884            
1.30413             96000               -0.0278935          -1.94812            0.423503            2.26209             -0.391731           -1.67042            
1.30761             96256               -0.030811           -1.88394            0.411294            2.1871              -0.385221           -1.61831            
1.31109             96512               -0.0222576          -1.66627            0.361313            1.93855             -0.332014           -1.42813            
1.31457             96768               -0.0167659          -1.52012            0.336878            1.76291             -0.303507           -1.30068            
1.31804             97024               -0.0324392          -1.67821            0.363749            1.95254             -0.347484           -1.44723            
1.32152             97280               -0.0241137          -1.61669            0.354969            1.87734             -0.329044           -1.38752            
1.325               97536               -0.0131022          -1.67211            0.360637            1.94425             -0.31926            -1.42358            
1.32848             97792               -0.013362           -1.88405            0.40597             2.18875             -0.357718           -1.60234            
1.33195             98048               -0.0153299          -1.81046            0.386971            2.10708             -0.344396           -1.54328            
1.33543             98304               -0.0216745          -1.76037            0.383526            2.04372             -0.349595           -1.50625            
1.33891             98560               -0.0246972          -1.8265             0.39213             2.12432             -0.360964           -1.56445            
1.34239             98816               -0.0267218          -1.82993            0.391867            2.13051             -0.363612           -1.57024            
1.34586             99072               -0.0294155          -1.76115            0.384948            2.04542             -0.361073           -1.51446            
1.34934             99328               -0.0250392          -1.80757            0.386164            2.10422             -0.356152           -1.54774            
1.35282             99584               -0.00802626         -1.66445            0.390598            1.91064             -0.336412           -1.41362            
1.3563              99840               -0.0206072          -1.82043            0.400077            2.11252             -0.363112           -1.5583             
1.35978             100096              -0.0272001          -1.72549            0.368233            2.01163             -0.34448            -1.48314            
1.36325             100352              -0.0143707          -1.57594            0.354012            1.82425             -0.315319           -1.34662            
1.36673             100608              -0.0282302          -1.74397            0.3718              2.03244             -0.348802           -1.49799            
1.37021             100864              -0.0147082          -1.71233            0.371384            1.991               -0.330643           -1.46158            
1.37369             101120              -0.0217504          -1.67577            0.373936            1.94137             -0.342083           -1.43727            
1.37716             101376              -0.0196028          -1.71455            0.373682            1.99218             -0.338879           -1.46717            
1.38064             101632              -0.0203542          -1.79711            0.392137            2.08658             -0.355454           -1.53712            
1.38412             101888              -0.0243581          -1.82508            0.39838             2.11965             -0.366181           -1.5641             
1.3876              102144              -0.0238638          -1.75132            0.380924            2.03583             -0.350506           -1.50058            
1.39107             102400              -0.0213997          -1.56962            0.353039            1.81748             -0.323748           -1.34623            
1.39455             102656              -0.0311997          -1.6454             0.368657            1.90582             -0.350622           -1.4186             
1.39803             102912              -0.0334829          -1.73445            0.372663            2.01996             -0.356517           -1.49414            
1.40151             103168              -0.0190508          -1.60889            0.351763            1.87076             -0.320009           -1.37875            
1.40499             103424              -0.0273249          -1.71944            0.378658            1.99684             -0.353608           -1.47876            
1.40846             103680              -0.023144           -1.80104            0.391841            2.09362             -0.359113           -1.54343            
1.41194             103936              -0.0238147          -1.90507            0.40976             2.21678             -0.375286           -1.63041            
1.41542             104192              -0.0186278          -1.9984             0.430167            2.3244              -0.385725           -1.70449            
1.4189              104448              0.00189742          -1.8883             0.435386            2.17779             -0.364062           -1.59972            
1.42237             104704              -0.0387923          -1.77313            0.385591            2.06244             -0.37496            -1.5336             
1.42585             104960              -0.0188386          -1.73041            0.372527            2.01457             -0.336543           -1.47942            
1.42933             105216              -0.0219247          -1.82409            0.39793             2.11748             -0.362324           -1.55904            
1.43281             105472              -0.0225607          -1.9926             0.418657            2.32368             -0.381007           -1.70051            
1.43628             105728              0.0043862           -1.7728             0.432423            2.02406             -0.356226           -1.49908            
1.43976             105984              -0.00651133         -1.89316            0.416399            2.19612             -0.358206           -1.60954            
1.44324             106240              -0.0334271          -1.97855            0.434151            2.29547             -0.408063           -1.70138            
1.44672             106496              -0.0277466          -1.7756             0.404115            2.0504              -0.374906           -1.52707            
1.4502              106752              -0.0646855          -1.68529            0.335717            1.9836              -0.366863           -1.47511            
1.45367             107008              -0.012741           -1.72225            0.377593            1.99959             -0.333563           -1.46793            
1.45715             107264              -0.0262722          -1.79714            0.394279            2.08688             -0.365754           -1.54278            
1.46063             107520              -0.0189531          -1.81913            0.404377            2.10766             -0.364017           -1.55466            
1.46411             107776              -0.0226646          -1.82281            0.402703            2.11386             -0.367664           -1.56118            
1.46758             108032              -0.0296753          -1.8249             0.384978            2.13117             -0.36213            -1.56883            
1.47106             108288              -0.0208508          -1.81237            0.396075            2.10569             -0.359485           -1.55056            
1.47454             108544              -0.0229285          -1.7367             0.378439            2.01823             -0.347677           -1.48969            
1.47802             108800              -0.0245167          -1.7926             0.390258            2.08279             -0.359334           -1.5372             
1.48149             109056              -0.0135854          -1.75472            0.388202            2.03335             -0.343146           -1.49617            
1.48497             109312              -0.0132739          -1.74827            0.373149            2.03629             -0.329726           -1.4903             
1.48845             109568              -0.022464           -1.80637            0.393923            2.0974              -0.359759           -1.54647            
1.49193             109824              -0.0202573          -1.74917            0.384238            2.02877             -0.348376           -1.49599            
1.49541             110080              -0.0219718          -1.79411            0.393871            2.08137             -0.35876            -1.5369             
1.49888             110336              -0.034419           -1.82958            0.394573            2.12896             -0.376098           -1.5764             
1.50236             110592              -0.0225104          -1.76871            0.383745            2.05586             -0.351166           -1.5142             
1.50584             110848              -0.0170325          -1.94184            0.426079            2.2521              -0.37974            -1.65641            
1.50932             111104              -0.0265555          -1.94424            0.419783            2.26096             -0.38711            -1.66625            
1.51279             111360              -0.025467           -1.87541            0.410466            2.17772             -0.377747           -1.6072             
1.51627             111616              -0.0298063          -1.83698            0.403964            2.13221             -0.378031           -1.57915            
1.51975             111872              -0.0381143          -1.94017            0.42683             2.25195             -0.408535           -1.67386            
1.52323             112128              -0.039003           -1.89748            0.415541            2.20292             -0.399774           -1.63635            
1.5267              112384              -0.0257187          -1.91765            0.41922             2.2247              -0.385224           -1.64155            
1.53018             112640              -0.0315448          -2.05631            0.442402            2.39118             -0.412715           -1.76413            
1.53366             112896              -0.0229535          -1.85556            0.403288            2.15635             -0.368259           -1.58858            
1.53714             113152              -0.0213166          -1.72354            0.384369            1.99427             -0.349673           -1.47372            
1.54062             113408              -0.0220046          -1.75041            0.368867            2.04266             -0.3383             -1.49838            
1.54409             113664              0.0141614           -1.64422            0.385843            1.89166             -0.305457           -1.38489            
1.54757             113920              -0.0186799          -1.66636            0.377637            1.92566             -0.340794           -1.42596            
1.55105             114176              -0.0207415          -1.79442            0.391776            2.08261             -0.355646           -1.53394            
1.55453             114432              -0.010884           -1.77154            0.388773            2.05424             -0.340213           -1.50783            
1.558               114688              -0.0241104          -1.80607            0.395663            2.09596             -0.363277           -1.54842            
1.56148             114944              -0.0280244          -1.77326            0.381369            2.06344             -0.356389           -1.52274            
1.56496             115200              -0.0228375          -1.90114            0.408735            2.21077             -0.372636           -1.62535            
1.56844             115456              -0.0193858          -1.92888            0.415675            2.24292             -0.374198           -1.64705            
1.57191             115712              -0.0188649          -1.83783            0.399612            2.13512             -0.359834           -1.57075            
1.57539             115968              -0.0341443          -1.82893            0.397932            2.12474             -0.378357           -1.57457            
1.57887             116224              -0.027697           -1.76358            0.383871            2.05039             -0.358423           -1.51545            
1.58235             116480              -0.0366657          -1.74566            0.380586            2.02864             -0.367117           -1.50707            
1.58582             116736              -0.0222877          -1.84144            0.400977            2.13995             -0.365062           -1.5765             
1.5893              116992              -0.0276641          -1.8857             0.41363             2.18786             -0.383755           -1.61787            
1.59278             117248              -0.02432            -1.81782            0.397365            2.11018             -0.365212           -1.55737            
1.59626             117504              -0.0268996          -1.81119            0.386128            2.11001             -0.359144           -1.55422            
1.59974             117760              -0.0227006          -1.83451            0.402856            2.12808             -0.367524           -1.57011            
1.60321             118016              -0.0223729          -1.88746            0.409078            2.1934              -0.37262            -1.61438            
1.60669             118272              -0.0165761          -1.82082            0.398641            2.11282             -0.35604            -1.55365            
1.61017             118528              -0.0295936          -1.82517            0.401437            2.11741             -0.37543            -1.56933            
1.61365             118784              -0.0393364          -1.86016            0.404069            2.1612              -0.390326           -1.60575            
1.61712             119040              -0.044751           -1.96231            0.429176            2.27775             -0.418698           -1.69478            
1.6206              119296              -0.0178697          -1.78205            0.384793            2.07312             -0.346343           -1.52258            
1.62408             119552              -0.0302781          -1.88053            0.408748            2.18522             -0.382849           -1.61601            
1.62756             119808              -0.0217476          -1.91534            0.422031            2.22172             -0.3828             -1.63814            
1.63103             120064              -0.0222371          -1.86471            0.413159            2.1606              -0.375953           -1.59476            
1.63451             120320              -0.0249739          -1.90104            0.407584            2.2127              -0.374732           -1.62748            
1.63799             120576              -0.0203712          -1.9446             0.425291            2.25616             -0.383535           -1.66049            
1.64147             120832              -0.0196031          -1.85356            0.404272            2.15185             -0.364609           -1.58333            
1.64495             121088              -0.0209732          -1.85049            0.393513            2.15647             -0.357918           -1.58251            
1.64842             121344              -0.0162303          -1.77853            0.392997            2.06152             -0.350848           -1.51902            
1.6519              121600              -0.0238239          -1.79121            0.396149            2.07537             -0.363226           -1.53418            
1.65538             121856              -0.00965727         -1.70468            0.380374            1.97386             -0.331742           -1.45194            
1.65886             122112              -0.0223226          -1.65064            0.36132             1.91513             -0.332448           -1.41494            
1.66233             122368              -0.0187847          -1.66026            0.362617            1.92772             -0.328306           -1.42028            
1.66581             122624              -0.017015           -1.66437            0.362352            1.93233             -0.325808           -1.42072            
1.66929             122880              -0.0157464          -1.80419            0.383535            2.10099             -0.342001           -1.53763            
1.67277             123136              0.0091496           -1.70283            0.378365            1.97515             -0.30441            -1.43841            
1.67624             123392              -0.0400658          -1.7012             0.373001            1.97417             -0.364807           -1.47204            
1.67972             123648              -0.0391745          -1.79436            0.379238            2.09184             -0.368874           -1.54932            
1.6832              123904              -0.021781           -1.72403            0.378485            2.00021             -0.345751           -1.47673            
1.68668             124160              -0.0309903          -1.92025            0.425195            2.22448             -0.397057           -1.64873            
1.69016             124416              -0.0200987          -1.79744            0.38213             2.09398             -0.346571           -1.53564            
1.69363             124672              -0.00795019         -1.88539            0.43209             2.17406             -0.373242           -1.60326            
1.69711             124928              -0.0254255          -1.75164            0.383055            2.03473             -0.354442           -1.50229            
1.70059             125184              -0.0104578          -1.71252            0.368677            1.99289             -0.322675           -1.45665            
1.70407             125440              -0.0065836          -1.8436             0.398675            2.14613             -0.34269            -1.56694            
1.70754             125696              -0.024112           -1.70947            0.378558            1.98274             -0.349153           -1.46666            
1.71102             125952              -0.0169531          -1.63205            0.369715            1.8879              -0.33226            -1.39744            
1.7145              126208              -0.0451629          -1.54392            0.370392            1.77022             -0.369015           -1.34656            
1.71798             126464              -0.058621           -1.78532            0.346532            2.10593             -0.367428           -1.55684            
1.72145             126720              -0.0313887          -1.51421            0.332828            1.75882             -0.320366           -1.30739            
1.72493             126976              -0.0234613          -1.61297            0.353825            1.87341             -0.327245           -1.38535            
1.72841             127232              -0.0231532          -1.74218            0.382824            2.02044             -0.351151           -1.49197            
1.73189             127488              -0.0211013          -1.80216            0.387253            2.09649             -0.352253           -1.54137            
1.73537             127744              -0.019              -1.70404            0.372441            1.97831             -0.336993           -1.45714            
1.73884             128000              -0.0261948          -1.75621            0.381322            2.04031             -0.353887           -1.50679            
1.74232             128256              -0.0252193          -1.74166            0.379242            2.02225             -0.350609           -1.49431            
1.7458              128512              -0.0376261          -1.69482            0.369163            1.96861             -0.358444           -1.46343            
1.74928             128768              -0.022651           -1.70061            0.367334            1.97608             -0.336928           -1.4549             
1.75275             129024              -0.00966306         -1.68446            0.369357            1.95329             -0.321887           -1.43218            
1.75623             129280              -0.0262863          -1.55115            0.326814            1.81331             -0.308523           -1.3376             
1.75971             129536              -0.0259152          -1.49792            0.332139            1.7377              -0.311607           -1.28932            
1.76319             129792              -0.0339204          -1.69918            0.362237            1.97961             -0.34792            -1.46376            
1.76666             130048              -0.0160203          -1.73683            0.376567            2.01857             -0.336788           -1.48188            
1.77014             130304              -0.0144961          -1.61473            0.349181            1.87979             -0.311788           -1.37899            
1.77362             130560              -0.0152541          -1.56706            0.348634            1.81696             -0.312189           -1.33902            
1.7771              130816              -0.0183405          -1.5959             0.343575            1.85796             -0.312098           -1.36469            
1.78058             131072              -0.0176503          -1.80006            0.385892            2.09525             -0.346952           -1.53686            
1.78405             131328              -0.0176865          -1.76436            0.379387            2.05286             -0.341355           -1.50674            
1.78753             131584              -0.0206016          -1.76558            0.378524            2.05443             -0.34416            -1.50895            
1.79101             131840              -0.02163            -1.80516            0.386707            2.1007              -0.352497           -1.54425            
1.79449             132096              -0.0237226          -1.76593            0.382976            2.05224             -0.352002           -1.51351            
1.79796             132352              -0.0280102          -1.74245            0.38161             2.02213             -0.356278           -1.49668            
1.80144             132608              -0.0272332          -1.73311            0.376611            2.01399             -0.351286           -1.48835            
1.80492             132864              -0.0196521          -1.62375            0.353046            1.88904             -0.322093           -1.39286            
1.8084              133120              -0.0270972          -1.67827            0.361193            1.9557              -0.338345           -1.44372            
1.81187             133376              -0.0238352          -1.76728            0.385805            2.05302             -0.354874           -1.51474            
1.81535             133632              -0.0222106          -1.8142             0.397569            2.10598             -0.362732           -1.55306            
1.81883             133888              -0.023206           -1.79539            0.39243             2.0856              -0.359638           -1.53858            
1.82231             134144              -0.0281678          -1.71241            0.374415            1.98959             -0.350862           -1.47223            
1.82579             134400              -0.0246963          -1.74803            0.385653            2.02716             -0.355602           -1.49855            
1.82926             134656              -0.0227089          -1.74878            0.372441            2.03871             -0.342442           -1.49841            
1.83274             134912              -0.0213198          -1.72124            0.375056            1.99935             -0.342297           -1.47378            
1.83622             135168              -0.0256671          -1.82191            0.395833            2.11733             -0.365737           -1.56228            
1.8397              135424              -0.0195327          -1.82848            0.39629             2.12501             -0.358037           -1.56214            
1.84317             135680              -0.0219948          -1.8967             0.4157              2.20048             -0.377593           -1.6217             
1.84665             135936              -0.0151635          -1.81194            0.396715            2.10239             -0.352482           -1.54459            
1.85013             136192              -0.0198312          -1.80369            0.398628            2.0903              -0.360024           -1.54234            
1.85361             136448              -0.036261           -1.8921             0.409952            2.19872             -0.391358           -1.62949            
1.85708             136704              -0.0121355          -1.68369            0.390979            1.93448             -0.34303            -1.4326             
1.86056             136960              -0.018327           -1.81823            0.398011            2.11073             -0.357371           -1.55396            
1.86404             137216              -0.027187           -1.79692            0.383174            2.09313             -0.35652            -1.54126            
1.86752             137472              -0.00662428         -1.81588            0.404158            2.10343             -0.34826            -1.54362            
1.871               137728              -0.0238155          -1.79241            0.392229            2.07974             -0.360195           -1.53499            
1.87447             137984              -0.0238694          -1.81024            0.391251            2.10445             -0.359342           -1.54976            
1.87795             138240              0.00618853          -1.79336            0.413045            2.06663             -0.337629           -1.51449            
1.88143             138496              -0.0306989          -1.84015            0.407539            2.13248             -0.382414           -1.58222            
1.88491             138752              -0.0256987          -1.74689            0.377844            2.03147             -0.35063            -1.49831            
1.88838             139008              -0.0307702          -1.67489            0.365944            1.94694             -0.348056           -1.44403            
1.89186             139264              -0.018067           -1.72356            0.383221            1.99593             -0.344665           -1.4734             
1.89534             139520              -0.0284617          -1.77088            0.385964            2.05696             -0.361148           -1.52205            
1.89882             139776              -0.0262606          -1.81173            0.394437            2.10521             -0.365466           -1.55491            
1.90229             140032              -0.0217741          -1.69997            0.376736            1.97062             -0.344387           -1.45676            
1.90577             140288              -0.0277589          -1.80071            0.391271            2.09278             -0.364613           -1.54596            
1.90925             140544              -0.0111995          -1.73363            0.383314            2.00918             -0.335922           -1.47548            
1.91273             140800              -0.00716585         -1.62938            0.337328            1.90652             -0.292131           -1.38358            
1.91621             141056              -0.0152938          -1.68138            0.365985            1.95331             -0.326846           -1.4342             
1.91968             141312              -0.0196316          -1.67513            0.367697            1.94329             -0.333673           -1.43294            
1.92316             141568              -0.0156751          -1.68835            0.376651            1.95387             -0.335917           -1.4418             
1.92664             141824              -0.0247756          -1.74557            0.373534            2.0325              -0.345779           -1.49666            
1.93012             142080              -0.0211612          -1.84082            0.403129            2.13577             -0.36589            -1.57383            
1.93359             142336              -0.00930025         -1.80454            0.395515            2.09423             -0.343985           -1.53469            
1.93707             142592              -0.0178888          -1.75086            0.39047             2.02773             -0.351298           -1.4976             
1.94055             142848              -0.0355176          -1.73755            0.385061            2.01444             -0.369367           -1.49993            
1.94403             143104              -0.0327625          -1.85117            0.405366            2.14745             -0.382734           -1.59177            
1.9475              143360              -0.0280527          -1.85539            0.400841            2.15756             -0.373029           -1.59274            
1.95098             143616              -0.0230042          -1.77986            0.393321            2.06424             -0.360099           -1.52555            
1.95446             143872              -0.0285018          -1.84996            0.405464            2.14706             -0.377482           -1.5883             
1.95794             144128              -0.028543           -1.83463            0.399856            2.13124             -0.372797           -1.57526            
1.96142             144384              -0.0137766          -1.66326            0.357439            1.93758             -0.317867           -1.42091            
1.96489             144640              -0.018478           -1.73966            0.383989            2.01973             -0.34675            -1.48864            
1.96837             144896              -0.0117512          -1.75048            0.397825            2.02508             -0.349129           -1.4944             
1.97185             145152              -0.0378152          -1.67517            0.37715             1.93896             -0.365685           -1.44886            
1.97533             145408              -0.0339684          -1.81696            0.391568            2.11464             -0.373208           -1.56497            
1.9788              145664              -0.0169033          -1.76415            0.390869            2.04546             -0.350131           -1.50731            
1.98228             145920              -0.0242613          -1.70104            0.379081            1.97095             -0.349596           -1.45962            
1.98576             146176              -0.0260758          -1.80042            0.39939             2.08531             -0.369116           -1.54405            
1.98924             146432              -0.0352564          -1.9454             0.415754            2.26566             -0.395408           -1.67584            
1.99271             146688              -0.0237199          -1.98252            0.435962            2.29954             -0.397038           -1.69646            
1.99619             146944              -0.0200473          -1.90276            0.421003            2.20382             -0.379365           -1.62458            
1.99967             147200              -0.0235914          -1.9651             0.426358            2.28287             -0.388652           -1.68073            
