#Time               nTime               force-x             force-y             force-z             moment-x            moment-y            moment-z            
0                   0                   -8.36758e-05        3.90266e-05         -0.000218615        -2.96417e-05        0.000939394         0.000178159         
0.00347769          256                 1316.86             -0.240825           417.233             4.12875             -512.411            6.80354             
0.00695537          512                 677.134             -3.98041            152.465             -1.8045             29.6205             -12.6035            
0.0104331           768                 -884.199            -6.44879            33.0555             5.35227             -1010.34            -29.267             
0.0139107           1024                -1072.95            6.90237             -158.223            -8.02699            -397.111            30.0835             
0.0173884           1280                -791.962            6.11263             -3.37465            -8.29722            -810.973            20.9703             
0.0208661           1536                -386.646            3.5385              89.9585             -7.17362            -817.533            12.9898             
0.0243438           1792                143.537             -1.64473            -4.67342            0.622319            188.348             -3.33323            
0.0278215           2048                160.216             3.30513             13.7514             -2.31176            120.557             18.7774             
0.0312992           2304                203.656             1.38727             79.6014             0.00691284          -142.043            4.89445             
0.0347769           2560                112.93              -6.5072             68.8844             6.11371             -192.38             -31.0819            
0.0382545           2816                26.7519             -1.18443            13.8265             0.186845            -27.2426            -1.94777            
0.0417322           3072                10.9297             2.52526             1.23492             -2.30956            12.3169             11.5131             
0.0452099           3328                -38.8062            -0.486873           15.4085             0.979767            -108.731            -5.43944            
0.0486876           3584                -46.2957            -1.40501            10.1302             0.948447            -91.9801            -6.81679            
0.0521653           3840                -64.2479            0.50656             -2.55917            -1.16486            -52.2327            3.0604              
0.055643            4096                -51.763             1.26101             3.42466             -1.42469            -67.3232            4.43745             
0.0591207           4352                -23.9272            -0.502121           11.7457             0.366286            -76.4695            -3.55464            
0.0625984           4608                -2.89429            -0.623734           11.8787             0.142884            -54.4235            -2.32427            
0.066076            4864                19.75               0.285354            12.6249             -0.70682            -33.8248            1.40885             
0.0695537           5120                23.9512             -0.171854           13.0925             -0.0542483          -32.0328            -0.751373           
0.0730314           5376                24.3006             -0.833534           13.9265             0.459745            -35.7114            -2.70477            
0.0765091           5632                17.9443             -0.840954           10.1473             0.437089            -25.3851            -1.88628            
0.0799868           5888                5.94549             -1.01286            6.92782             0.713297            -23.5406            -1.83635            
0.0834645           6144                -7.81593            -1.26941            3.26149             0.887476            -21.6989            -2.62443            
0.0869422           6400                -22.9611            -1.17714            0.622129            0.675965            -25.9192            -2.24468            
0.0904198           6656                -32.768             -0.74468            -1.1712             0.309036            -28.3802            -1.79126            
0.0938975           6912                -37.5334            -0.0851565          -1.26834            -0.351128           -33.0767            -0.152301           
0.0973752           7168                -38.2864            0.422813            -0.64712            -0.864491           -36.6062            0.866688            
0.100853            7424                -36.4771            0.979702            2.04456             -1.35579            -46.5538            2.79905             
0.104331            7680                -31.2595            1.22673             4.75977             -1.48659            -53.0246            3.02242             
0.107808            7936                -26.3504            1.08835             5.93128             -1.3618             -52.8566            2.92329             
0.111286            8192                -21.8863            0.764715            5.87044             -1.0654             -47.6932            1.3069              
0.114764            8448                -19.6234            0.534329            5.1322              -0.720454           -41.9035            0.490095            
0.118241            8704                -17.8198            0.865493            4.50564             -0.889201           -37.4463            1.03922             
0.121719            8960                -15.1446            0.541775            5.10485             -0.498818           -37.4276            0.0710642           
0.125197            9216                -12.2036            -0.176138           5.32334             -0.0452873          -35.4147            -3.48699            
0.128674            9472                -10.4989            -0.212556           5.96832             -0.00172031         -36.6832            -3.91795            
0.132152            9728                -11.8248            -0.350632           5.78305             0.00985088          -37.3568            -4.25583            
0.13563             9984                -12.8429            -0.379054           4.90929             0.301008            -34.732             -4.35214            
0.139107            10240               -14.3917            0.13371             4.19993             -0.0419106          -33.2565            -2.39757            
0.142585            10496               -17.8661            0.022969            4.41758             0.0383171           -38.0073            -2.60124            
0.146063            10752               -20.3834            1.08315             3.928               -0.889184           -38.3341            2.32409             
0.149541            11008               -19.799             0.655409            3.23089             -0.336919           -34.3715            1.3184              
0.153018            11264               -15.528             0.56096             2.80045             -0.184313           -27.7543            0.755326            
0.156496            11520               -12.7086            0.956801            1.04887             -0.525115           -16.9446            2.54681             
0.159974            11776               -9.63254            1.09184             0.261238            -0.786931           -10.3709            2.23797             
0.163451            12032               -6.18029            1.37728             0.658932            -1.22151            -8.68204            2.90601             
0.166929            12288               -0.997722           1.91134             0.473491            -2.0421             -2.72607            5.03146             
0.170407            12544               3.40269             1.79907             0.446807            -2.08674            1.74443             3.98342             
0.173884            12800               9.06338             1.15789             0.699665            -1.55185            6.34275             1.16178             
0.177362            13056               15.1417             1.28254             1.3891              -1.74086            9.45926             1.32124             
0.18084             13312               18.1902             0.824249            2.12731             -1.50776            9.08576             -0.202678           
0.184317            13568               22.5729             0.48936             3.68764             -1.27488            6.51693             -1.54357            
0.187795            13824               25.625              0.506764            5.21866             -1.00278            2.68934             -1.35716            
0.191273            14080               27.3254             0.271696            6.57892             -0.711824           -1.61192            -1.63527            
0.19475             14336               29.9884             0.0476542           8.75193             -0.474035           -8.58798            -1.48036            
0.198228            14592               34.2764             -0.746819           11.8566             0.484079            -18.0509            -3.97595            
0.201706            14848               39.4673             -1.32109            14.8462             1.50157             -25.8579            -5.99105            
0.205183            15104               49.4383             -1.57775            18.3902             2.00059             -31.1444            -6.21071            
0.208661            15360               60.6073             -1.69493            21.647              2.33833             -33.9796            -6.03933            
0.212139            15616               68.9151             -2.32191            23.8812             3.10262             -35.2485            -8.82638            
0.215617            15872               76.7508             -2.53845            26.5932             3.47901             -39.165             -9.57401            
0.219094            16128               84.9579             -2.44223            28.3761             3.02076             -38.5931            -9.06427            
0.222572            16384               89.4359             -2.5653             29.2241             2.87135             -37.7056            -9.14268            
0.22605             16640               94.3328             -2.59278            29.5614             2.90975             -34.0825            -9.23497            
0.229527            16896               96.2038             -2.65861            29.4407             3.04426             -31.6302            -9.13481            
0.233005            17152               97.4305             -2.39526            28.3091             2.48053             -25.4084            -8.12687            
0.236483            17408               95.555              -2.52025            25.8508             1.95253             -16.8023            -8.25489            
0.23996             17664               90.416              -2.36053            24.6115             1.90396             -16.9645            -7.42897            
0.243438            17920               78.6517             -2.11721            21.7698             2.02224             -16.584             -5.87988            
0.246916            18176               66.7827             -2.05707            20.2969             1.92329             -22.4075            -5.56016            
0.250393            18432               54.9305             -1.95249            20.0331             1.48684             -33.467             -4.83074            
0.253871            18688               42.4132             -1.6179             18.4838             0.949305            -39.2893            -3.88181            
0.257349            18944               29.1404             -1.41866            15.5871             0.340139            -39.788             -3.1621             
0.260826            19200               16.2273             -1.47649            12.7094             0.0364824           -40.1314            -3.24866            
0.264304            19456               9.07984             -0.897701           10.3121             -0.577923           -36.8061            -1.65519            
0.267782            19712               5.19545             -0.576255           9.13775             -1.0749             -35.5819            -0.716842           
0.27126             19968               1.64224             -0.776966           9.23197             -0.887301           -39.5022            -1.46605            
0.274737            20224               -5.78166            -1.51847            8.30258             -0.118808           -42.8209            -3.7404             
0.278215            20480               -13.7535            -1.63443            7.66638             -0.0080722          -48.1667            -4.10321            
0.281693            20736               -19.7661            -1.4918             5.87557             -0.0538548          -46.2692            -3.0299             
0.28517             20992               -24.4882            -0.93801            4.43224             -0.386885           -44.7989            -1.45655            
0.288648            21248               -31.3113            -0.598809           2.86506             -0.368865           -44.7549            -0.349996           
0.292126            21504               -35.7738            -0.055243           1.73734             -0.418757           -44.3174            0.450398            
0.295603            21760               -40.9176            0.50285             0.159306            -1.10571            -42.5994            1.89701             
0.299081            22016               -45.4361            0.963284            -0.853785           -1.48637            -42.706             2.47488             
0.302559            22272               -53.7468            1.25849             -2.81703            -2.03814            -42.5928            3.00629             
0.306036            22528               -61.7475            1.42775             -5.9534             -1.91336            -36.8719            3.15385             
0.309514            22784               -66.6597            1.28542             -7.0419             -1.9826             -37.3335            3.26622             
0.312992            23040               -70.2669            1.1141              -8.72562            -1.49286            -33.772             2.93248             
0.316469            23296               -73.7981            0.789518            -10.2225            -1.14732            -31.0404            1.7198              
0.319947            23552               -74.8702            0.455077            -11.9235            -0.836883           -24.9813            1.18516             
0.323425            23808               -76.2418            0.194934            -11.8118            -0.517306           -27.2615            0.238076            
0.326903            24064               -72.2768            0.0735555           -11.9302            -0.253134           -22.9321            0.391531            
0.33038             24320               -69.4383            0.179153            -10.6241            -0.0166311          -26.0256            0.803869            
0.333858            24576               -63.9519            0.211198            -9.66348            0.200561            -24.6602            0.881464            
0.337336            24832               -57.8508            0.572195            -9.13115            -0.308796           -20.8707            1.53076             
0.340813            25088               -55.2422            1.09385             -6.6936             -0.980817           -29.0702            3.52694             
0.344291            25344               -48.7436            0.664948            -5.76929            -0.510473           -26.3886            1.28257             
0.347769            25600               -47.0908            0.455475            -5.08774            -0.114327           -27.7186            0.265341            
0.351246            25856               -42.704             0.29608             -1.77449            0.0704443           -37.683             0.453563            
0.354724            26112               -39.0012            -0.113757           0.276553            0.757778            -42.7623            -1.02508            
0.358202            26368               -33.1928            0.227046            3.11164             0.58616             -49.0571            -0.0921839          
0.361679            26624               -26.581             0.630258            4.836               0.350494            -49.7957            1.59009             
0.365157            26880               -18.2449            0.263057            7.22206             0.701399            -51.9863            -0.12981            
0.368635            27136               -8.60227            -0.409821           10.0892             1.25836             -54.4239            -1.94478            
0.372112            27392               -1.42817            -0.969137           12.5884             1.92096             -57.6202            -3.62658            
0.37559             27648               -1.78573            -1.27644            14.4757             1.94517             -66.1045            -4.38816            
0.379068            27904               -0.635925           -1.42943            15.6703             1.8947              -69.946             -4.0026             
0.382546            28160               -9.07554            -1.10182            13.0557             1.31969             -66.8218            -3.36875            
0.386023            28416               -15.4823            -1.10434            10.2149             0.490843            -60.7448            -2.93573            
0.389501            28672               -25.0672            -1.46559            9.0822              0.811355            -65.4652            -3.57995            
0.392979            28928               -26.5683            -1.0055             7.98117             0.723215            -62.0838            -2.79206            
0.396456            29184               -32.7383            -1.23264            7.05582             0.908906            -64.222             -3.23381            
0.399934            29440               -30.7396            -1.58142            7.24667             1.39938             -62.7938            -3.49891            
0.403412            29696               -30.2082            -1.96206            7.47244             2.14513             -63.1613            -5.09928            
0.406889            29952               -28.2862            -1.99463            7.64861             2.10372             -61.9931            -4.94758            
0.410367            30208               -23.6993            -1.6108             9.68306             2.11682             -66.3969            -4.35165            
0.413845            30464               -26.1253            -1.20495            9.95502             1.70951             -69.9422            -2.88094            
0.417322            30720               -27.6501            -1.03461            13.0511             2.36038             -85.3046            -3.31366            
0.4208              30976               -24.4413            -1.05275            13.548              2.0408              -84.1081            -3.68583            
0.424278            31232               -23.4448            -0.150352           12.4408             0.635214            -78.0396            0.161055            
0.427755            31488               -18.2556            -0.288155           13.98               0.851532            -79.1403            -0.591805           
0.431233            31744               -20.0822            -0.182362           13.4893             0.814749            -78.863             0.0750876           
0.434711            32000               -14.5602            -0.389641           12.7764             1.46798             -70.1107            -0.893129           
0.438188            32256               -15.8672            -0.544662           11.249              1.81414             -64.5258            -1.83324            
0.441666            32512               -19.0067            -0.269713           10.7343             1.74508             -65.9194            -1.6322             
0.445144            32768               -15.8489            -0.346954           12.8583             1.76071             -72.4121            -2.0721             
0.448622            33024               -16.9637            -0.30445            14.0834             1.7128              -79.2505            -1.36902            
0.452099            33280               -13.6874            -0.162824           14.5142             1.45548             -77.6705            -1.00714            
0.455577            33536               -11.6345            -0.0959897          13.8215             1.474               -72.48              -0.963591           
0.459055            33792               -12.7054            0.856392            13.3858             1.2792              -71.6836            1.2657              
0.462532            34048               -10.8754            0.418451            12.7341             1.56368             -67.0107            -1.2501             
0.46601             34304               -17.3748            1.7601              8.86801             -0.0744061          -56.3706            3.6476              
0.469488            34560               -18.2784            1.18645             7.5654              -0.149436           -51.7788            1.60043             
0.472965            34816               -22.1925            1.05054             6.82873             0.175359            -52.791             1.31572             
0.476443            35072               -29.9535            1.10386             7.63829             -0.0198028          -64.6377            1.35863             
0.479921            35328               -31.763             0.789854            9.55104             0.0396791           -75.0565            -0.357776           
0.483398            35584               -28.2556            1.22107             10.7125             -0.931531           -76.3162            2.07001             
0.486876            35840               -30.0195            2.09082             9.2039              -2.44638            -71.3306            5.10042             
0.490354            36096               -28.964             1.59956             10.9911             -1.08695            -78.0342            2.74764             
0.493831            36352               -27.8885            1.51096             12.0214             -0.343767           -81.594             2.70019             
0.497309            36608               -25.2067            1.48587             11.8939             0.00793465          -78.1642            1.72555             
0.500787            36864               -24.4408            1.69398             12.4373             -0.823466           -79.7396            3.12034             
0.504265            37120               -23.5913            1.37226             12.5449             -0.68304            -79.1812            2.00314             
0.507742            37376               -21.7755            1.03903             12.3664             -0.135171           -76.7331            0.0234385           
0.51122             37632               -18.5452            0.707897            13.8644             -0.035443           -80.0089            -1.11481            
0.514698            37888               -15.0386            0.589039            15.1312             0.0813579           -81.815             -0.255464           
0.518175            38144               -6.79211            0.28952             16.6159             0.151166            -79.938             -1.1404             
0.521653            38400               -4.72505            -0.342545           16.8274             0.831621            -78.5222            -3.02075            
0.525131            38656               -3.51546            0.927521            17.5508             -0.321907           -80.6698            1.38537             
0.528608            38912               -1.66785            0.271407            17.4872             0.124826            -78.682             -1.24136            
0.532086            39168               1.52593             0.540774            19.1076             -0.570734           -82.6024            -0.240502           
0.535564            39424               1.2953              0.578691            18.7985             -1.01179            -81.4302            0.377431            
0.539041            39680               2.6135              0.358612            19.2841             -0.827401           -82.1755            -0.362694           
0.542519            39936               -7.89674            0.635359            17.4977             -1.00726            -84.865             0.876039            
0.545997            40192               -12.1133            0.169537            17.4797             -0.671821           -89.2224            -0.682359           
0.549474            40448               -15.3735            0.794174            16.7035             -1.63128            -89.0217            1.82771             
0.552952            40704               -21.6943            0.71219             14.2818             -2.04681            -84.7857            1.73674             
0.55643             40960               -27.2983            0.688943            13.3237             -1.72821            -86.4461            1.22776             
0.559907            41216               -34.2504            0.803677            14                  -2.01509            -96.57              1.90285             
0.563385            41472               -32.7897            -0.510592           14.5058             -0.65395            -97.0106            -2.56174            
0.566863            41728               -32.1909            -0.281563           13.7019             -0.101605           -92.5283            -1.57779            
0.570341            41984               -33.0597            -0.758687           13.7022             0.21636             -93.1706            -2.61968            
0.573818            42240               -31.829             -0.213279           13.0502             -0.303909           -89.2063            -0.71296            
0.577296            42496               -31.1337            -0.685712           12.0306             0.0435619           -84.0422            -2.02474            
0.580774            42752               -31.3714            -1.39873            10.7131             0.606895            -78.5012            -3.8211             
0.584251            43008               -38.5461            -0.981376           8.6348              -0.0387063          -76.6129            -1.29625            
0.587729            43264               -39.6243            -2.26718            7.80504             1.28784             -74.0516            -5.18625            
0.591207            43520               -46.4305            -2.14967            5.87021             1.27015             -72.3984            -5.29492            
0.594684            43776               -44.5207            -2.81294            7.82154             2.1968              -79.2273            -6.93656            
0.598162            44032               -43.3605            -3.05504            9.04456             3.00354             -83.3829            -8.59096            
0.60164             44288               -37.6368            -2.70077            10.1265             1.94114             -82.0433            -6.64556            
0.605117            44544               -26.0505            -1.99777            11.7387             0.943011            -77.3119            -3.56903            
0.608595            44800               -18.9582            -1.7557             13.5748             0.662865            -78.4311            -4.21871            
0.612073            45056               -8.40717            -1.29513            16.139              0.65384             -79.1479            -2.64581            
0.61555             45312               0.961175            -0.840421           17.5182             0.173393            -75.6629            -1.51144            
0.619028            45568               8.84371             -0.74184            19.0301             0.426467            -74.2648            -1.52231            
0.622506            45824               12.4638             -0.48432            19.637              0.484739            -73.6317            -0.780746           
0.625984            46080               8.40487             -0.529929           19.3382             -0.123769           -76.9146            -1.71013            
0.629461            46336               8.70632             -0.354046           21.8412             -0.458717           -87.3433            -0.757511           
0.632939            46592               4.76087             -0.00938541         19.8655             -0.145387           -82.3291            0.394976            
0.636417            46848               -1.02744            0.250559            18.0686             -0.708085           -80.0394            0.706278            
0.639894            47104               -11.3155            -0.041361           16.6426             -0.592249           -84.1701            -0.825067           
0.643372            47360               -20.7703            0.172484            15.7645             -0.955249           -89.9638            0.46469             
0.64685             47616               -28.3968            0.120236            17.119              -0.514261           -103.802            0.367962            
0.650327            47872               -30.8486            0.241648            12.7246             -0.881924           -86.5556            0.293283            
0.653805            48128               -36.548             0.618776            13.2612             -0.856918           -94.7864            1.195               
0.657283            48384               -38.6048            0.898617            13.054              -1.84707            -96.0112            2.33922             
0.66076             48640               -38.1274            -0.339981           13.0939             -0.708999           -95.715             -1.41455            
0.664238            48896               -38.5548            0.0482712           13.2487             -0.106393           -96.8835            0.019686            
0.667716            49152               -33.1713            -0.523062           15.9199             0.422364            -103.275            -1.51021            
0.671193            49408               -29.6207            -0.865788           17.038              0.404839            -104.866            -2.13823            
0.674671            49664               -23.5699            -0.34823            16.2719             0.118308            -95.2389            -0.683093           
0.678149            49920               -17.4798            -0.563934           16.5202             -0.217955           -90.2527            -0.686217           
0.681626            50176               -14.0445            -0.945988           18.018              0.582876            -93.6139            -1.95341            
0.685104            50432               -7.52667            -0.686889           20.933              0.358141            -99.8505            -0.708382           
0.688582            50688               -5.08203            -0.346236           21.5723             0.131812            -100.109            0.649565            
0.69206             50944               1.17175             -0.578842           21.2148             0.365115            -91.7927            -1.41166            
0.695537            51200               3.19388             0.113783            21.0998             -0.707184           -88.8798            1.9855              
0.699015            51456               1.77121             0.346381            20.248              -1.05726            -86.4329            2.06174             
0.702493            51712               -4.84405            0.0243692           19.6355             -0.315987           -90.7834            0.13836             
0.70597             51968               -10.1517            0.159679            20.4484             0.575448            -99.6827            -0.573127           
0.709448            52224               -14.2164            0.367701            17.95               0.734291            -92.8767            0.628581            
0.712926            52480               -16.2957            0.454025            18.6872             0.842029            -98.4734            0.739256            
0.716403            52736               -17.5876            1.15553             19.1615             0.546465            -101.608            2.6609              
0.719881            52992               -20.1761            0.526459            17.5453             0.977513            -96.9041            0.00931745          
0.723359            53248               -24.1391            0.101122            16.4943             1.5838              -96.6474            -1.52501            
0.726836            53504               -32.1019            0.176805            15.932              1.8115              -102.649            -0.800264           
0.730314            53760               -29.8886            0.914102            14.2648             0.578817            -92.9682            1.95411             
0.733792            54016               -31.9453            1.36213             12.6495             -1.20777            -87.9041            2.64173             
0.73727             54272               -29.2853            1.10951             14.3358             -0.84531            -92.8529            2.19413             
0.740747            54528               -28.7437            1.19862             13.7021             -0.726317           -89.1309            2.23249             
0.744225            54784               -30.6681            1.59053             13.0211             -0.691587           -88.1564            3.92023             
0.747703            55040               -30.1588            1.33223             12.8458             -0.808853           -86.8643            2.56645             
0.75118             55296               -30.1749            0.845643            13.5259             -0.63464            -89.7357            1.26923             
0.754658            55552               -33.3249            0.827497            12.709              -0.823002           -89.5918            1.56014             
0.758136            55808               -32.4281            0.566369            13.6312             -0.791292           -92.5417            0.690681            
0.761613            56064               -29.3512            0.807476            11.1208             -2.43514            -78.44              2.86296             
0.765091            56320               -26.8452            -0.154038           12.8875             -0.567849           -83.9148            -0.975118           
0.768569            56576               -20.9019            0.124004            14.3695             -0.388795           -84.4067            -0.203105           
0.772046            56832               -16.7907            0.199825            14.878              -0.302142           -82.4161            -1.30063            
0.775524            57088               -11.1727            -0.0570355          16.0214             -0.0517693          -81.6523            -2.61483            
0.779002            57344               -8.26185            -0.0571802          16.351              -0.971979           -80.1234            -1.77351            
0.782479            57600               -6.39227            -0.427259           19.3278             -0.495435           -91.5037            -2.27411            
0.785957            57856               -3.27631            -0.244977           21.4283             -0.500052           -97.4677            -0.918036           
0.789435            58112               -3.69135            -0.883935           22.5222             0.34938             -102.613            -1.26635            
0.792912            58368               -2.26976            -0.301999           23.6771             -0.0799605          -105.896            0.567877            
0.79639             58624               -1.02418            -0.0481994          23.0182             -0.0360028          -101.754            1.06721             
0.799868            58880               -2.11845            -0.460883           22.8252             0.332236            -101.913            -1.179              
0.803346            59136               -4.14981            -0.462343           21.8128             0.127549            -99.4592            -1.44852            
0.806823            59392               -6.18594            -0.511819           21.378              0.0573844           -99.4357            -2.48367            
0.810301            59648               -7.99215            -0.282559           21.329              -0.103386           -100.858            -1.97012            
0.813779            59904               -12.3658            -0.047587           21.8121             -1.11915            -107.606            -0.940697           
0.817256            60160               -16.5918            -0.208823           21.1803             -0.527139           -109.289            -1.63744            
0.820734            60416               -15.2188            -0.282547           20.8529             -0.648563           -106.528            -2.18986            
0.824212            60672               -14.1448            -0.511499           21.2732             -0.60155            -107.515            -3.93757            
0.827689            60928               -12.6414            0.425598            21.7617             -1.69327            -108.008            -0.862054           
0.831167            61184               -13.1743            0.283639            21.8698             -1.39636            -109.132            -3.01123            
0.834645            61440               -13.2088            0.86106             21.2501             -2.36374            -106.515            0.482469            
0.838122            61696               -14.9292            0.292592            20.4854             -1.69589            -104.958            -0.958338           
0.8416              61952               -18.9624            -0.17387            18.8236             -1.24338            -101.588            -2.1204             
0.845078            62208               -22.2822            -0.410012           17.266              -0.960912           -97.9157            -2.53536            
0.848555            62464               -24.498             -0.367575           14.9547             -0.278843           -89.9323            -2.79621            
0.852033            62720               -25.3796            -0.597699           14.2634             0.236065            -88.0801            -3.38334            
0.855511            62976               -29.5842            -0.0291451          13.5421             -0.00228019         -89.3154            -1.0337             
0.858989            63232               -31.1642            0.199724            13.7303             -0.233537           -91.8124            -0.509656           
0.862466            63488               -27.6086            0.159941            12.9661             0.102718            -84.9489            0.0101522           
0.865944            63744               -23.6333            0.40479             14.2833             0.289688            -87.2197            -0.177049           
0.869422            64000               -18.5131            -0.25293            15.4291             0.962733            -87.1909            -2.33138            
0.872899            64256               -10.8803            0.315373            17.4164             0.378479            -88.3457            -0.506221           
0.876377            64512               -4.95057            -0.177269           17.7472             1.18609             -83.6254            -3.03886            
0.879855            64768               -4.88391            0.419937            17.078              0.75824             -80.8194            0.08187             
0.883332            65024               -1.67688            0.130638            18.4458             0.645382            -83.3264            -0.826879           
0.88681             65280               -2.50918            -0.0928108          19.4907             1.07826             -88.4023            -1.80939            
0.890288            65536               -6.06174            -0.217224           19.1124             0.836892            -90.0074            -2.27507            
0.893765            65792               -9.42719            -0.785698           18.9734             0.648766            -92.5615            -3.61001            
0.897243            66048               -8.50313            -0.696009           18.5993             -0.23098            -89.698             -2.76347            
0.900721            66304               -11.1159            -0.643787           18.164              -0.106979           -90.5157            -2.14776            
0.904198            66560               -14.763             -0.858318           16.6594             -0.148925           -87.3045            -2.49005            
0.907676            66816               -18.082             -1.35194            14.8533             1.14356             -82.9618            -3.60619            
0.911154            67072               -28.0336            -1.23535            15.4007             1.20478             -96.1253            -2.60715            
0.914631            67328               -32.6549            -1.10163            18.0298             1.13659             -112.587            -3.11052            
0.918109            67584               -34.1601            -1.14468            20.7515             0.536913            -126.035            -3.01824            
0.921587            67840               -28.889             -0.979711           22.1771             0.795156            -126.225            -2.63078            
0.925065            68096               -23.9541            -0.32171            19.594              -0.230234           -109.483            -0.438501           
0.928542            68352               -24.1043            -0.0946603          19.1511             -0.935564           -108.109            0.0533375           
0.93202             68608               -22.5238            -0.128207           18.7022             -1.47853            -104.697            0.22723             
0.935498            68864               -18.8178            -0.0764332          17.3618             -1.04305            -95.075             1.12038             
0.938975            69120               -18.5504            0.0966675           15.6861             -0.891854           -87.8096            1.19586             
0.942453            69376               -17.7802            0.062627            17.8643             -0.730003           -96.4814            0.857098            
0.945931            69632               -12.9471            0.0554643           19.2876             0.284543            -97.4756            -0.344035           
0.949408            69888               -10.2715            0.669027            17.7916             -0.0283399          -88.003             1.09825             
0.952886            70144               -6.34716            1.29747             16.4731             -0.948046           -78.2153            4.10817             
0.956364            70400               -1.1142             1.92444             18.598              -1.81147            -82.1165            5.66349             
0.959841            70656               0.00142249          2.00154             17.5439             -1.08294            -76.3016            4.78073             
0.963319            70912               1.72997             1.51561             15.6403             -0.000843703        -66.1146            2.15513             
0.966797            71168               -5.43613            1.63686             11.9947             -0.408551           -57.4619            4.06281             
0.970275            71424               -9.40441            1.66886             10.4695             -1.20031            -55.1269            4.39797             
0.973752            71680               -10.5275            1.18309             10.4527             -0.342689           -56.1425            2.35893             
0.97723             71936               -19.6974            1.26133             8.09783             -0.58161            -55.2195            3.62097             
0.980708            72192               -26.621             0.654663            4.67543             0.197364            -47.316             1.50959             
0.984185            72448               -38.0826            0.720052            1.96798             0.364923            -47.5714            1.38295             
0.987663            72704               -45.5734            0.0945298           1.85392             0.626925            -54.8666            -0.527143           
0.991141            72960               -51.3153            0.290501            2.12298             -0.0775933          -61.7037            0.838738            
0.994618            73216               -51.3496            0.301559            3.11241             -0.115711           -65.851             0.638921            
0.998096            73472               -49.9642            0.404723            4.18222             -0.0310476          -69.2337            0.334458            
1.00157             73728               -43.6522            0.915461            7.78524             -0.985229           -78.7743            1.96661             
1.00505             73984               -35.1244            1.57638             7.15336             -1.77913            -67.1674            3.85954             
1.00853             74240               -24.8999            2.04722             8.61088             -2.4873             -63.0001            3.83187             
1.01201             74496               -24.8513            1.91986             9.03475             -2.7348             -64.6947            3.41038             
1.01548             74752               -24.7374            1.92994             8.2675              -2.56746            -61.1789            2.3025              
1.01896             75008               -28.6062            2.26402             9.08284             -2.61499            -68.9998            3.5793              
1.02244             75264               -33.7055            1.59533             9.68223             -1.69108            -76.7387            1.14696             
1.02592             75520               -37.6338            1.66531             9.35616             -1.91044            -79.2219            1.77                
1.0294              75776               -35.4               2.02476             11.7413             -2.18961            -87.3881            3.74227             
1.03287             76032               -36.3127            2.21516             11.9646             -2.0485             -88.9154            4.39069             
1.03635             76288               -33.1172            1.62575             12.9141             -1.2181             -89.6835            2.72899             
1.03983             76544               -27.0746            1.18974             14.8139             -0.849346           -91.5986            1.90005             
1.04331             76800               -21.3953            0.759429            17.4684             -0.850916           -97.593             0.467449            
1.04678             77056               -14.8773            0.713775            17.529              -1.40193            -91.0524            -0.198165           
1.05026             77312               -12.7594            0.414305            16.0423             -1.17266            -82.4293            -1.25355            
1.05374             77568               -14.8905            0.492436            15.1583             -1.38002            -80.771             -0.687099           
1.05722             77824               -16.8763            0.102017            15.1063             -0.96621            -82.9014            -2.22778            
1.06069             78080               -18.1257            0.319341            13.5994             -1.45134            -77.4103            -0.514279           
1.06417             78336               -19.9026            0.571166            11.7525             -2.95554            -71.1543            0.946835            
1.06765             78592               -22.8996            0.154158            14.0774             -1.97663            -84.9274            -0.625047           
1.07113             78848               -25.8737            -0.874142           16.3193             -0.584211           -98.1709            -4.40279            
1.07461             79104               -23.4167            -1.17888            16.956              -0.051709           -98.4778            -5.05505            
1.07808             79360               -21.9998            -0.994768           17.27               -0.393798           -98.0957            -3.62825            
1.08156             79616               -22.8511            -1.52582            17.3166             -0.774287           -98.9892            -3.83279            
1.08504             79872               -25.1385            -1.57751            16.0862             -1.25988            -95.9794            -3.87252            
1.08852             80128               -25.4623            -2.1771             16.8921             -0.665252           -99.7599            -6.37705            
1.09199             80384               -25.6573            -1.887              14.4155             -0.92793            -88.9454            -4.78671            
1.09547             80640               -23.7749            -2.2337             12.9494             0.805759            -80.5839            -6.04003            
1.09895             80896               -24.3156            -2.38984            12.8991             1.29227             -81.0266            -6.58071            
1.10243             81152               -22.6795            -2.4416             13.403              1.47873             -81.6707            -6.61523            
1.1059              81408               -24.5046            -2.26825            11.4798             0.908743            -74.8933            -7.50424            
1.10938             81664               -24.4286            -3.10408            10.7744             1.70609             -71.694             -9.2242             
1.11286             81920               -25.1627            -2.42932            9.94517             0.917856            -68.8469            -6.80717            
1.11634             82176               -25.2145            -2.29364            9.94797             0.974008            -69.2166            -5.78529            
1.11981             82432               -23.8259            -2.91367            9.59662             1.58521             -66.2737            -7.81809            
1.12329             82688               -27.0364            -2.68747            7.86104             0.997377            -61.9965            -6.0422             
1.12677             82944               -24.9362            -3.24669            9.87402             1.66454             -68.8761            -7.62583            
1.13025             83200               -20.1498            -2.91196            11.3658             1.25308             -70.4093            -6.30848            
1.13373             83456               -17.6824            -2.94226            10.8849             2.2041              -65.8143            -7.02189            
1.1372              83712               -20.206             -1.98785            9.70891             1.52243             -63.2358            -4.63976            
1.14068             83968               -21.9698            -0.978739           11.517              0.174088            -73.2728            -2.14487            
1.14416             84224               -26.5192            0.291221            11.8243             -0.731549           -79.0123            1.51734             
1.14764             84480               -26.9097            0.315312            10.3876             -0.455958           -72.9691            -0.234271           
1.15111             84736               -25.2884            0.400681            11.3397             0.0557686           -74.986             -0.566089           
1.15459             84992               -26.2066            0.155974            10.7603             0.237103            -73.5008            -1.48891            
1.15807             85248               -28.9019            0.142581            11.4516             0.267305            -79.4456            -1.46901            
1.16155             85504               -30.6249            0.573894            11.7452             0.0263908           -82.743             -0.377273           
1.16502             85760               -32.4984            0.495548            14.6391             -0.128132           -97.6578            -0.502184           
1.1685              86016               -32.7017            1.11402             16.7177             -1.04703            -106.766            1.30589             
1.17198             86272               -35.4536            1.71241             16.1032             -1.72647            -106.6              3.45041             
1.17546             86528               -38.4275            1.55237             15.9435             -2.09249            -109.051            2.53682             
1.17894             86784               -36.4187            1.38973             15.7106             -1.90629            -106.094            1.55701             
1.18241             87040               -36.2139            1.62751             15.4012             -2.15292            -104.466            3.25721             
1.18589             87296               -29.4349            0.894351            15.4245             -0.864752           -97.463             0.468965            
1.18937             87552               -29.279             1.2097              14.4838             -0.961804           -93.1804            1.3346              
1.19285             87808               -27.7845            1.07989             13.4755             -0.712785           -87.252             0.270382            
1.19632             88064               -27.1125            0.839729            11.5728             -0.560832           -78.2623            -0.26847            
1.1998              88320               -30.6859            0.508543            10.9741             0.0627216           -79.5275            -1.47632            
1.20328             88576               -31.9365            0.364598            10.5609             -0.159789           -79.1978            -1.32116            
1.20676             88832               -33.4332            0.880127            9.50009             -1.26369            -75.969             0.849959            
1.21023             89088               -29.8118            1.23731             10.393              -1.8279             -76.1207            1.23098             
1.21371             89344               -28.4918            0.589681            11.3194             -1.16067            -78.6113            -0.431142           
1.21719             89600               -22.208             0.642131            14.0552             -1.38648            -84.4355            1.2664              
1.22067             89856               -14.7929            0.594205            16.435              -1.11587            -87.1891            0.505376            
1.22415             90112               -9.81679            0.639196            17.362              -1.89752            -86.0377            1.20805             
1.22762             90368               -2.20987            0.287224            18.1437             -1.3648             -81.4843            0.523715            
1.2311              90624               2.7963              1.03039             18.0691             -2.08316            -76.0547            3.75179             
1.23458             90880               7.48617             0.950039            18.234              -1.98445            -71.975             2.05272             
1.23806             91136               2.54357             0.415816            16.8132             -1.49198            -70.5688            0.144109            
1.24153             91392               -6.30226            -0.286132           15.9781             -0.679854           -76.1653            -1.36373            
1.24501             91648               -13.545             0.216873            14.3493             -0.794105           -76.4191            0.257524            
1.24849             91904               -19.3686            -0.212879           13.0247             -0.215937           -76.6062            -0.538527           
1.25197             92160               -23.4957            -0.779797           11.7527             0.164168            -74.7618            -2.45447            
1.25544             92416               -25.301             -1.05222            11.0922             0.519402            -73.3682            -2.82873            
1.25892             92672               -30.8834            -1.32342            10.8312             1.45587             -78.3808            -3.31677            
1.2624              92928               -32.0218            -1.64327            14.5382             1.8309              -96.1962            -4.41173            
1.26588             93184               -32.8324            -0.898703           19.1313             1.39242             -117.15             -2.0361             
1.26936             93440               -29.3138            -1.05834            20.5258             1.73531             -119.512            -3.21653            
1.27283             93696               -33.9214            -0.839619           18.4468             1.78231             -114.913            -2.82691            
1.27631             93952               -31.8429            -0.0771593          17.6348             1.35005             -109.355            -0.795848           
1.27979             94208               -30.1346            0.769239            16.8975             0.261124            -104.105            1.83202             
1.28327             94464               -31.2723            0.75191             15.7071             0.479343            -99.6915            0.775884            
1.28674             94720               -30.321             1.25306             14.1203             -0.395982           -91.6412            2.05099             
1.29022             94976               -29.0386            0.633538            13.5809             -0.257336           -88.3065            0.128153            
1.2937              95232               -23.7062            0.955027            15.1417             -0.846647           -89.9736            1.47149             
1.29718             95488               -18.9003            0.154541            15.2401             0.0960971           -85.4023            -1.55013            
1.30065             95744               -17.8918            0.217173            16.378              0.999801            -89.4385            -1.70235            
1.30413             96000               -15.7669            1.12802             15.4332             -0.129555           -83.0811            1.44501             
1.30761             96256               -16.0837            0.0975332           15.1259             0.302655            -81.936             -2.18986            
1.31109             96512               -16.1602            0.231602            15.9711             -0.533403           -86.0946            -1.67552            
1.31457             96768               -16.4341            -0.126517           14.0752             -0.524033           -78.2275            -2.15984            
1.31804             97024               -17.019             -0.725949           13.5326             0.0656658           -76.219             -4.0808             
1.32152             97280               -19.4189            -0.425153           12.5673             -0.129058           -74.4196            -2.28898            
1.325               97536               -19.1426            -0.252438           13.0939             -0.562542           -76.6672            -1.33268            
1.32848             97792               -24.7916            -0.496783           11.9113             -0.15007            -77.2911            -2.01287            
1.33195             98048               -29.9111            -1.02423            10.0685             0.187101            -74.4082            -2.3508             
1.33543             98304               -37.487             -1.7563             9.29189             0.56594             -78.7169            -3.08076            
1.33891             98560               -38.2471            -1.68547            11.3636             0.441206            -88.5802            -2.05435            
1.34239             98816               -40.8983            -1.94208            11.9006             -0.0975213          -93.5557            -2.69927            
1.34586             99072               -41.6552            -1.71049            11.4585             0.141775            -92.1002            -1.67113            
1.34934             99328               -42.2691            -1.48676            12.0934             0.469509            -95.6634            -1.23832            
1.35282             99584               -45.3289            -1.14363            11.0404             0.555955            -94.0761            -0.834803           
1.3563              99840               -45.2627            -1.02334            11.0587             0.450943            -94.1248            -2.24187            
1.35978             100096              -45.7495            -0.433039           10.4924             0.0149089           -92.2488            -0.805003           
1.36325             100352              -43.4539            -0.268489           10.3124             -0.153353           -89.0104            -2.1224             
1.36673             100608              -48.8579            -0.0553578          11.6924             -0.955866           -100.662            -1.04072            
1.37021             100864              -46.6825            0.120056            12.144              -1.23223            -100.617            -0.431915           
1.37369             101120              -43.1659            0.43393             14.0017             -1.72134            -104.878            0.491156            
1.37716             101376              -37.2894            0.247806            15.2651             -0.851995           -104.412            0.296085            
1.38064             101632              -31.305             0.0163194           16.8603             -0.282971           -105.375            -0.952444           
1.38412             101888              -25.7072            -0.391606           19.0952             0.789193            -109.676            -3.09658            
1.3876              102144              -17.1897            0.0900608           19.577              -0.405143           -102.926            -0.649053           
1.39107             102400              -9.37283            -0.646399           19.5725             0.00397307          -94.882             -3.41922            
1.39455             102656              -3.20132            -0.238955           20.4427             -0.212697           -92.6159            -1.3593             
1.39803             102912              -1.57932            0.0882373           21.3193             -0.212904           -94.8348            -1.23149            
1.40151             103168              0.64216             0.756532            23.5547             -1.06658            -102.595            0.824884            
1.40499             103424              -2.02135            1.29755             21.6926             -2.28309            -97.028             1.16001             
1.40846             103680              -9.86103            1.98955             18.579              -3.09752            -91.3204            3.10643             
1.41194             103936              -14.3965            1.77339             18.9151             -2.39059            -97.6914            2.12842             
1.41542             104192              -16.8304            1.38081             18.6659             -1.84125            -98.9656            -0.338148           
1.4189              104448              -17.0838            1.19463             17.6883             -1.88023            -94.9009            -0.331996           
1.42237             104704              -13.336             0.88511             18.1654             -1.54006            -93.1556            -0.599066           
1.42585             104960              -8.76617            0.586788            17.4802             -0.693774           -85.4322            -0.980495           
1.42933             105216              -8.48063            0.200823            17.218              -0.213715           -84.226             -1.6593             
1.43281             105472              -4.88593            0.215598            18.1607             -0.280933           -84.461             -1.5515             
1.43628             105728              -2.33438            0.40223             17.9719             -0.19741            -80.7357            -0.669767           
1.43976             105984              -0.389926           0.0759331           17.9837             -0.100456           -79.0877            -1.77684            
1.44324             106240              -0.9795             0.465477            19.8007             -0.994493           -87.6341            0.321297            
1.44672             106496              0.178062            0.255452            22.0201             -0.914873           -96.0366            -0.537              
1.4502              106752              2.36191             0.998443            22.3447             -1.53021            -94.8809            2.24263             
1.45367             107008              0.739981            1.03495             23.4399             -1.2035             -101.089            1.94533             
1.45715             107264              -2.4818             0.943554            19.535              -1.02649            -86.917             0.694519            
1.46063             107520              -8.01628            0.809117            15.7946             -0.655448           -76.0211            0.347171            
1.46411             107776              -19.1319            0.696748            13.3892             -0.795721           -77.3628            1.81998             
1.46758             108032              -27.5319            0.41622             14.0935             -0.2245             -89.8334            0.0671027           
1.47106             108288              -33.5815            0.0317576           13.849              -0.183194           -94.7848            -1.3242             
1.47454             108544              -42.3178            -0.547709           10.1633             0.365579            -87.2203            -2.88877            
1.47802             108800              -43.8265            -0.700458           12.3606             0.0892733           -98.6696            -2.45492            
1.48149             109056              -40.9582            -1.11391            13.9041             0.310349            -102.617            -2.74658            
1.48497             109312              -39.1582            -1.87316            13.6665             1.13214             -99.6353            -5.66476            
1.48845             109568              -28.2279            -1.56407            13.6735             0.734688            -88.384             -4.0378             
1.49193             109824              -19.2906            -1.19677            14.0614             0.451699            -81.5036            -2.05566            
1.49541             110080              -12.8115            -1.56881            17.006              1.47499             -88.1174            -2.77263            
1.49888             110336              -2.93152            -1.35395            18.1588             1.24738             -83.0596            -2.4764             
1.50236             110592              6.2589              -1.28017            22.0429             0.842775            -90.6085            -2.30191            
1.50584             110848              12.269              -1.73626            21.9738             1.16686             -83.7609            -4.4904             
1.50932             111104              13.3219             -1.04731            21.2233             0.808037            -79.2656            -2.86816            
1.51279             111360              12.1526             0.381836            19.5661             -0.620589           -73.1533            2.46509             
1.51627             111616              5.36378             0.530115            18.7045             -0.887845           -76.2223            1.84045             
1.51975             111872              -3.22069            0.742345            15.9123             -1.09003            -72.8449            1.67024             
1.52323             112128              -8.7805             0.927666            13.9045             -1.21678            -69.6214            1.14905             
1.5267              112384              -17.9743            1.39681             11.7094             -2.56699            -69.3478            3.27975             
1.53018             112640              -28.3103            1.14612             10.7773             -2.67904            -75.7491            3.18718             
1.53366             112896              -37.4103            1.31279             10.8581             -2.83659            -85.5653            3.86814             
1.53714             113152              -45.765             1.51075             12.3699             -3.18378            -100.881            3.16932             
1.54062             113408              -47.7189            1.21091             12.72               -3.09748            -104.282            3.16456             
1.54409             113664              -43.3674            1.71021             12.4196             -2.49182            -98.0954            3.88019             
1.54757             113920              -38.3106            2.05325             9.99451             -2.66818            -81.9553            4.46867             
1.55105             114176              -34.3185            2.03711             9.25663             -2.17894            -74.9034            3.97513             
1.55453             114432              -32.2588            2.29947             9.48611             -1.63167            -74.0058            4.46931             
1.558               114688              -29.6196            2.04897             12.0212             -0.815717           -82.7149            2.48516             
1.56148             114944              -25.8629            1.86922             14.2989             -0.548931           -88.844             3.47585             
1.56496             115200              -18.1931            1.92482             17.4182             0.744729            -94.8852            2.44838             
1.56844             115456              -13.2024            2.51502             19.1206             1.20167             -97.1126            3.32649             
1.57191             115712              -12.4987            3.42893             18.1601             -0.195483           -92.1378            6.57406             
1.57539             115968              -15.8372            2.29338             20.8505             0.665294            -107.757            3.25922             
1.57887             116224              -18.8364            2.4252              21.6278             0.544403            -114.006            3.62376             
1.58235             116480              -24.2564            1.29613             21.375              1.58757             -118.256            -0.308738           
1.58582             116736              -30.5944            1.25019             19.44               2.28515             -116.068            -0.622698           
1.5893              116992              -36.2281            0.766886            18.986              2.46548             -119.813            -1.2415             
1.59278             117248              -34.9693            1.10076             16.1106             1.37337             -105.509            0.155148            
1.59626             117504              -37.0399            0.537463            15.1525             1.5228              -103.403            -0.355963           
1.59974             117760              -34.6434            0.636336            13.9591             1.09686             -95.9286            0.0321685           
1.60321             118016              -28.418             0.429844            14.3035             1.33298             -91.2475            -0.589525           
1.60669             118272              -22.8803            0.0131191           16.5675             1.07736             -95.5795            -3.17284            
1.61017             118528              -15.6919            0.535688            16.7021             0.552322            -88.864             -0.216356           
1.61365             118784              -13.8569            0.690688            17.2016             -0.59014            -89.2284            0.922279            
1.61712             119040              -11.2512            0.632953            16.7579             -0.87677            -84.486             0.598264            
1.6206              119296              -9.14042            1.298               18.4181             -1.61162            -89.9378            2.77166             
1.62408             119552              -11.0465            1.22934             18.846              -1.63091            -93.7343            2.35488             
1.62756             119808              -14.0904            1.7562              16.1929             -2.3433             -85.1778            3.63089             
1.63103             120064              -19.9702            0.867992            12.8746             -1.3038             -76.3241            0.316763            
1.63451             120320              -32.378             0.347575            10.4575             -0.646923           -78.6143            -0.953327           
1.63799             120576              -38.8186            -0.444701           10.9648             -0.317275           -87.4864            -2.55462            
1.64147             120832              -45.2783            -0.750244           9.55996             0.597532            -87.6397            -3.17121            
1.64495             121088              -50.9814            -0.612153           7.60842             0.765558            -84.8438            -2.32372            
1.64842             121344              -51.4091            -0.53394            7.11015             0.826966            -83.2638            -3.58531            
1.6519              121600              -48.185             -0.036013           8.10533             -0.238887           -84.6435            -0.261269           
1.65538             121856              -44.8826            -0.120315           8.05108             -0.227513           -80.5697            -1.03907            
1.65886             122112              -40.3037            -0.657403           9.00476             0.373418            -79.7783            -1.89754            
1.66233             122368              -31.3941            -0.233764           12.3305             -0.048117           -85.0819            -0.538948           
1.66581             122624              -22.4379            0.0609246           14.4761             -0.798937           -85.797             0.802605            
1.66929             122880              -16.8631            0.388481            14.7511             -1.13477            -81.0337            2.18321             
1.67277             123136              -13.1718            -0.408337           15.0152             -0.375668           -78.5519            -0.798933           
1.67624             123392              -9.96293            -0.144968           15.938              -0.740321           -79.3853            1.53314             
1.67972             123648              -7.56033            -0.580781           17.1527             -0.479218           -82.2759            0.892367            
1.6832              123904              -11.8629            -0.298285           15.0726             -0.236662           -77.5058            1.52874             
1.68668             124160              -17.8224            -0.693474           12.8836             0.473458            -74.3378            -0.635536           
1.69016             124416              -27.2976            -0.315436           12.4816             0.422173            -82.293             -0.234717           
1.69363             124672              -30.7168            0.270888            11.7335             -0.746845           -82.4167            1.60555             
1.69711             124928              -36.1131            -0.26112            10.9673             -0.698721           -84.7449            -0.724885           
1.70059             125184              -36.1898            -0.291527           11.6258             -0.91718            -87.7872            -0.508081           
1.70407             125440              -32.1164            -0.461596           14.8026             -0.0189928          -97.7815            -2.12454            
1.70754             125696              -26.0975            -0.403571           15.8853             0.710269            -96.2724            -2.45459            
1.71102             125952              -16.6765            0.0293831           15.382              0.904738            -84.2766            -1.57578            
1.7145              126208              -9.07831            0.656287            15.3594             -0.0366042          -76.3204            -0.247387           
1.71798             126464              -12.1076            0.853508            13.964              -0.14518            -73.1501            -0.0789843          
1.72145             126720              -11.7825            1.19297             12.3644             -0.604687           -65.9205            0.471523            
1.72493             126976              -18.7931            1.38561             9.67622             -1.64998            -61.5272            1.48759             
1.72841             127232              -27.4864            1.04108             9.57762             -1.67326            -70.0216            0.513213            
1.73189             127488              -33.7625            0.171423            7.90721             -1.09202            -68.7028            -2.69325            
1.73537             127744              -36.7427            -0.0359609          6.2799              -1.02864            -64.6585            -2.53899            
1.73884             128000              -39.1227            0.840163            6.67082             -1.61009            -68.6107            2.13812             
1.74232             128256              -41.5463            0.656947            6.12853             -1.21802            -68.9559            1.50342             
1.7458              128512              -39.9826            0.662369            8.4481              -1.64861            -77.8339            1.67928             
1.74928             128768              -42.347             0.170899            9.62827             -0.751814           -85.3822            0.149209            
1.75275             129024              -38.5342            0.078199            9.43603             -0.487033           -80.5055            -0.00701818         
1.75623             129280              -35.4083            -0.37039            9.61835             0.0167672           -77.9627            -1.5895             
1.75971             129536              -35.3409            0.227238            11.4028             -0.674273           -85.6968            1.02334             
1.76319             129792              -30.1818            1.15392             12.1354             -2.0437             -83.5229            4.99588             
1.76666             130048              -26.1249            0.483199            13.5382             -0.637344           -85.7613            1.75642             
1.77014             130304              -21.858             0.560531            13.9493             0.219785            -83.2729            0.501235            
1.77362             130560              -18.1318            1.0488              14.6882             -0.355664           -82.7826            1.99835             
1.7771              130816              -16.216             0.556434            15.1087             0.727212            -82.6201            -1.09968            
1.78058             131072              -17.2075            0.854387            15.7477             0.245734            -86.3652            -1.01128            
1.78405             131328              -18.2228            1.34802             15.2443             -0.0302388          -85.2256            1.86263             
1.78753             131584              -23.4135            1.06359             13.3415             0.264083            -82.1059            0.634617            
1.79101             131840              -28.8836            1.2315              12.1846             -0.812338           -82.6913            1.17698             
1.79449             132096              -32.0687            1.20232             10.944              -0.911901           -80.81              1.29936             
1.79796             132352              -38.0919            1.28807             9.54649             -0.67089            -80.9107            2.2767              
1.80144             132608              -44.943             1.28463             9.13291             -0.526025           -86.1584            2.1762              
1.80492             132864              -43.7217            1.65089             9.45482             -0.562495           -86.2578            3.18319             
1.8084              133120              -41.9566            2.29436             9.08315             -1.03091            -82.6874            5.09989             
1.81187             133376              -40.5845            2.1178              8.8457              -1.22192            -80.0014            3.87376             
1.81535             133632              -42.6725            2.36841             9.77658             -1.34888            -86.4656            3.91902             
1.81883             133888              -38.1878            2.78489             11.8064             -1.97107            -90.9578            5.3769              
1.82231             134144              -34.4341            2.33701             13.2046             -1.25779            -93.1896            3.48365             
1.82579             134400              -29.7409            1.76534             16.1631             -0.211042           -101.031            1.55306             
1.82926             134656              -29.6541            1.49364             15.3643             0.368228            -97.1519            -0.137159           
1.83274             134912              -29.8335            1.24292             14.6746             0.295912            -94.1554            -0.334339           
1.83622             135168              -31.5963            1.54985             13.3854             -0.157703           -90.3218            2.1074              
1.8397              135424              -26.1608            1.00503             13.3771             -0.016198           -84.8195            -0.598919           
1.84317             135680              -25.9386            1.53376             12.6199             -0.171271           -81.4127            1.42315             
1.84665             135936              -25.5286            1.61346             12.2509             -0.57497            -79.4946            1.26248             
1.85013             136192              -22.9436            2.48754             13.1144             -2.42804            -80.6982            4.89092             
1.85361             136448              -21.7473            1.75425             14.2366             -1.92149            -84.6461            2.491               
1.85708             136704              -21.7603            1.90398             13.676              -1.78659            -82.1443            3.66352             
1.86056             136960              -19.586             1.99881             12.9402             -2.41348            -76.5715            4.58171             
1.86404             137216              -15.4135            1.35704             15.8033             -1.65705            -85.1606            3.07421             
1.86752             137472              -14.2951            0.215308            14.5899             -0.206456           -78.4501            -0.416985           
1.871               137728              -14.1055            -0.207713           13.45               0.140282            -72.9754            -0.408977           
1.87447             137984              -21.3348            -1.47681            14.447              2.36349             -85.1628            -5.2602             
1.87795             138240              -20.6214            -0.924781           17.0336             2.21971             -95.8941            -3.43911            
1.88143             138496              -24.1607            -1.61493            13.9826             1.83975             -85.9234            -6.3415             
1.88491             138752              -29.7678            -1.28931            12.2462             0.782806            -83.9713            -4.23277            
1.88838             139008              -32.0857            -0.966799           11.6945             0.72207             -83.7593            -3.35089            
1.89186             139264              -35.6008            -0.949428           11.5885             0.984542            -87.1556            -3.76865            
1.89534             139520              -36.9774            -0.408937           11.7954             0.354372            -89.2384            -1.6347             
1.89882             139776              -41.4673            -0.496358           11.6137             0.62998             -92.8107            -1.17026            
1.90229             140032              -42.5047            -0.668318           10.9957             0.738385            -91.1639            -2.53102            
1.90577             140288              -45.3989            -0.419749           10.2719             -0.0689572          -91.0547            -1.97389            
1.90925             140544              -45.2157            -1.2498             6.67783             0.468008            -74.9854            -3.56383            
1.91273             140800              -44.6266            -2.36183            4.8155              1.96431             -66.319             -6.90664            
1.91621             141056              -39.7051            -2.40713            4.388               1.35871             -59.5431            -5.7607             
1.91968             141312              -37.8657            -2.43636            2.51561             0.950805            -49.5064            -4.36519            
1.92316             141568              -34.0029            -2.68403            3.60591             0.421754            -50.4962            -4.54288            
1.92664             141824              -35.2897            -3.02385            4.9819              0.826725            -57.8999            -5.04406            
1.93012             142080              -37.3776            -2.50341            5.33433             0.528599            -61.4378            -3.13151            
1.93359             142336              -35.4392            -2.70286            7.14467             0.568702            -67.7491            -5.51184            
1.93707             142592              -31.879             -2.03458            9.34009             -0.0802626          -73.5703            -4.54339            
1.94055             142848              -31.1817            -1.70975            7.8424              -0.120274           -66.1787            -4.74534            
1.94403             143104              -26.0124            -0.999021           8.65658             -1.27491            -64.5026            -3.24032            
1.9475              143360              -22.8312            -0.587878           10.2044             -1.38533            -68.007             -1.21035            
1.95098             143616              -20.2893            -0.696889           11.1431             -0.810853           -69.8106            -1.65567            
1.95446             143872              -15.1563            -0.449134           14.6638             -0.20556            -79.8217            -0.893321           
1.95794             144128              -12.537             -0.268169           16.7476             0.298254            -86.369             -1.06781            
1.96142             144384              -9.29564            -0.259395           18.2607             0.343445            -89.4006            -1.37701            
1.96489             144640              -8.31717            -0.146261           19.8515             0.218657            -95.1111            -1.22105            
1.96837             144896              -3.86883            -0.377762           21.1047             0.189878            -95.7715            -1.49913            
1.97185             145152              -2.35025            -0.216521           22.9989             0.792793            -102.81             -0.973358           
1.97533             145408              -3.05139            -0.118338           23.8461             0.240843            -107.546            -0.958445           
1.9788              145664              -2.86252            -0.056837           21.9502             0.12313             -98.7441            -0.615447           
1.98228             145920              -13.4119            0.237359            21.5359             -0.197891           -107.953            -0.272048           
1.98576             146176              -20.8419            0.301766            21.0522             -0.187244           -113.366            -0.18936            
1.98924             146432              -26.9344            0.314819            17.6037             -0.212577           -104.312            -1.08408            
1.99271             146688              -29.8539            0.704515            16.2582             -0.538136           -101.362            0.279552            
1.99619             146944              -36.6069            0.903603            13.4214             -0.980771           -95.7032            1.3247              
1.99967             147200              -37.276             1.19741             13.0092             -1.74858            -94.6261            1.60702             
