#Time               nTime               force-x             force-y             force-z             moment-x            moment-y            moment-z            
0                   0                   2.57973e-05         -5.29175e-06        -3.17505e-05        2.13654e-06         6.82186e-05         -9.83471e-06        
0.00347769          256                 0.652814            0.00391755          -0.889347           0.0226385           1.576               0.00920381          
0.00695537          512                 0.35995             -0.0942712          -0.764374           0.0259686           3.87475             -0.300328           
0.0104331           768                 -2.19703            -0.361246           3.78804             0.363466            -5.50826            -0.546715           
0.0139107           1024                -6.98564            -0.134541           10.1623             0.225445            -18.7728            -0.0913252          
0.0173884           1280                -4.8906             0.111291            7.10006             -0.0436557          -14.0904            0.287827            
0.0208661           1536                -1.80928            0.169598            2.16092             -0.118852           -5.52556            0.404729            
0.0243438           1792                -2.1682             0.048841            2.20624             -0.151057           -4.59769            0.165595            
0.0278215           2048                -1.34005            0.0545822           1.88253             0.0529527           -3.50823            0.15407             
0.0312992           2304                1.37338             0.0797288           -2.08592            0.0045485           3.51079             0.145954            
0.0347769           2560                1.62996             0.0797334           -2.35401            0.0375712           4.26928             0.160997            
0.0382545           2816                0.425045            0.0408596           -0.400534           0.0447926           0.727581            0.112853            
0.0417322           3072                0.38382             0.0284987           -0.353964           0.0338215           0.758149            0.0819362           
0.0452099           3328                0.493437            0.034956            -0.422583           0.0491678           0.791822            0.0845199           
0.0486876           3584                0.415763            0.0293666           -0.337493           0.0300024           0.4976              0.0602089           
0.0521653           3840                0.329499            0.0309792           -0.168064           0.0251277           0.157004            0.0590595           
0.055643            4096                0.246892            0.029455            0.030388            0.0251328           -0.244714           0.0579571           
0.0591207           4352                0.370385            0.0292356           -0.0984088          0.0165051           -0.00272938         0.050332            
0.0625984           4608                0.528111            0.0221258           -0.241196           0.0248738           0.30065             0.0384051           
0.066076            4864                0.858588            0.0107995           -0.641386           0.0246751           1.06882             0.0155937           
0.0695537           5120                1.11353             0.00143803          -0.936202           0.0374173           1.6716              0.00370653          
0.0730314           5376                1.31479             -0.0105972          -1.16694            0.0504915           2.14174             -0.0111385          
0.0765091           5632                1.57519             -0.0275803          -1.48612            0.0676776           2.77296             -0.0305081          
0.0799868           5888                1.81723             -0.046762           -1.7587             0.087174            3.31975             -0.0536491          
0.0834645           6144                2.03198             -0.050885           -1.96642            0.087058            3.76694             -0.0709139          
0.0869422           6400                2.11716             -0.068162           -2.048              0.119051            3.93861             -0.0765289          
0.0904198           6656                2.14645             -0.0838583          -2.04945            0.13793             3.98475             -0.0708715          
0.0938975           6912                2.16479             -0.0837153          -2.02907            0.12114             3.99673             -0.0615097          
0.0973752           7168                2.19359             -0.103602           -2.00281            0.128701            4.00597             -0.0784133          
0.100853            7424                2.21007             -0.126394           -2.00231            0.125993            4.01614             -0.102062           
0.104331            7680                2.18372             -0.112288           -2.016              0.107441            4.00463             -0.0895553          
0.107808            7936                2.1383              -0.125075           -1.89606            0.118001            3.83881             -0.0902275          
0.111286            8192                2.10724             -0.108251           -1.76512            0.10892             3.66129             -0.0669571          
0.114764            8448                2.18434             -0.0957754          -1.7486             0.0853461           3.72584             -0.0671993          
0.118241            8704                2.21749             -0.130805           -1.77931            0.135449            3.76593             -0.10093            
0.121719            8960                2.20178             -0.135063           -1.79718            0.133546            3.72413             -0.122519           
0.125197            9216                2.18258             -0.127093           -1.74904            0.133389            3.65055             -0.0879227          
0.128674            9472                2.22445             -0.145077           -1.76542            0.1663              3.69484             -0.125011           
0.132152            9728                2.2966              -0.111379           -1.75992            0.149322            3.77114             -0.0774158          
0.13563             9984                2.25197             -0.103458           -1.70448            0.0796344           3.67092             -0.0668117          
0.139107            10240               2.27316             -0.116974           -1.71941            0.10295             3.69952             -0.0763317          
0.142585            10496               2.24161             -0.12762            -1.72157            0.131328            3.65428             -0.0744353          
0.146063            10752               2.27339             -0.120265           -1.74778            0.146012            3.70673             -0.0852779          
0.149541            11008               2.3348              -0.118936           -1.8414             0.123801            3.84944             -0.0996772          
0.153018            11264               2.33388             -0.144197           -1.86034            0.175478            3.8562              -0.0971578          
0.156496            11520               2.26214             -0.112674           -1.84023            0.117811            3.7409              -0.11724            
0.159974            11776               2.26768             -0.112236           -1.85464            0.12389             3.75088             -0.0904794          
0.163451            12032               2.34617             -0.137875           -1.82119            0.18868             3.8296              -0.11566            
0.166929            12288               2.34874             -0.140078           -1.83493            0.168106            3.83048             -0.124388           
0.170407            12544               2.32092             -0.138944           -1.78784            0.151036            3.73355             -0.143555           
0.173884            12800               2.22461             -0.129983           -1.75759            0.143612            3.57442             -0.119723           
0.177362            13056               2.10682             -0.124132           -1.71243            0.125844            3.37645             -0.101683           
0.18084             13312               2.20579             -0.158739           -1.63665            0.178386            3.44771             -0.133288           
0.184317            13568               2.2261              -0.112478           -1.63825            0.117054            3.47773             -0.113156           
0.187795            13824               2.21478             -0.140545           -1.64202            0.137112            3.44708             -0.141743           
0.191273            14080               2.18984             -0.13038            -1.61488            0.104978            3.39906             -0.144728           
0.19475             14336               2.08626             -0.152028           -1.52713            0.134708            3.20611             -0.160073           
0.198228            14592               2.10419             -0.141695           -1.47836            0.128222            3.18078             -0.132517           
0.201706            14848               2.15582             -0.154737           -1.4293             0.145529            3.22152             -0.13732            
0.205183            15104               2.16789             -0.1523             -1.40691            0.12446             3.20815             -0.144802           
0.208661            15360               2.1634              -0.168482           -1.45609            0.16715             3.22782             -0.130013           
0.212139            15616               2.12211             -0.176511           -1.47629            0.184932            3.18162             -0.179235           
0.215617            15872               2.18648             -0.150477           -1.50657            0.132044            3.28543             -0.145835           
0.219094            16128               2.18369             -0.163499           -1.50092            0.160542            3.27205             -0.169349           
0.222572            16384               2.15179             -0.0721978          -1.48795            0.0488238           3.20502             -0.08261            
0.22605             16640               2.15575             -0.0980238          -1.50013            0.0737369           3.22904             -0.12249            
0.229527            16896               2.10715             -0.152399           -1.47683            0.132598            3.16663             -0.190004           
0.233005            17152               2.15502             -0.194372           -1.54441            0.20564             3.27131             -0.179834           
0.236483            17408               2.14534             -0.139863           -1.53332            0.143508            3.23246             -0.153299           
0.23996             17664               2.19638             -0.140839           -1.54745            0.134832            3.31793             -0.149551           
0.243438            17920               2.22522             -0.143792           -1.57254            0.148528            3.37623             -0.166053           
0.246916            18176               2.14057             -0.157035           -1.5543             0.147928            3.2574              -0.177514           
0.250393            18432               2.09279             -0.167285           -1.55869            0.171033            3.18115             -0.142806           
0.253871            18688               2.08216             -0.13544            -1.47211            0.121935            3.11609             -0.119365           
0.257349            18944               2.14788             -0.157787           -1.39158            0.158243            3.16059             -0.161281           
0.260826            19200               2.17691             -0.165574           -1.45221            0.149243            3.24663             -0.169175           
0.264304            19456               2.21669             -0.125469           -1.48747            0.130795            3.30154             -0.137143           
0.267782            19712               2.21424             -0.144838           -1.57387            0.163039            3.35688             -0.158906           
0.27126             19968               2.19362             -0.141899           -1.59839            0.139976            3.35269             -0.161002           
0.274737            20224               2.22878             -0.152472           -1.57819            0.140513            3.37872             -0.158227           
0.278215            20480               2.20645             -0.126741           -1.57335            0.136935            3.34587             -0.126665           
0.281693            20736               2.13026             -0.167341           -1.56473            0.196341            3.2398              -0.211032           
0.28517             20992               2.09622             -0.148581           -1.54602            0.1779              3.1872              -0.167921           
0.288648            21248               2.2213              -0.152646           -1.44607            0.184988            3.28692             -0.159521           
0.292126            21504               2.11953             -0.15977            -1.51158            0.175673            3.1769              -0.163077           
0.295603            21760               2.14373             -0.171              -1.52617            0.201215            3.21671             -0.156683           
0.299081            22016               2.10857             -0.164435           -1.50271            0.179024            3.15704             -0.138594           
0.302559            22272               2.08209             -0.129432           -1.5652             0.136869            3.15839             -0.10611            
0.306036            22528               2.11694             -0.139343           -1.59399            0.128651            3.24347             -0.111655           
0.309514            22784               2.16136             -0.144685           -1.63051            0.155736            3.3288              -0.139408           
0.312992            23040               2.18293             -0.120339           -1.59483            0.126771            3.33794             -0.142388           
0.316469            23296               2.29118             -0.0987809          -1.63279            0.111439            3.5367              -0.103635           
0.319947            23552               2.27105             -0.140775           -1.68883            0.168325            3.54603             -0.149572           
0.323425            23808               2.24329             -0.128727           -1.69612            0.159884            3.51794             -0.118566           
0.326903            24064               2.26802             -0.113655           -1.6749             0.143061            3.543               -0.0960179          
0.33038             24320               2.22262             -0.122125           -1.66855            0.122554            3.47416             -0.13037            
0.333858            24576               2.17035             -0.144987           -1.65132            0.174094            3.38626             -0.143496           
0.337336            24832               2.23257             -0.149673           -1.67328            0.155853            3.49075             -0.140184           
0.340813            25088               2.30268             -0.158489           -1.66386            0.168761            3.5755              -0.158432           
0.344291            25344               2.26706             -0.13887            -1.68871            0.157361            3.52216             -0.124145           
0.347769            25600               2.23995             -0.122993           -1.67288            0.153983            3.4599              -0.11557            
0.351246            25856               2.21912             -0.159785           -1.63214            0.18913             3.42357             -0.147401           
0.354724            26112               2.22387             -0.145683           -1.62113            0.17366             3.40746             -0.14076            
0.358202            26368               2.22962             -0.173939           -1.61231            0.193306            3.3955              -0.179915           
0.361679            26624               2.2103              -0.18049            -1.53327            0.21398             3.30445             -0.180717           
0.365157            26880               2.17635             -0.141187           -1.47396            0.142323            3.19357             -0.136276           
0.368635            27136               2.20138             -0.143569           -1.48717            0.146396            3.24977             -0.151922           
0.372112            27392               2.1274              -0.144237           -1.45946            0.16174             3.12295             -0.146929           
0.37559             27648               2.0338              -0.141247           -1.41369            0.129961            2.96215             -0.166854           
0.379068            27904               2.00049             -0.158566           -1.3109             0.160976            2.84343             -0.181527           
0.382546            28160               2.0625              -0.130233           -1.31371            0.123618            2.91472             -0.135926           
0.386023            28416               2.09249             -0.153581           -1.3287             0.15456             2.97017             -0.166159           
0.389501            28672               2.0709              -0.1331             -1.36992            0.111374            2.96134             -0.143584           
0.392979            28928               2.0468              -0.137378           -1.37303            0.114244            2.92444             -0.167256           
0.396456            29184               2.06322             -0.143735           -1.42306            0.128962            3.01262             -0.179447           
0.399934            29440               2.04736             -0.148818           -1.47024            0.157015            3.02865             -0.148233           
0.403412            29696               2.17557             -0.151222           -1.53855            0.186627            3.27302             -0.169369           
0.406889            29952               2.22428             -0.122542           -1.53214            0.120032            3.33939             -0.102802           
0.410367            30208               2.21079             -0.127355           -1.57018            0.112691            3.33911             -0.13736            
0.413845            30464               2.26302             -0.16033            -1.57013            0.161644            3.43633             -0.158786           
0.417322            30720               2.23562             -0.174897           -1.57623            0.185043            3.41084             -0.15034            
0.4208              30976               2.20591             -0.215101           -1.58769            0.252025            3.37206             -0.210594           
0.424278            31232               2.26531             -0.166494           -1.62169            0.169523            3.4712              -0.166362           
0.427755            31488               2.26466             -0.157287           -1.62082            0.179315            3.4628              -0.147258           
0.431233            31744               2.23029             -0.144736           -1.6129             0.154355            3.39406             -0.156365           
0.434711            32000               2.22005             -0.108783           -1.65127            0.112455            3.39612             -0.107363           
0.438188            32256               2.23763             -0.135749           -1.62076            0.154327            3.4067              -0.158651           
0.441666            32512               2.16179             -0.154081           -1.59123            0.171467            3.28522             -0.162312           
0.445144            32768               2.1173              -0.146694           -1.54613            0.149524            3.19317             -0.160369           
0.448622            33024               2.13266             -0.137421           -1.54672            0.128182            3.20556             -0.174024           
0.452099            33280               2.24896             -0.15246            -1.50841            0.133566            3.35243             -0.146802           
0.455577            33536               2.1717              -0.165254           -1.50254            0.183281            3.23607             -0.153689           
0.459055            33792               2.17474             -0.11265            -1.492              0.123923            3.23072             -0.126413           
0.462532            34048               2.15356             -0.125839           -1.53034            0.125437            3.23047             -0.124755           
0.46601             34304               2.19231             -0.128914           -1.56922            0.126832            3.32314             -0.13822            
0.469488            34560               2.08427             -0.165879           -1.46623            0.171899            3.1065              -0.162814           
0.472965            34816               2.10247             -0.121765           -1.52059            0.111455            3.14737             -0.125639           
0.476443            35072               2.19892             -0.151518           -1.56575            0.150615            3.31378             -0.154926           
0.479921            35328               2.23043             -0.131813           -1.62545            0.133213            3.39435             -0.139645           
0.483398            35584               2.21345             -0.119429           -1.56699            0.125677            3.34388             -0.144573           
0.486876            35840               2.18621             -0.159621           -1.51682            0.202               3.27195             -0.154752           
0.490354            36096               2.17033             -0.158143           -1.53265            0.181498            3.27741             -0.139863           
0.493831            36352               2.18742             -0.156242           -1.5531             0.147992            3.31741             -0.161811           
0.497309            36608               2.26103             -0.153507           -1.53638            0.151504            3.40267             -0.159986           
0.500787            36864               2.25079             -0.162711           -1.61409            0.17704             3.42843             -0.166131           
0.504265            37120               2.22888             -0.111547           -1.63539            0.115512            3.41544             -0.10765            
0.507742            37376               2.26753             -0.138416           -1.65857            0.13101             3.48097             -0.151949           
0.51122             37632               2.28386             -0.137424           -1.71093            0.160587            3.53672             -0.156322           
0.514698            37888               2.24232             -0.122264           -1.68702            0.138831            3.46409             -0.135817           
0.518175            38144               2.22004             -0.131258           -1.65388            0.145788            3.40765             -0.153039           
0.521653            38400               2.16727             -0.147224           -1.59181            0.169399            3.28977             -0.176148           
0.525131            38656               2.20401             -0.140445           -1.574              0.146879            3.34012             -0.167985           
0.528608            38912               2.19392             -0.146684           -1.55169            0.164414            3.30339             -0.128481           
0.532086            39168               2.20162             -0.134414           -1.53049            0.131824            3.29329             -0.143074           
0.535564            39424               2.19722             -0.139272           -1.51483            0.112784            3.27565             -0.150301           
0.539041            39680               2.18892             -0.137923           -1.51956            0.13665             3.25924             -0.124974           
0.542519            39936               2.17407             -0.145036           -1.53901            0.15061             3.24938             -0.124272           
0.545997            40192               2.16586             -0.120195           -1.54321            0.10869             3.23744             -0.136078           
0.549474            40448               2.07178             -0.148552           -1.4515             0.151531            3.05392             -0.183201           
0.552952            40704               2.1841              -0.121146           -1.46333            0.117041            3.22386             -0.136978           
0.55643             40960               2.16815             -0.167364           -1.46963            0.180782            3.21715             -0.1728             
0.559907            41216               2.23346             -0.151063           -1.57206            0.157539            3.37472             -0.142372           
0.563385            41472               2.18479             -0.126622           -1.53023            0.123828            3.27816             -0.14298            
0.566863            41728               2.12195             -0.118455           -1.44346            0.129084            3.12779             -0.136281           
0.570341            41984               2.12769             -0.126357           -1.48253            0.122157            3.16059             -0.110724           
0.573818            42240               2.15641             -0.154612           -1.52217            0.175463            3.23751             -0.148095           
0.577296            42496               2.2295              -0.162751           -1.53451            0.176299            3.33058             -0.166631           
0.580774            42752               2.30225             -0.18031            -1.60799            0.206106            3.49153             -0.174816           
0.584251            43008               2.29381             -0.128336           -1.65567            0.144693            3.51611             -0.131517           
0.587729            43264               2.21889             -0.147666           -1.61732            0.177424            3.38453             -0.153017           
0.591207            43520               2.18582             -0.153101           -1.64965            0.17077             3.3755              -0.161087           
0.594684            43776               2.22077             -0.113867           -1.66414            0.124448            3.42293             -0.117165           
0.598162            44032               2.24214             -0.13384            -1.73002            0.141916            3.51688             -0.162967           
0.60164             44288               2.23718             -0.132322           -1.69327            0.127738            3.48256             -0.136781           
0.605117            44544               2.35156             -0.132419           -1.7116             0.110289            3.65985             -0.156735           
0.608595            44800               2.29033             -0.137258           -1.68305            0.1371              3.54507             -0.141639           
0.612073            45056               2.19922             -0.155173           -1.69655            0.175971            3.43072             -0.140273           
0.61555             45312               2.18414             -0.138204           -1.69022            0.146181            3.39309             -0.139711           
0.619028            45568               2.22143             -0.142122           -1.6366             0.121527            3.38965             -0.149554           
0.622506            45824               2.22186             -0.184008           -1.63859            0.206739            3.3969              -0.159797           
0.625984            46080               2.11779             -0.161275           -1.51814            0.165943            3.17335             -0.160242           
0.629461            46336               2.00428             -0.156563           -1.4218             0.174522            2.94802             -0.147824           
0.632939            46592               2.17207             -0.138277           -1.35799            0.146036            3.12888             -0.123957           
0.636417            46848               2.11584             -0.176176           -1.44981            0.199961            3.09979             -0.167438           
0.639894            47104               2.09958             -0.160586           -1.46753            0.180631            3.07875             -0.170635           
0.643372            47360               2.17532             -0.144148           -1.43386            0.144691            3.17558             -0.138547           
0.64685             47616               2.10846             -0.12557            -1.44633            0.134859            3.10447             -0.128205           
0.650327            47872               2.10845             -0.16062            -1.46292            0.159458            3.09747             -0.1332             
0.653805            48128               2.16537             -0.148256           -1.56049            0.158003            3.26266             -0.154585           
0.657283            48384               2.25935             -0.169597           -1.54383            0.180254            3.38737             -0.149786           
0.66076             48640               2.30762             -0.15385            -1.69558            0.160689            3.56272             -0.160589           
0.664238            48896               2.29811             -0.103308           -1.66665            0.091243            3.52655             -0.120145           
0.667716            49152               2.29843             -0.12083            -1.67816            0.144721            3.54102             -0.127477           
0.671193            49408               2.30114             -0.126863           -1.73455            0.152185            3.60449             -0.140648           
0.674671            49664               2.14993             -0.137317           -1.68094            0.162252            3.37491             -0.154958           
0.678149            49920               2.18104             -0.124976           -1.6392             0.161274            3.37928             -0.125412           
0.681626            50176               2.22151             -0.142595           -1.66627            0.153829            3.42889             -0.148483           
0.685104            50432               2.30041             -0.157946           -1.65153            0.192829            3.53564             -0.138353           
0.688582            50688               2.28228             -0.128854           -1.68234            0.118661            3.52164             -0.166945           
0.69206             50944               2.25742             -0.131444           -1.61099            0.128452            3.44139             -0.13065            
0.695537            51200               2.14736             -0.161006           -1.44764            0.17836             3.17111             -0.164152           
0.699015            51456               2.10216             -0.122357           -1.41707            0.110171            3.08741             -0.122708           
0.702493            51712               2.1493              -0.122684           -1.43684            0.0867492           3.14855             -0.145187           
0.70597             51968               2.13737             -0.169318           -1.42189            0.151637            3.11051             -0.177814           
0.709448            52224               2.05569             -0.148078           -1.38541            0.135495            2.95752             -0.140792           
0.712926            52480               2.08527             -0.156708           -1.36156            0.158746            3.00391             -0.171061           
0.716403            52736               2.09475             -0.13315            -1.38325            0.107508            3.01643             -0.143198           
0.719881            52992               2.07444             -0.176228           -1.42484            0.206832            3.0223              -0.171851           
0.723359            53248               2.08028             -0.127657           -1.42932            0.116903            3.02458             -0.124364           
0.726836            53504               2.15185             -0.141376           -1.4354             0.15315             3.13988             -0.138562           
0.730314            53760               2.16235             -0.137415           -1.4957             0.13334             3.19456             -0.160308           
0.733792            54016               2.2238              -0.142238           -1.52651            0.152867            3.32831             -0.152943           
0.73727             54272               2.21342             -0.127549           -1.4955             0.13536             3.29518             -0.130427           
0.740747            54528               2.16374             -0.107564           -1.50427            0.104631            3.21411             -0.125555           
0.744225            54784               2.13306             -0.154072           -1.57697            0.181002            3.22985             -0.193002           
0.747703            55040               2.12733             -0.1531             -1.57757            0.187211            3.22782             -0.12589            
0.75118             55296               2.27571             -0.142421           -1.62614            0.168474            3.46186             -0.158204           
0.754658            55552               2.23566             -0.142063           -1.67148            0.129746            3.43793             -0.151168           
0.758136            55808               2.20848             -0.127551           -1.56206            0.135091            3.32223             -0.140313           
0.761613            56064               2.24806             -0.130648           -1.5953             0.132507            3.40417             -0.134709           
0.765091            56320               2.17351             -0.144674           -1.58987            0.148132            3.30516             -0.1762             
0.768569            56576               2.14976             -0.144645           -1.55041            0.180621            3.25922             -0.119195           
0.772046            56832               2.20899             -0.14282            -1.5456             0.150207            3.34238             -0.12737            
0.775524            57088               2.25138             -0.146323           -1.57004            0.143592            3.41477             -0.149491           
0.779002            57344               2.20877             -0.176239           -1.53264            0.188225            3.30497             -0.156969           
0.782479            57600               2.22791             -0.134811           -1.58032            0.135567            3.36682             -0.116942           
0.785957            57856               2.21972             -0.186028           -1.51585            0.211349            3.31142             -0.164732           
0.789435            58112               2.12501             -0.152084           -1.48198            0.150669            3.16217             -0.170778           
0.792912            58368               2.15431             -0.18988            -1.46447            0.223824            3.1723              -0.200605           
0.79639             58624               2.21468             -0.140663           -1.51804            0.143624            3.30368             -0.134514           
0.799868            58880               2.19595             -0.119145           -1.52               0.0932258           3.26657             -0.130701           
0.803346            59136               2.20115             -0.133749           -1.58233            0.121551            3.31119             -0.182956           
0.806823            59392               2.26103             -0.131923           -1.60278            0.152812            3.41021             -0.137841           
0.810301            59648               2.21422             -0.143454           -1.59761            0.155695            3.34376             -0.147988           
0.813779            59904               2.2469              -0.120828           -1.64328            0.130315            3.42606             -0.129737           
0.817256            60160               2.16835             -0.113487           -1.5924             0.110171            3.27826             -0.146647           
0.820734            60416               2.14312             -0.159375           -1.56587            0.193939            3.24232             -0.190838           
0.824212            60672               2.15187             -0.117858           -1.56625            0.12839             3.26082             -0.12949            
0.827689            60928               2.12271             -0.126737           -1.49566            0.149645            3.16035             -0.121607           
0.831167            61184               2.15118             -0.147682           -1.51735            0.181139            3.21132             -0.143913           
0.834645            61440               2.15141             -0.174161           -1.5037             0.201582            3.20451             -0.176227           
0.838122            61696               2.17287             -0.127283           -1.51985            0.160269            3.23498             -0.125471           
0.8416              61952               2.21269             -0.154582           -1.52545            0.179985            3.30265             -0.16604            
0.845078            62208               2.22763             -0.161966           -1.56234            0.177596            3.34447             -0.162092           
0.848555            62464               2.18585             -0.144415           -1.56493            0.158452            3.27264             -0.165211           
0.852033            62720               2.125               -0.137899           -1.58397            0.146436            3.22501             -0.156903           
0.855511            62976               2.21963             -0.120563           -1.55079            0.116965            3.33361             -0.127144           
0.858989            63232               2.22935             -0.138348           -1.62181            0.146338            3.3958              -0.150337           
0.862466            63488               2.24005             -0.142222           -1.65321            0.159263            3.43701             -0.16112            
0.865944            63744               2.27386             -0.108515           -1.65431            0.118273            3.48                -0.111254           
0.869422            64000               2.25154             -0.121365           -1.62456            0.167361            3.4434              -0.138299           
0.872899            64256               2.23646             -0.138517           -1.609              0.16193             3.40266             -0.134897           
0.876377            64512               2.17186             -0.138966           -1.56578            0.167984            3.27488             -0.112685           
0.879855            64768               2.14613             -0.153271           -1.52891            0.187196            3.21464             -0.130699           
0.883332            65024               2.13888             -0.174986           -1.53956            0.191282            3.19708             -0.182752           
0.88681             65280               2.12191             -0.149511           -1.42595            0.161704            3.09394             -0.156228           
0.890288            65536               2.15984             -0.13046            -1.49443            0.130486            3.17128             -0.128241           
0.893765            65792               2.20871             -0.142524           -1.53136            0.148759            3.27194             -0.153437           
0.897243            66048               2.12186             -0.132118           -1.53208            0.115832            3.15503             -0.153421           
0.900721            66304               2.10389             -0.141494           -1.37747            0.158036            3.03804             -0.140473           
0.904198            66560               2.17307             -0.149746           -1.44319            0.170208            3.19888             -0.169373           
0.907676            66816               2.19494             -0.139551           -1.5789             0.157919            3.318               -0.153419           
0.911154            67072               2.11698             -0.0956351          -1.5729             0.0853775           3.19462             -0.105105           
0.914631            67328               2.10852             -0.138361           -1.57373            0.134267            3.20354             -0.129201           
0.918109            67584               2.12551             -0.120434           -1.6011             0.112765            3.2524              -0.121953           
0.921587            67840               2.09666             -0.113622           -1.60571            0.122655            3.21448             -0.100119           
0.925065            68096               2.1392              -0.125478           -1.56243            0.130294            3.25766             -0.122514           
0.928542            68352               2.15632             -0.184888           -1.52274            0.214288            3.24545             -0.143464           
0.93202             68608               2.19073             -0.121216           -1.60296            0.147182            3.34053             -0.096379           
0.935498            68864               2.2654              -0.123081           -1.60921            0.166647            3.44627             -0.123016           
0.938975            69120               2.20444             -0.172211           -1.66793            0.237678            3.39972             -0.15679            
0.942453            69376               2.1623              -0.140769           -1.57657            0.151264            3.28862             -0.146472           
0.945931            69632               2.19008             -0.216956           -1.50607            0.241357            3.29188             -0.198859           
0.949408            69888               2.16885             -0.156074           -1.54363            0.156177            3.26873             -0.12585            
0.952886            70144               2.1704              -0.144868           -1.56244            0.151466            3.25945             -0.144732           
0.956364            70400               2.22003             -0.1162             -1.57664            0.100338            3.34133             -0.132872           
0.959841            70656               2.17715             -0.116747           -1.56939            0.121072            3.24304             -0.12274            
0.963319            70912               2.19921             -0.121267           -1.55544            0.123974            3.28057             -0.150017           
0.966797            71168               2.13826             -0.128288           -1.53752            0.138265            3.19355             -0.157638           
0.970275            71424               1.99622             -0.125963           -1.49615            0.13148             2.95125             -0.132438           
0.973752            71680               1.92958             -0.143198           -1.42568            0.122695            2.82208             -0.157869           
0.97723             71936               2.11494             -0.138817           -1.33919            0.139371            3.05674             -0.128649           
0.980708            72192               2.08647             -0.162219           -1.37214            0.173217            3.01497             -0.128079           
0.984185            72448               2.14626             -0.122272           -1.48442            0.111505            3.17257             -0.128265           
0.987663            72704               2.15689             -0.141849           -1.49004            0.143865            3.1955              -0.123063           
0.991141            72960               2.08073             -0.121766           -1.50067            0.120304            3.10219             -0.111062           
0.994618            73216               2.11338             -0.13859            -1.56575            0.130588            3.2032              -0.157923           
0.998096            73472               2.1363              -0.120389           -1.54193            0.120826            3.22345             -0.135134           
1.00157             73728               2.16705             -0.118822           -1.48309            0.152916            3.22536             -0.115356           
1.00505             73984               2.14896             -0.153779           -1.51962            0.168364            3.23652             -0.139331           
1.00853             74240               2.23363             -0.143471           -1.55855            0.151896            3.3827              -0.124268           
1.01201             74496               2.26033             -0.146707           -1.55769            0.151406            3.41215             -0.141651           
1.01548             74752               2.22036             -0.116355           -1.62968            0.0972468           3.40348             -0.109044           
1.01896             75008               2.2454              -0.166857           -1.59182            0.191431            3.40883             -0.156036           
1.02244             75264               2.18588             -0.154701           -1.55349            0.165686            3.28733             -0.129845           
1.02592             75520               2.21055             -0.142141           -1.55296            0.142725            3.31297             -0.151634           
1.0294              75776               2.24007             -0.129346           -1.5894             0.13014             3.36897             -0.133926           
1.03287             76032               2.18437             -0.124627           -1.54481            0.13631             3.25482             -0.117559           
1.03635             76288               2.22615             -0.147095           -1.549              0.150349            3.32362             -0.155234           
1.03983             76544               2.15871             -0.141359           -1.54282            0.169887            3.20619             -0.105444           
1.04331             76800               2.22898             -0.133485           -1.60585            0.150901            3.3554              -0.143182           
1.04678             77056               2.18199             -0.119048           -1.55037            0.132538            3.26438             -0.139724           
1.05026             77312               2.1074              -0.153325           -1.45411            0.165996            3.09194             -0.171261           
1.05374             77568               2.16886             -0.125086           -1.49158            0.12832             3.20992             -0.156762           
1.05722             77824               2.21159             -0.136702           -1.50608            0.126282            3.27456             -0.127692           
1.06069             78080               2.23359             -0.126118           -1.54914            0.0874946           3.3444              -0.146121           
1.06417             78336               2.17616             -0.156807           -1.60504            0.160861            3.31118             -0.140029           
1.06765             78592               2.24422             -0.139293           -1.62983            0.139707            3.43572             -0.169296           
1.07113             78848               2.2785              -0.125572           -1.65643            0.128804            3.49775             -0.139735           
1.07461             79104               2.3405              -0.134514           -1.67486            0.156467            3.59569             -0.151524           
1.07808             79360               2.26389             -0.140722           -1.70929            0.157148            3.50618             -0.14094            
1.08156             79616               2.09909             -0.136906           -1.63908            0.151737            3.24123             -0.137108           
1.08504             79872               2.09689             -0.108864           -1.64686            0.0988308           3.24498             -0.124469           
1.08852             80128               2.13925             -0.153629           -1.58854            0.172995            3.26247             -0.180482           
1.09199             80384               2.13645             -0.120757           -1.57823            0.125942            3.2578              -0.120673           
1.09547             80640               2.17576             -0.138674           -1.55631            0.166027            3.28796             -0.140331           
1.09895             80896               2.18318             -0.13115            -1.60739            0.162949            3.31239             -0.13011            
1.10243             81152               2.19418             -0.14249            -1.59566            0.153418            3.31686             -0.152556           
1.1059              81408               2.1663              -0.156321           -1.51423            0.165673            3.22219             -0.160555           
1.10938             81664               2.14476             -0.107586           -1.48512            0.0971438           3.17002             -0.110755           
1.11286             81920               2.1804              -0.139145           -1.53583            0.156285            3.25807             -0.152452           
1.11634             82176               2.18403             -0.177455           -1.4997             0.21047             3.25188             -0.137267           
1.11981             82432               2.16959             -0.168932           -1.45829            0.212555            3.18046             -0.16893            
1.12329             82688               2.17558             -0.139085           -1.54725            0.148892            3.2486              -0.152247           
1.12677             82944               2.23591             -0.155285           -1.60501            0.174743            3.37849             -0.166374           
1.13025             83200               2.21659             -0.15244            -1.62312            0.172286            3.36481             -0.136284           
1.13373             83456               2.26912             -0.141861           -1.62639            0.15321             3.44549             -0.146578           
1.1372              83712               2.25746             -0.13215            -1.61303            0.135084            3.42408             -0.142734           
1.14068             83968               2.25204             -0.122637           -1.59416            0.133267            3.39761             -0.126702           
1.14416             84224               2.13305             -0.143155           -1.59808            0.175581            3.24458             -0.142046           
1.14764             84480               2.15255             -0.139726           -1.56066            0.154536            3.25591             -0.144362           
1.15111             84736               2.19912             -0.142343           -1.57802            0.117171            3.32326             -0.155283           
1.15459             84992               2.20702             -0.14553            -1.5778             0.150225            3.33239             -0.15491            
1.15807             85248               2.20312             -0.135682           -1.60888            0.132307            3.35727             -0.112899           
1.16155             85504               2.2442              -0.142251           -1.61845            0.13779             3.41804             -0.158007           
1.16502             85760               2.27326             -0.142737           -1.59891            0.157487            3.44012             -0.160535           
1.1685              86016               2.23105             -0.108777           -1.64672            0.117272            3.42228             -0.137434           
1.17198             86272               2.22101             -0.140611           -1.68143            0.142282            3.44618             -0.157826           
1.17546             86528               2.25734             -0.137834           -1.65736            0.137408            3.48554             -0.154127           
1.17894             86784               2.27673             -0.130341           -1.63265            0.151446            3.49748             -0.154605           
1.18241             87040               2.23318             -0.140589           -1.60075            0.152017            3.403               -0.136245           
1.18589             87296               2.19696             -0.114775           -1.59625            0.117373            3.36232             -0.135416           
1.18937             87552               2.25288             -0.170957           -1.67663            0.190364            3.48061             -0.163065           
1.19285             87808               2.26103             -0.162957           -1.65118            0.176161            3.46728             -0.163663           
1.19632             88064               2.19097             -0.172245           -1.52054            0.214389            3.27287             -0.150806           
1.1998              88320               2.2068              -0.166214           -1.51373            0.228419            3.27163             -0.158296           
1.20328             88576               2.24983             -0.149986           -1.5696             0.183584            3.38283             -0.172535           
1.20676             88832               2.23604             -0.132433           -1.61872            0.145314            3.38451             -0.137432           
1.21023             89088               2.23398             -0.135522           -1.57325            0.141904            3.3562              -0.137125           
1.21371             89344               2.2207              -0.136067           -1.56702            0.119787            3.34351             -0.154526           
1.21719             89600               2.18339             -0.149134           -1.54777            0.14349             3.27718             -0.18547            
1.22067             89856               2.08251             -0.133233           -1.55933            0.130582            3.14946             -0.172504           
1.22415             90112               2.12796             -0.114734           -1.50582            0.113121            3.17165             -0.121159           
1.22762             90368               2.12506             -0.144008           -1.40877            0.153177            3.10316             -0.110467           
1.2311              90624               2.15202             -0.124292           -1.51903            0.110148            3.20294             -0.147525           
1.23458             90880               2.08723             -0.152547           -1.54397            0.16498             3.15146             -0.155079           
1.23806             91136               2.10633             -0.11037            -1.48458            0.102738            3.1309              -0.126227           
1.24153             91392               2.18504             -0.163749           -1.48427            0.139702            3.24327             -0.196801           
1.24501             91648               2.10905             -0.131763           -1.50666            0.153022            3.13305             -0.155178           
1.24849             91904               2.13912             -0.103997           -1.51375            0.0910204           3.20456             -0.125752           
1.25197             92160               2.17638             -0.15255            -1.46997            0.165338            3.21677             -0.124815           
1.25544             92416               2.19397             -0.153062           -1.53928            0.158249            3.28933             -0.155326           
1.25892             92672               2.19599             -0.162824           -1.53521            0.142362            3.28983             -0.191956           
1.2624              92928               2.20666             -0.202671           -1.478              0.230118            3.26802             -0.177956           
1.26588             93184               2.21027             -0.154921           -1.52068            0.159825            3.28182             -0.176652           
1.26936             93440               2.20237             -0.146053           -1.57899            0.13178             3.33164             -0.173442           
1.27283             93696               2.19833             -0.151333           -1.61644            0.14675             3.35835             -0.170414           
1.27631             93952               2.22755             -0.139373           -1.60624            0.141495            3.39231             -0.133211           
1.27979             94208               2.13616             -0.0949298          -1.55509            0.100605            3.22478             -0.14273            
1.28327             94464               2.16155             -0.136313           -1.62115            0.136108            3.31019             -0.14743            
1.28674             94720               2.21208             -0.129589           -1.60014            0.152054            3.36981             -0.132881           
1.29022             94976               2.25663             -0.144178           -1.58412            0.150597            3.41635             -0.133986           
1.2937              95232               2.25577             -0.13297            -1.54633            0.11206             3.37654             -0.155284           
1.29718             95488               2.20699             -0.144594           -1.55745            0.155884            3.32054             -0.133497           
1.30065             95744               2.18735             -0.128203           -1.57007            0.0865561           3.31893             -0.119661           
1.30413             96000               2.13386             -0.0940383          -1.58915            0.0478213           3.25062             -0.131108           
1.30761             96256               2.20853             -0.14636            -1.483              0.127483            3.28119             -0.179658           
1.31109             96512               2.25483             -0.173886           -1.56544            0.192853            3.398               -0.177027           
1.31457             96768               2.2195              -0.124611           -1.61631            0.132843            3.37899             -0.132749           
1.31804             97024               2.20747             -0.122719           -1.61947            0.110207            3.36686             -0.137604           
1.32152             97280               2.22782             -0.150588           -1.65464            0.160524            3.42337             -0.163892           
1.325               97536               2.22113             -0.164394           -1.64348            0.174625            3.39894             -0.181355           
1.32848             97792               2.23824             -0.152783           -1.60811            0.192524            3.4002              -0.157688           
1.33195             98048               2.24165             -0.154044           -1.5698             0.187842            3.38066             -0.15269            
1.33543             98304               2.27378             -0.151565           -1.63815            0.186141            3.46028             -0.16284            
1.33891             98560               2.30028             -0.164594           -1.64511            0.20058             3.50743             -0.152386           
1.34239             98816               2.26161             -0.163218           -1.62297            0.19259             3.44986             -0.156529           
1.34586             99072               2.25869             -0.146519           -1.67057            0.168109            3.47357             -0.126608           
1.34934             99328               2.25602             -0.128228           -1.6508             0.126876            3.45593             -0.150819           
1.35282             99584               2.20396             -0.153172           -1.61006            0.195445            3.35749             -0.152119           
1.3563              99840               2.19219             -0.13862            -1.60051            0.166292            3.33942             -0.135526           
1.35978             100096              2.2703              -0.136736           -1.62826            0.145765            3.45976             -0.153104           
1.36325             100352              2.2805              -0.122077           -1.64794            0.130871            3.48743             -0.11839            
1.36673             100608              2.24034             -0.151555           -1.61264            0.17444             3.39911             -0.154018           
1.37021             100864              2.20836             -0.155305           -1.62177            0.160442            3.35975             -0.165213           
1.37369             101120              2.12654             -0.183464           -1.58931            0.231127            3.22125             -0.190068           
1.37716             101376              2.2943              -0.146254           -1.54773            0.162008            3.45053             -0.133428           
1.38064             101632              2.29071             -0.116083           -1.6711             0.140172            3.52435             -0.114488           
1.38412             101888              2.25039             -0.148235           -1.69916            0.148638            3.48128             -0.160056           
1.3876              102144              2.17474             -0.133973           -1.64675            0.149681            3.35352             -0.170714           
1.39107             102400              2.19427             -0.108586           -1.607              0.107135            3.34094             -0.117827           
1.39455             102656              2.23078             -0.156124           -1.56218            0.166426            3.36123             -0.179846           
1.39803             102912              2.1825              -0.170192           -1.52574            0.197563            3.25628             -0.163685           
1.40151             103168              2.14982             -0.168915           -1.43093            0.184155            3.14018             -0.141459           
1.40499             103424              2.14912             -0.13803            -1.43664            0.120209            3.13292             -0.137407           
1.40846             103680              2.15664             -0.144841           -1.46128            0.124113            3.14819             -0.171708           
1.41194             103936              2.11622             -0.0905278          -1.47523            0.0826807           3.09934             -0.104538           
1.41542             104192              2.04038             -0.112253           -1.46222            0.124897            2.98733             -0.170315           
1.4189              104448              2.02966             -0.132084           -1.42314            0.148237            2.96054             -0.117406           
1.42237             104704              2.08335             -0.117875           -1.42125            0.123038            3.02396             -0.0949013          
1.42585             104960              2.1637              -0.126003           -1.47771            0.157605            3.16322             -0.136835           
1.42933             105216              2.15324             -0.128226           -1.49503            0.141543            3.16489             -0.136502           
1.43281             105472              2.12208             -0.149205           -1.51698            0.148673            3.13264             -0.16979            
1.43628             105728              2.09488             -0.142668           -1.46682            0.13249             3.08397             -0.168968           
1.43976             105984              2.13528             -0.122198           -1.45167            0.101717            3.13161             -0.155815           
1.44324             106240              2.16846             -0.14233            -1.47084            0.112483            3.20203             -0.174246           
1.44672             106496              2.18048             -0.139729           -1.4766             0.125899            3.21743             -0.162084           
1.4502              106752              2.19127             -0.133404           -1.45163            0.112824            3.21643             -0.139859           
1.45367             107008              2.1713              -0.142931           -1.49836            0.143495            3.20845             -0.151501           
1.45715             107264              2.16294             -0.148987           -1.53688            0.138145            3.21389             -0.169065           
1.46063             107520              2.18912             -0.152604           -1.53561            0.159349            3.26631             -0.147247           
1.46411             107776              2.12569             -0.123536           -1.40317            0.0930947           3.09303             -0.162202           
1.46758             108032              2.09301             -0.198572           -1.37621            0.238483            3.03385             -0.182393           
1.47106             108288              2.07769             -0.172371           -1.43417            0.192748            3.05767             -0.153615           
1.47454             108544              2.24124             -0.137995           -1.58529            0.159689            3.37446             -0.146197           
1.47802             108800              2.25156             -0.136084           -1.60085            0.140559            3.40675             -0.161261           
1.48149             109056              2.33157             -0.162457           -1.70192            0.187323            3.60609             -0.152823           
1.48497             109312              2.2786              -0.118704           -1.72546            0.115554            3.56273             -0.145519           
1.48845             109568              2.16935             -0.130381           -1.72558            0.134894            3.41336             -0.137336           
1.49193             109824              2.2574              -0.131091           -1.67813            0.125493            3.49692             -0.144635           
1.49541             110080              2.28311             -0.114479           -1.6455             0.111228            3.4987              -0.119466           
1.49888             110336              2.24325             -0.119496           -1.61304            0.120111            3.42052             -0.101508           
1.50236             110592              2.13856             -0.115528           -1.50578            0.110101            3.21574             -0.116968           
1.50584             110848              2.15669             -0.109657           -1.53713            0.0955871           3.2271              -0.144774           
1.50932             111104              2.1569              -0.138968           -1.51991            0.13774             3.21582             -0.149927           
1.51279             111360              2.11841             -0.151643           -1.43052            0.159951            3.08507             -0.14137            
1.51627             111616              2.09221             -0.147292           -1.34461            0.183291            2.99282             -0.176175           
1.51975             111872              2.06304             -0.128006           -1.37695            0.153478            2.96586             -0.156616           
1.52323             112128              2.06318             -0.162699           -1.43511            0.179462            2.99311             -0.162729           
1.5267              112384              2.15879             -0.170593           -1.49674            0.196784            3.17859             -0.173685           
1.53018             112640              2.14551             -0.156499           -1.45468            0.159344            3.11984             -0.145961           
1.53366             112896              2.17124             -0.140709           -1.46654            0.154095            3.16896             -0.152425           
1.53714             113152              2.10319             -0.15676            -1.52401            0.157884            3.1403              -0.134724           
1.54062             113408              2.16287             -0.117586           -1.55242            0.110187            3.26035             -0.129858           
1.54409             113664              2.23111             -0.145384           -1.55167            0.15799             3.35361             -0.161192           
1.54757             113920              2.23595             -0.131937           -1.62618            0.143522            3.40278             -0.136779           
1.55105             114176              2.22889             -0.138546           -1.61344            0.141422            3.39607             -0.176617           
1.55453             114432              2.22451             -0.12379            -1.62615            0.129456            3.40777             -0.13866            
1.558               114688              2.21211             -0.128655           -1.6078             0.146112            3.36898             -0.139319           
1.56148             114944              2.24202             -0.133624           -1.65259            0.164804            3.42683             -0.151361           
1.56496             115200              2.25317             -0.153609           -1.63134            0.147738            3.44324             -0.1633             
1.56844             115456              2.21813             -0.104721           -1.58844            0.0649715           3.35246             -0.119413           
1.57191             115712              2.30041             -0.13328            -1.59225            0.136219            3.47433             -0.13091            
1.57539             115968              2.293               -0.120172           -1.56508            0.116294            3.43356             -0.119739           
1.57887             116224              2.2047              -0.147942           -1.55409            0.145076            3.30187             -0.171513           
1.58235             116480              2.11831             -0.163186           -1.52507            0.169199            3.18192             -0.173234           
1.58582             116736              2.13778             -0.140064           -1.53789            0.141858            3.20177             -0.14877            
1.5893              116992              2.19394             -0.152089           -1.49569            0.186461            3.2514              -0.154306           
1.59278             117248              2.11079             -0.0882065          -1.47081            0.080689            3.09894             -0.123502           
1.59626             117504              2.19745             -0.153879           -1.54531            0.18753             3.29672             -0.137529           
1.59974             117760              2.19693             -0.125525           -1.53763            0.144902            3.29582             -0.120537           
1.60321             118016              2.16178             -0.11287            -1.50234            0.135999            3.20748             -0.113628           
1.60669             118272              2.21844             -0.155092           -1.59666            0.176713            3.36137             -0.147735           
1.61017             118528              2.19041             -0.148782           -1.52287            0.178706            3.27152             -0.129733           
1.61365             118784              2.17274             -0.175099           -1.53006            0.199054            3.23804             -0.185575           
1.61712             119040              2.18166             -0.123252           -1.45659            0.102057            3.1893              -0.133141           
1.6206              119296              2.1693              -0.119745           -1.50439            0.100439            3.19981             -0.149605           
1.62408             119552              2.11441             -0.14221            -1.50142            0.134384            3.13403             -0.170142           
1.62756             119808              2.06933             -0.118994           -1.45436            0.105436            3.02541             -0.1487             
1.63103             120064              2.11538             -0.115128           -1.44364            0.104994            3.08615             -0.135538           
1.63451             120320              2.11445             -0.145234           -1.42435            0.157011            3.07443             -0.136732           
1.63799             120576              1.99128             -0.152367           -1.41797            0.166651            2.91988             -0.109976           
1.64147             120832              2.12179             -0.118687           -1.4678             0.0985126           3.12503             -0.135818           
1.64495             121088              2.25209             -0.150313           -1.57004            0.148219            3.38304             -0.152925           
1.64842             121344              2.18452             -0.135495           -1.64399            0.162251            3.33706             -0.126608           
1.6519              121600              2.25495             -0.104778           -1.66731            0.119995            3.48195             -0.135622           
1.65538             121856              2.32946             -0.137572           -1.65532            0.150649            3.58997             -0.136618           
1.65886             122112              2.30748             -0.112335           -1.71003            0.14867             3.5988              -0.0952364          
1.66233             122368              2.29845             -0.150563           -1.75989            0.201581            3.61942             -0.141618           
1.66581             122624              2.30491             -0.131154           -1.71783            0.165629            3.5957              -0.121726           
1.66929             122880              2.25164             -0.184287           -1.67073            0.229598            3.48691             -0.189603           
1.67277             123136              2.27419             -0.112243           -1.65762            0.126786            3.50948             -0.116066           
1.67624             123392              2.30753             -0.143251           -1.70074            0.165741            3.58227             -0.139081           
1.67972             123648              2.31466             -0.140191           -1.68989            0.18455             3.56112             -0.158794           
1.6832              123904              2.23017             -0.106175           -1.62682            0.122245            3.39744             -0.124425           
1.68668             124160              2.13912             -0.122886           -1.54596            0.125524            3.2126              -0.144159           
1.69016             124416              2.16664             -0.159503           -1.51515            0.170369            3.22336             -0.16181            
1.69363             124672              2.19872             -0.129521           -1.58814            0.110125            3.31546             -0.143138           
1.69711             124928              2.21048             -0.124705           -1.55802            0.097417            3.3006              -0.130215           
1.70059             125184              2.17566             -0.121436           -1.51639            0.0954694           3.23519             -0.0975868          
1.70407             125440              2.19366             -0.149644           -1.48154            0.151308            3.23938             -0.125432           
1.70754             125696              2.23712             -0.13525            -1.54474            0.152204            3.35604             -0.129799           
1.71102             125952              2.19552             -0.147691           -1.63605            0.161078            3.35865             -0.170722           
1.7145              126208              2.18253             -0.144277           -1.61816            0.169732            3.33756             -0.160639           
1.71798             126464              2.23025             -0.114997           -1.60417            0.0979646           3.3918              -0.142553           
1.72145             126720              2.26179             -0.136883           -1.60598            0.136635            3.43121             -0.16424            
1.72493             126976              2.23937             -0.120918           -1.5854             0.12996             3.39258             -0.117964           
1.72841             127232              2.18358             -0.161857           -1.51877            0.17247             3.2848              -0.138382           
1.73189             127488              2.15613             -0.143525           -1.5765             0.150165            3.27009             -0.136576           
1.73537             127744              2.26701             -0.121058           -1.65449            0.105895            3.47503             -0.149952           
1.73884             128000              2.26374             -0.158381           -1.56742            0.182932            3.4193              -0.153291           
1.74232             128256              2.21282             -0.115886           -1.57779            0.138568            3.33054             -0.10859            
1.7458              128512              2.28861             -0.142026           -1.6298             0.177352            3.49241             -0.162127           
1.74928             128768              2.22849             -0.131513           -1.64845            0.136391            3.42963             -0.133846           
1.75275             129024              2.17566             -0.157021           -1.63067            0.14481             3.33836             -0.160776           
1.75623             129280              2.25543             -0.127086           -1.6355             0.13469             3.45052             -0.132033           
1.75971             129536              2.22859             -0.0919172          -1.63797            0.100143            3.38733             -0.0941956          
1.76319             129792              2.25725             -0.118664           -1.61501            0.139402            3.44545             -0.137818           
1.76666             130048              2.18941             -0.148211           -1.5776             0.190479            3.32225             -0.125952           
1.77014             130304              2.13937             -0.091214           -1.57587            0.0964185           3.2463              -0.0909079          
1.77362             130560              2.12815             -0.110623           -1.57546            0.105079            3.22618             -0.148195           
1.7771              130816              2.1796              -0.14964            -1.5615             0.156329            3.28433             -0.130204           
1.78058             131072              2.19909             -0.123428           -1.53883            0.102094            3.29593             -0.108971           
1.78405             131328              2.24979             -0.171493           -1.55909            0.16218             3.38549             -0.170004           
1.78753             131584              2.25882             -0.133464           -1.55713            0.115045            3.4005              -0.133953           
1.79101             131840              2.22083             -0.114737           -1.56892            0.109173            3.34571             -0.130534           
1.79449             132096              2.19035             -0.15816            -1.60111            0.168633            3.32822             -0.140447           
1.79796             132352              2.23419             -0.166764           -1.61349            0.186417            3.42246             -0.182309           
1.80144             132608              2.24853             -0.104303           -1.59726            0.0845728           3.40498             -0.139334           
1.80492             132864              2.26161             -0.143427           -1.59401            0.164587            3.42579             -0.130139           
1.8084              133120              2.23377             -0.127004           -1.58373            0.136266            3.38437             -0.114116           
1.81187             133376              2.16982             -0.113542           -1.60673            0.115702            3.30713             -0.142662           
1.81535             133632              2.10038             -0.172283           -1.52816            0.216885            3.16256             -0.179382           
1.81883             133888              2.12991             -0.12909            -1.50921            0.153585            3.17772             -0.140665           
1.82231             134144              2.18264             -0.143556           -1.55261            0.167608            3.28004             -0.148667           
1.82579             134400              2.13913             -0.128766           -1.54924            0.120828            3.20691             -0.144448           
1.82926             134656              2.10041             -0.131655           -1.54203            0.120634            3.18154             -0.151935           
1.83274             134912              2.16722             -0.148595           -1.54261            0.161902            3.25471             -0.151091           
1.83622             135168              2.20188             -0.126083           -1.55462            0.146873            3.29944             -0.127791           
1.8397              135424              2.17918             -0.13053            -1.56548            0.152656            3.29291             -0.147238           
1.84317             135680              2.15561             -0.122138           -1.50982            0.125501            3.21736             -0.124067           
1.84665             135936              2.17425             -0.132633           -1.50186            0.147386            3.23923             -0.120895           
1.85013             136192              2.19805             -0.137111           -1.57784            0.140629            3.31316             -0.139735           
1.85361             136448              2.21107             -0.187972           -1.59677            0.187552            3.36207             -0.192634           
1.85708             136704              2.23962             -0.156433           -1.57392            0.159967            3.37149             -0.177026           
1.86056             136960              2.18928             -0.147251           -1.56727            0.167707            3.28529             -0.132478           
1.86404             137216              2.24355             -0.122801           -1.61557            0.125827            3.39843             -0.114259           
1.86752             137472              2.28982             -0.14692            -1.68277            0.170319            3.51897             -0.158374           
1.871               137728              2.2101              -0.145782           -1.63376            0.154267            3.35775             -0.167343           
1.87447             137984              2.09428             -0.143355           -1.56924            0.137171            3.17471             -0.147916           
1.87795             138240              2.11849             -0.145035           -1.52035            0.146312            3.18533             -0.125966           
1.88143             138496              2.16317             -0.164515           -1.49754            0.181131            3.20742             -0.175211           
1.88491             138752              2.24702             -0.158944           -1.53527            0.153322            3.35983             -0.156494           
1.88838             139008              2.19984             -0.158951           -1.5274             0.178772            3.28741             -0.136161           
1.89186             139264              2.16887             -0.149736           -1.53535            0.143618            3.25517             -0.146111           
1.89534             139520              2.14687             -0.147763           -1.55757            0.156305            3.24774             -0.158195           
1.89882             139776              2.19288             -0.173321           -1.50408            0.189359            3.2715              -0.162191           
1.90229             140032              2.24565             -0.0903072          -1.52969            0.0799815           3.35965             -0.0720845          
1.90577             140288              2.25183             -0.125833           -1.65302            0.122252            3.45172             -0.155715           
1.90925             140544              2.27799             -0.162916           -1.6327             0.175472            3.48347             -0.152671           
1.91273             140800              2.2749              -0.144919           -1.64324            0.161616            3.48535             -0.121984           
1.91621             141056              2.25411             -0.136872           -1.65652            0.146982            3.46953             -0.132211           
1.91968             141312              2.28419             -0.191226           -1.6553             0.208491            3.51714             -0.181694           
1.92316             141568              2.24812             -0.1545             -1.61454            0.185261            3.42899             -0.139051           
1.92664             141824              2.20334             -0.145398           -1.57869            0.198529            3.32726             -0.140587           
1.93012             142080              2.23713             -0.125662           -1.58466            0.154315            3.38037             -0.130741           
1.93359             142336              2.22591             -0.135855           -1.59103            0.14851             3.36644             -0.140076           
1.93707             142592              2.16294             -0.136053           -1.58457            0.16591             3.28004             -0.162529           
1.94055             142848              2.08024             -0.142836           -1.55732            0.170412            3.14584             -0.160086           
1.94403             143104              2.13955             -0.121727           -1.55804            0.114802            3.23741             -0.164279           
1.9475              143360              2.1876              -0.164459           -1.55862            0.183015            3.28477             -0.180384           
1.95098             143616              2.199               -0.139494           -1.56592            0.136933            3.30765             -0.143434           
1.95446             143872              2.22672             -0.130048           -1.52656            0.13682             3.31644             -0.146308           
1.95794             144128              2.18586             -0.126452           -1.54522            0.151368            3.26639             -0.153271           
1.96142             144384              2.22371             -0.135275           -1.56622            0.170246            3.35121             -0.152763           
1.96489             144640              2.16201             -0.144416           -1.50332            0.154097            3.20764             -0.149376           
1.96837             144896              2.0249              -0.142334           -1.423              0.142597            2.97323             -0.140288           
1.97185             145152              2.11455             -0.117753           -1.55055            0.131263            3.18442             -0.148862           
1.97533             145408              2.13575             -0.158292           -1.47544            0.172578            3.16271             -0.138829           
1.9788              145664              2.17048             -0.124855           -1.48369            0.125673            3.21209             -0.124011           
1.98228             145920              2.15159             -0.147312           -1.43635            0.142508            3.14693             -0.165693           
1.98576             146176              2.15429             -0.141409           -1.47937            0.14697             3.17635             -0.138529           
1.98924             146432              2.16962             -0.148947           -1.45787            0.150466            3.18698             -0.159474           
1.99271             146688              2.16458             -0.173337           -1.48006            0.180658            3.19422             -0.172839           
1.99619             146944              2.16697             -0.146818           -1.48832            0.162785            3.20558             -0.157456           
1.99967             147200              2.2152              -0.16414            -1.53704            0.194697            3.30133             -0.173616           
