#Time               nTime               force-x             force-y             force-z             moment-x            moment-y            moment-z            
0                   0                   4.29955e-06         -1.47177e-05        2.14977e-06         2.04843e-05         1.59282e-06         -2.35311e-05        
0.00347769          256                 0.00208793          -0.0236458          0.00217524          0.0280157           0.00541827          -0.04022            
0.00695537          512                 -0.0362189          0.0598925           0.00898274          -0.0811327          -0.0536631          0.0804367           
0.0104331           768                 2.03427             -2.14298            -0.284873           2.64742             2.50262             -2.32927            
0.0139107           1024                0.473477            -1.40513            0.0837689           1.79751             0.4149              -2.1492             
0.0173884           1280                -1.02488            0.443108            0.331886            -0.482478           -1.57084            0.0295585           
0.0208661           1536                -1.01294            1.0487              0.208147            -1.27862            -1.37151            1.1196              
0.0243438           1792                -0.207284           0.595645            -0.0464873          -0.821988           -0.15276            0.925673            
0.0278215           2048                0.569959            -0.233616           -0.19317            0.202274            0.87259             0.0196471           
0.0312992           2304                -0.0451113          0.308776            -0.0651044          -0.458281           0.0393728           0.532996            
0.0347769           2560                -0.390859           0.59718             0.0129069           -0.799967           -0.447868           0.790521            
0.0382545           2816                -0.0297405          0.245893            -0.0565245          -0.351265           0.0474467           0.426272            
0.0417322           3072                0.0680805           0.149611            -0.0630391          -0.233232           0.158571            0.324938            
0.0452099           3328                0.00391044          0.135326            -0.0357606          -0.203959           0.0524755           0.250901            
0.0486876           3584                -0.053481           0.165144            -0.019977           -0.233738           -0.0305378          0.26089             
0.0521653           3840                -0.0721632          0.154893            -0.0100393          -0.213788           -0.0656552          0.227705            
0.055643            4096                -0.0205872          0.0992443           -0.0159207          -0.143825           -0.000929461        0.165739            
0.0591207           4352                -0.0157282          0.0852638           -0.0146046          -0.123679           0.00233541          0.14388             
0.0625984           4608                -0.0287519          0.0832738           -0.0106582          -0.117991           -0.0171789          0.130497            
0.066076            4864                -0.0431134          0.0946846           -0.00659864         -0.131784           -0.038352           0.140147            
0.0695537           5120                -0.0516506          0.109187            -0.00551863         -0.151186           -0.0493647          0.159856            
0.0730314           5376                -0.0396168          0.104558            -0.00998817         -0.146086           -0.0298456          0.160569            
0.0765091           5632                -0.0388413          0.110037            -0.0116966          -0.154216           -0.0267132          0.171137            
0.0799868           5888                -0.0468039          0.125159            -0.0122444          -0.174876           -0.034479           0.192621            
0.0834645           6144                -0.0464503          0.134332            -0.0141528          -0.188411           -0.031569           0.209541            
0.0869422           6400                -0.0497894          0.146385            -0.0160555          -0.205066           -0.0324011          0.228917            
0.0904198           6656                -0.0512066          0.156466            -0.0180313          -0.21948            -0.0311377          0.246196            
0.0938975           6912                -0.0550797          0.168837            -0.0192641          -0.236763           -0.0337181          0.265729            
0.0973752           7168                -0.0559255          0.176646            -0.0205892          -0.247933           -0.0328481          0.279258            
0.100853            7424                -0.054714           0.178426            -0.0217261          -0.250806           -0.0298398          0.283452            
0.104331            7680                -0.0600775          0.184997            -0.021502           -0.259388           -0.0360049          0.291374            
0.107808            7936                -0.0526473          0.18075             -0.0226823          -0.25441            -0.026584           0.289168            
0.111286            8192                -0.0476497          0.170778            -0.0225911          -0.241116           -0.021155           0.274911            
0.114764            8448                -0.0630012          0.180642            -0.0188826          -0.25286            -0.0431703          0.281241            
0.118241            8704                -0.0664123          0.1811              -0.0181363          -0.252462           -0.0478482          0.279469            
0.121719            8960                -0.0605305          0.175591            -0.0184338          -0.245718           -0.0411547          0.273854            
0.125197            9216                -0.0465482          0.161782            -0.020822           -0.227738           -0.0223013          0.259275            
0.128674            9472                -0.0497633          0.164643            -0.0196972          -0.231551           -0.0272509          0.261997            
0.132152            9728                -0.0546227          0.1675              -0.0187831          -0.235125           -0.0340528          0.26361             
0.13563             9984                -0.0591368          0.174475            -0.0187038          -0.2444             -0.0392663          0.272879            
0.139107            10240               -0.0536287          0.172547            -0.0203426          -0.242408           -0.0310055          0.273505            
0.142585            10496               -0.0526593          0.173245            -0.0206109          -0.24349            -0.0295564          0.275452            
0.146063            10752               -0.0605062          0.17995             -0.0192874          -0.252095           -0.0396719          0.281752            
0.149541            11008               -0.0595327          0.180069            -0.0194169          -0.25251            -0.0385769          0.282686            
0.153018            11264               -0.0496254          0.17272             -0.0212927          -0.243679           -0.025218           0.276809            
0.156496            11520               -0.0533413          0.173379            -0.0202237          -0.244049           -0.031471           0.275272            
0.159974            11776               -0.0570943          0.176712            -0.0189435          -0.248206           -0.0368292          0.278383            
0.163451            12032               -0.0585968          0.174448            -0.0186349          -0.244542           -0.038611           0.273204            
0.166929            12288               -0.0536296          0.165391            -0.0182792          -0.231957           -0.0338747          0.260423            
0.170407            12544               -0.0487904          0.159779            -0.0186625          -0.2251             -0.0279582          0.253944            
0.173884            12800               -0.0499739          0.156697            -0.0181535          -0.220168           -0.0298216          0.247483            
0.177362            13056               -0.0532289          0.157617            -0.0163034          -0.221202           -0.0360212          0.246627            
0.18084             13312               -0.0619751          0.164457            -0.0145366          -0.229318           -0.0480226          0.2524              
0.184317            13568               -0.0589959          0.162269            -0.0156794          -0.226077           -0.0428287          0.250625            
0.187795            13824               -0.0476067          0.153577            -0.0176695          -0.215977           -0.0278525          0.243496            
0.191273            14080               -0.0565928          0.159601            -0.0153982          -0.222983           -0.0410988          0.247605            
0.19475             14336               -0.0629275          0.166732            -0.0134986          -0.232411           -0.0506669          0.255653            
0.198228            14592               -0.0485323          0.151967            -0.0169412          -0.213463           -0.0300557          0.239879            
0.201706            14848               -0.0482657          0.150807            -0.0158099          -0.212454           -0.0316543          0.237965            
0.205183            15104               -0.0532052          0.153909            -0.0149136          -0.215949           -0.0378995          0.239865            
0.208661            15360               -0.0497401          0.149386            -0.0151179          -0.210046           -0.0342876          0.234281            
0.212139            15616               -0.0583642          0.15798             -0.0136148          -0.220452           -0.0456892          0.243245            
0.215617            15872               -0.0457356          0.144617            -0.0159649          -0.204231           -0.0286041          0.228769            
0.219094            16128               -0.052487           0.150344            -0.0145224          -0.210841           -0.0378886          0.233947            
0.222572            16384               -0.0519719          0.152137            -0.0147989          -0.213932           -0.0371419          0.237636            
0.22605             16640               -0.049502           0.150822            -0.0155964          -0.212203           -0.0331431          0.23708             
0.229527            16896               -0.0607496          0.163973            -0.0132203          -0.229129           -0.049173           0.252298            
0.233005            17152               -0.0547683          0.157513            -0.0151437          -0.220689           -0.03976            0.245216            
0.236483            17408               -0.0544144          0.160006            -0.0157406          -0.224557           -0.0383142          0.250023            
0.23996             17664               -0.0416704          0.149711            -0.0183248          -0.212181           -0.0210327          0.241041            
0.243438            17920               -0.0509829          0.156601            -0.0163353          -0.220125           -0.034005           0.246432            
0.246916            18176               -0.0551523          0.160005            -0.0153249          -0.224328           -0.0397754          0.24943             
0.250393            18432               -0.0537344          0.156523            -0.0152295          -0.219555           -0.038375           0.244201            
0.253871            18688               -0.0556902          0.162315            -0.0149623          -0.228013           -0.0412376          0.253226            
0.257349            18944               -0.0507141          0.159588            -0.0174333          -0.224304           -0.0319815          0.252067            
0.260826            19200               -0.0406575          0.151823            -0.0189193          -0.215182           -0.0194629          0.245573            
0.264304            19456               -0.0512727          0.159834            -0.0172299          -0.225184           -0.0327434          0.252188            
0.267782            19712               -0.0542373          0.166426            -0.0173184          -0.233846           -0.0361635          0.26183             
0.27126             19968               -0.0523394          0.168567            -0.0178274          -0.237323           -0.0333647          0.26706             
0.274737            20224               -0.0402494          0.15437             -0.0207959          -0.218694           -0.0159212          0.250605            
0.278215            20480               -0.0512742          0.166734            -0.018542           -0.235131           -0.0312004          0.264694            
0.281693            20736               -0.0568878          0.169895            -0.0172964          -0.238242           -0.0389035          0.266111            
0.28517             20992               -0.0401121          0.155222            -0.0203717          -0.22011            -0.0165914          0.252199            
0.288648            21248               -0.0535025          0.16455             -0.0168656          -0.231195           -0.0357179          0.258912            
0.292126            21504               -0.0542216          0.164731            -0.0172559          -0.231429           -0.0360371          0.258804            
0.295603            21760               -0.0450812          0.154835            -0.0191025          -0.218791           -0.0240089          0.247866            
0.299081            22016               -0.0395246          0.149862            -0.0198927          -0.212786           -0.0162677          0.243025            
0.302559            22272               -0.047489           0.159002            -0.0187409          -0.224688           -0.0263756          0.25358             
0.306036            22528               -0.0493809          0.164298            -0.0193952          -0.231646           -0.0278618          0.261737            
0.309514            22784               -0.0457498          0.160852            -0.0199606          -0.22772            -0.0229364          0.258293            
0.312992            23040               -0.0548711          0.171557            -0.0191107          -0.241329           -0.0334087          0.27079             
0.316469            23296               -0.0550259          0.174402            -0.0196817          -0.245444           -0.0341454          0.275891            
0.319947            23552               -0.0538148          0.177216            -0.0208406          -0.249761           -0.0304933          0.281909            
0.323425            23808               -0.0516652          0.176918            -0.021932           -0.250008           -0.0269002          0.283119            
0.326903            24064               -0.0588403          0.184867            -0.0205391          -0.259873           -0.0366351          0.291991            
0.33038             24320               -0.0592345          0.184258            -0.0207188          -0.25883            -0.0368187          0.290626            
0.333858            24576               -0.0496627          0.17396             -0.0223618          -0.245532           -0.02388            0.279187            
0.337336            24832               -0.0477689          0.171563            -0.0220932          -0.242693           -0.022635           0.276275            
0.340813            25088               -0.0575144          0.181037            -0.0201404          -0.254503           -0.0358268          0.286025            
0.344291            25344               -0.0556988          0.177777            -0.0203271          -0.250185           -0.0337218          0.28153             
0.347769            25600               -0.0573202          0.178369            -0.0201202          -0.250669           -0.0354133          0.281379            
0.351246            25856               -0.055307           0.174034            -0.0197761          -0.244644           -0.0337126          0.274992            
0.354724            26112               -0.048952           0.164537            -0.0200131          -0.232238           -0.026545           0.262587            
0.358202            26368               -0.0499429          0.164159            -0.0189727          -0.231223           -0.028854           0.26101             
0.361679            26624               -0.050367           0.160968            -0.0182959          -0.225988           -0.03027            0.25483             
0.365157            26880               -0.0520308          0.159859            -0.0171851          -0.224823           -0.0338634          0.251672            
0.368635            27136               -0.0558475          0.162793            -0.0156966          -0.227825           -0.0398538          0.2539              
0.372112            27392               -0.0567333          0.162752            -0.0155419          -0.227673           -0.0413078          0.253204            
0.37559             27648               -0.0467764          0.151784            -0.0170116          -0.213341           -0.028153           0.240788            
0.379068            27904               -0.045873           0.146468            -0.016519           -0.206077           -0.0280428          0.231937            
0.382546            28160               -0.0441476          0.141171            -0.0156644          -0.198351           -0.027254           0.223504            
0.386023            28416               -0.0534657          0.14929             -0.0134635          -0.208758           -0.0402925          0.231177            
0.389501            28672               -0.0475429          0.145134            -0.0156631          -0.203451           -0.0304127          0.228159            
0.392979            28928               -0.0392353          0.139032            -0.0170037          -0.196416           -0.019927           0.223375            
0.396456            29184               -0.0482862          0.153348            -0.0164982          -0.215275           -0.0308951          0.242463            
0.399934            29440               -0.0579248          0.166977            -0.0155574          -0.233521           -0.0427346          0.259912            
0.403412            29696               -0.0576711          0.171255            -0.0172838          -0.239442           -0.0392693          0.267878            
0.406889            29952               -0.0507489          0.169918            -0.0197085          -0.239403           -0.0287263          0.27083             
0.410367            30208               -0.0454384          0.170136            -0.0217203          -0.240899           -0.0201065          0.275286            
0.413845            30464               -0.0452324          0.170871            -0.02237            -0.241852           -0.0191569          0.276809            
0.417322            30720               -0.0562432          0.18252             -0.0198973          -0.256448           -0.0345187          0.289446            
0.4208              30976               -0.0590591          0.18253             -0.0193747          -0.256041           -0.0382151          0.287413            
0.424278            31232               -0.0575185          0.181712            -0.0200772          -0.254819           -0.0355217          0.28707             
0.427755            31488               -0.0521642          0.177197            -0.021276           -0.24866            -0.0277108          0.282821            
0.431233            31744               -0.0477261          0.171252            -0.0214089          -0.241251           -0.0225455          0.275418            
0.434711            32000               -0.0583872          0.177529            -0.0198528          -0.247967           -0.0361049          0.278803            
0.438188            32256               -0.0606013          0.181356            -0.019173           -0.253188           -0.039665           0.284002            
0.441666            32512               -0.0471123          0.166874            -0.0218643          -0.234249           -0.0209118          0.267945            
0.445144            32768               -0.0545439          0.174494            -0.0202216          -0.244389           -0.0322169          0.276204            
0.448622            33024               -0.0583645          0.177609            -0.0200175          -0.247472           -0.0356907          0.27887             
0.452099            33280               -0.058725           0.176905            -0.01996            -0.246552           -0.0362666          0.277375            
0.455577            33536               -0.0621388          0.182822            -0.0194616          -0.253968           -0.0404321          0.285347            
0.459055            33792               -0.0435814          0.16664             -0.0233316          -0.234129           -0.0153584          0.270138            
0.462532            34048               -0.0490046          0.171444            -0.0222404          -0.240496           -0.022678           0.274801            
0.46601             34304               -0.0645595          0.18869             -0.019592           -0.262417           -0.0432503          0.29421             
0.469488            34560               -0.0470251          0.172264            -0.0229659          -0.242048           -0.0193767          0.277758            
0.472965            34816               -0.0447348          0.16662             -0.0217225          -0.234273           -0.0188862          0.269121            
0.476443            35072               -0.0515499          0.175945            -0.0207792          -0.246379           -0.0277728          0.280826            
0.479921            35328               -0.0586398          0.18137             -0.020004           -0.25327            -0.0363967          0.285445            
0.483398            35584               -0.060066           0.185164            -0.0203701          -0.258262           -0.0379009          0.291235            
0.486876            35840               -0.0536246          0.179464            -0.0216614          -0.251463           -0.0282564          0.285801            
0.490354            36096               -0.060036           0.188167            -0.0199026          -0.263069           -0.0382908          0.296625            
0.493831            36352               -0.0504181          0.179858            -0.0221453          -0.252364           -0.0246198          0.288805            
0.497309            36608               -0.0558524          0.18395             -0.0205383          -0.257933           -0.0327593          0.292166            
0.500787            36864               -0.0565             0.183538            -0.0210605          -0.257582           -0.0326639          0.291107            
0.504265            37120               -0.0547154          0.186309            -0.0223171          -0.261113           -0.0293047          0.297356            
0.507742            37376               -0.0581117          0.187708            -0.020421           -0.263281           -0.0363718          0.297364            
0.51122             37632               -0.0645438          0.192744            -0.0192329          -0.269213           -0.0445792          0.301605            
0.514698            37888               -0.0584002          0.187754            -0.0204787          -0.263183           -0.0363493          0.29722             
0.518175            38144               -0.0536616          0.181191            -0.0214914          -0.254453           -0.0294961          0.28896             
0.521653            38400               -0.0648234          0.191204            -0.0183457          -0.26739            -0.0466693          0.298635            
0.525131            38656               -0.0603307          0.188439            -0.020193           -0.263761           -0.0387262          0.297031            
0.528608            38912               -0.057987           0.181831            -0.0194498          -0.254932           -0.0377854          0.286857            
0.532086            39168               -0.0579083          0.182291            -0.0190548          -0.255306           -0.038042           0.287617            
0.535564            39424               -0.0544604          0.17584             -0.0188681          -0.247482           -0.0349079          0.278678            
0.539041            39680               -0.0553699          0.174836            -0.0186683          -0.245838           -0.0362532          0.276217            
0.542519            39936               -0.0584006          0.17716             -0.0180516          -0.248527           -0.0395066          0.278087            
0.545997            40192               -0.0513829          0.170063            -0.0188565          -0.2399             -0.0314198          0.270568            
0.549474            40448               -0.0487666          0.171924            -0.0200678          -0.243175           -0.0267266          0.275924            
0.552952            40704               -0.0471334          0.172661            -0.020146           -0.244917           -0.02542            0.278494            
0.55643             40960               -0.0555113          0.182569            -0.019173           -0.257473           -0.0354592          0.290081            
0.559907            41216               -0.0573306          0.183087            -0.0188586          -0.258151           -0.0381956          0.289731            
0.563385            41472               -0.0518838          0.180251            -0.0206332          -0.254541           -0.0298948          0.288678            
0.566863            41728               -0.0559721          0.184563            -0.0191171          -0.260767           -0.0367472          0.293434            
0.570341            41984               -0.0509341          0.178239            -0.0201326          -0.252417           -0.0294604          0.285798            
0.573818            42240               -0.0447591          0.170085            -0.0203674          -0.241524           -0.0225785          0.275595            
0.577296            42496               -0.0500039          0.172145            -0.0189678          -0.243603           -0.0299218          0.275383            
0.580774            42752               -0.0725125          0.195137            -0.0156249          -0.273192           -0.0588904          0.300156            
0.584251            43008               -0.0740278          0.20072             -0.0163351          -0.280308           -0.0594404          0.309015            
0.587729            43264               -0.0449031          0.178661            -0.0214086          -0.253787           -0.0209598          0.290914            
0.591207            43520               -0.0388345          0.172056            -0.022634           -0.246042           -0.0124885          0.283695            
0.594684            43776               -0.0526597          0.183256            -0.0208283          -0.259638           -0.0300749          0.293662            
0.598162            44032               -0.0634522          0.195693            -0.0195489          -0.275222           -0.0435932          0.307991            
0.60164             44288               -0.0674827          0.202298            -0.0178519          -0.28418            -0.0505349          0.316739            
0.605117            44544               -0.0588351          0.196263            -0.019559           -0.277251           -0.0385712          0.312346            
0.608595            44800               -0.0582392          0.190698            -0.0196107          -0.269596           -0.0383595          0.302911            
0.612073            45056               -0.0615921          0.193692            -0.0187677          -0.273024           -0.0424263          0.305693            
0.61555             45312               -0.0592424          0.188243            -0.0190257          -0.265576           -0.0394813          0.297656            
0.619028            45568               -0.0451275          0.172878            -0.0206532          -0.246128           -0.0219428          0.280461            
0.622506            45824               -0.0545411          0.18011             -0.0181051          -0.25442            -0.0356853          0.286297            
0.625984            46080               -0.0457113          0.169444            -0.0183562          -0.240983           -0.0263033          0.273611            
0.629461            46336               -0.0489315          0.166048            -0.0167806          -0.235233           -0.0317031          0.265009            
0.632939            46592               -0.0613514          0.173261            -0.013783           -0.243382           -0.049177           0.2687              
0.636417            46848               -0.0517636          0.165283            -0.0150087          -0.233538           -0.0370291          0.261385            
0.639894            47104               -0.0496556          0.164705            -0.0161344          -0.232811           -0.0328927          0.26194             
0.643372            47360               -0.0456443          0.161146            -0.0163904          -0.229214           -0.0285881          0.25862             
0.64685             47616               -0.0493037          0.166562            -0.0156756          -0.235978           -0.0332537          0.265526            
0.650327            47872               -0.0517024          0.172311            -0.0161359          -0.24398            -0.0354125          0.274198            
0.653805            48128               -0.0529661          0.176993            -0.0172236          -0.250666           -0.0349314          0.281821            
0.657283            48384               -0.0552733          0.181259            -0.0175129          -0.255828           -0.0379053          0.287782            
0.66076             48640               -0.0598219          0.189801            -0.0168911          -0.268003           -0.0432235          0.299834            
0.664238            48896               -0.054055           0.18828             -0.0193936          -0.266805           -0.0336436          0.301522            
0.667716            49152               -0.0476985          0.188029            -0.0214299          -0.267585           -0.0234754          0.305818            
0.671193            49408               -0.0559052          0.197704            -0.0197766          -0.279878           -0.035082           0.317039            
0.674671            49664               -0.0589395          0.200368            -0.0194166          -0.283445           -0.0386798          0.319645            
0.678149            49920               -0.059656           0.196968            -0.018877           -0.278399           -0.0401899          0.312995            
0.681626            50176               -0.0510331          0.188527            -0.0193718          -0.267843           -0.0301199          0.304084            
0.685104            50432               -0.0517012          0.184766            -0.0188636          -0.262085           -0.0311494          0.296772            
0.688582            50688               -0.0577106          0.185419            -0.0167009          -0.261893           -0.0408331          0.293396            
0.69206             50944               -0.0586594          0.185937            -0.0162305          -0.262225           -0.0427605          0.293552            
0.695537            51200               -0.0399029          0.165195            -0.0193617          -0.235695           -0.0177766          0.2702              
0.699015            51456               -0.0512483          0.169002            -0.0156171          -0.239696           -0.0355984          0.268591            
0.702493            51712               -0.0549791          0.16799             -0.0147595          -0.237196           -0.0404807          0.263961            
0.70597             51968               -0.0384254          0.150777            -0.0161466          -0.215773           -0.0206995          0.245202            
0.709448            52224               -0.0418997          0.153669            -0.0157525          -0.218935           -0.0246776          0.247791            
0.712926            52480               -0.0486183          0.159937            -0.0147483          -0.226785           -0.033729           0.254122            
0.716403            52736               -0.0371201          0.147854            -0.0164876          -0.211372           -0.0188809          0.240919            
0.719881            52992               -0.0397137          0.151194            -0.0156492          -0.215591           -0.022862           0.244924            
0.723359            53248               -0.0526931          0.162029            -0.0135809          -0.229656           -0.0393558          0.254936            
0.726836            53504               -0.0495617          0.164839            -0.0157767          -0.233586           -0.0333932          0.262359            
0.730314            53760               -0.0381945          0.154776            -0.0182302          -0.221252           -0.0175797          0.252778            
0.733792            54016               -0.0480177          0.16572             -0.0163685          -0.235789           -0.0306628          0.265213            
0.73727             54272               -0.0465624          0.167426            -0.0173316          -0.238472           -0.0273968          0.269399            
0.740747            54528               -0.0462562          0.168645            -0.0174294          -0.239889           -0.0275673          0.271752            
0.744225            54784               -0.0397845          0.159506            -0.0190171          -0.22846            -0.0180682          0.26033             
0.747703            55040               -0.0442221          0.162764            -0.017645           -0.232562           -0.0249782          0.262856            
0.75118             55296               -0.0545005          0.175172            -0.0161418          -0.247934           -0.0375599          0.277399            
0.754658            55552               -0.0496407          0.171943            -0.0172972          -0.244572           -0.0311353          0.275322            
0.758136            55808               -0.0441173          0.166422            -0.0185186          -0.237711           -0.02317            0.269537            
0.761613            56064               -0.0512031          0.170677            -0.0170629          -0.24245            -0.0332745          0.271926            
0.765091            56320               -0.0570823          0.17685             -0.0163523          -0.250516           -0.0413594          0.278769            
0.768569            56576               -0.0538994          0.173627            -0.0171188          -0.246901           -0.036111           0.275425            
0.772046            56832               -0.0512031          0.172293            -0.0182932          -0.245257           -0.031284           0.275057            
0.775524            57088               -0.0517126          0.174074            -0.0179567          -0.24786            -0.0326655          0.277867            
0.779002            57344               -0.0441231          0.16408             -0.0189311          -0.234998           -0.022698           0.26554             
0.782479            57600               -0.0527715          0.171036            -0.0164846          -0.243301           -0.0362011          0.271507            
0.785957            57856               -0.0498868          0.166144            -0.0166311          -0.236254           -0.0324291          0.264717            
0.789435            58112               -0.0525725          0.169948            -0.0163432          -0.241453           -0.035812           0.269608            
0.792912            58368               -0.0406783          0.154347            -0.0174335          -0.221727           -0.0218142          0.250442            
0.79639             58624               -0.0493755          0.163211            -0.0159101          -0.232298           -0.0324664          0.25976             
0.799868            58880               -0.0490024          0.159721            -0.0155091          -0.227674           -0.0330045          0.25381             
0.803346            59136               -0.054633           0.168546            -0.0154344          -0.239149           -0.0395238          0.26555             
0.806823            59392               -0.0481589          0.167147            -0.0174722          -0.238214           -0.0300135          0.26789             
0.810301            59648               -0.0370485          0.16003             -0.0194821          -0.23059            -0.0150426          0.26342             
0.813779            59904               -0.0524356          0.175517            -0.0174246          -0.249812           -0.0344073          0.27985             
0.817256            60160               -0.0473373          0.168835            -0.0190169          -0.240525           -0.0266013          0.271639            
0.820734            60416               -0.0540081          0.175736            -0.0171152          -0.249688           -0.0368541          0.27907             
0.824212            60672               -0.0557051          0.17818             -0.0168861          -0.252287           -0.038752           0.282078            
0.827689            60928               -0.047227           0.16922             -0.0182544          -0.241109           -0.027949           0.272312            
0.831167            61184               -0.0458798          0.16723             -0.0179701          -0.238394           -0.0268164          0.269655            
0.834645            61440               -0.0450516          0.16365             -0.0181021          -0.233773           -0.0257412          0.263943            
0.838122            61696               -0.0451535          0.160843            -0.0184971          -0.228755           -0.0248494          0.258722            
0.8416              61952               -0.0547775          0.170496            -0.0160108          -0.241308           -0.0395552          0.268913            
0.845078            62208               -0.0602505          0.177858            -0.0147387          -0.250885           -0.0467702          0.277994            
0.848555            62464               -0.0534887          0.172351            -0.0173022          -0.244117           -0.0359718          0.273284            
0.852033            62720               -0.0487689          0.171487            -0.018596           -0.243774           -0.0296697          0.275282            
0.855511            62976               -0.0456448          0.168724            -0.01922            -0.240472           -0.0249362          0.272645            
0.858989            63232               -0.0516744          0.176569            -0.0193279          -0.250489           -0.0314711          0.282376            
0.862466            63488               -0.0602935          0.186501            -0.0173516          -0.263279           -0.0437097          0.293753            
0.865944            63744               -0.0536176          0.182155            -0.0192236          -0.257904           -0.0336826          0.290889            
0.869422            64000               -0.0533544          0.182249            -0.0196256          -0.258099           -0.0335488          0.291339            
0.872899            64256               -0.0553262          0.180047            -0.017725           -0.254569           -0.0380792          0.285748            
0.876377            64512               -0.0540463          0.173083            -0.0171998          -0.244981           -0.0374741          0.274195            
0.879855            64768               -0.059701           0.175905            -0.0151243          -0.247782           -0.046092           0.274888            
0.883332            65024               -0.054419           0.171747            -0.0168417          -0.242368           -0.0377694          0.271358            
0.88681             65280               -0.0518882          0.168565            -0.0168117          -0.238215           -0.0353582          0.267468            
0.890288            65536               -0.0413337          0.154877            -0.0183402          -0.220872           -0.0222056          0.250804            
0.893765            65792               -0.0580148          0.168756            -0.0148172          -0.237378           -0.0445865          0.263193            
0.897243            66048               -0.0577563          0.172004            -0.0154808          -0.241771           -0.0437788          0.26922             
0.900721            66304               -0.0492515          0.166127            -0.0172832          -0.23507            -0.031925           0.265018            
0.904198            66560               -0.0466061          0.166881            -0.0183968          -0.236299           -0.027433           0.268312            
0.907676            66816               -0.0497532          0.172891            -0.0188401          -0.244889           -0.0301984          0.276966            
0.911154            67072               -0.0552855          0.179951            -0.0186215          -0.253552           -0.0370719          0.285558            
0.914631            67328               -0.0533059          0.179954            -0.0188259          -0.254485           -0.0347219          0.287096            
0.918109            67584               -0.0581902          0.186945            -0.0181209          -0.2634             -0.0409597          0.295977            
0.921587            67840               -0.0642772          0.194165            -0.0181447          -0.272698           -0.0474502          0.304563            
0.925065            68096               -0.056755           0.187557            -0.0195426          -0.264574           -0.0374865          0.298279            
0.928542            68352               -0.0590784          0.187877            -0.0190207          -0.264112           -0.0402409          0.297028            
0.93202             68608               -0.0600483          0.188361            -0.0176625          -0.265433           -0.0434507          0.297173            
0.935498            68864               -0.0602226          0.186897            -0.0181722          -0.263001           -0.042934           0.294459            
0.938975            69120               -0.0607107          0.18782             -0.0182016          -0.263918           -0.0432694          0.295696            
0.942453            69376               -0.0677102          0.195349            -0.0169602          -0.273185           -0.0522771          0.303955            
0.945931            69632               -0.0520794          0.180404            -0.0196699          -0.255115           -0.0319037          0.288821            
0.949408            69888               -0.0506958          0.17784             -0.019867           -0.2512             -0.0298583          0.285161            
0.952886            70144               -0.0529193          0.176103            -0.0184599          -0.248409           -0.0343148          0.280322            
0.956364            70400               -0.0567803          0.178457            -0.0178276          -0.250872           -0.0391135          0.281666            
0.959841            70656               -0.0511719          0.173331            -0.019              -0.24481            -0.0318948          0.276709            
0.963319            70912               -0.0573002          0.180879            -0.0176503          -0.254711           -0.0404937          0.285692            
0.966797            71168               -0.0575858          0.176686            -0.0169417          -0.248004           -0.041607           0.277794            
0.970275            71424               -0.0566316          0.173763            -0.0162276          -0.24421            -0.0410404          0.273177            
0.973752            71680               -0.0466304          0.161233            -0.0176791          -0.227945           -0.0285458          0.258087            
0.97723             71936               -0.0581375          0.174578            -0.016728           -0.244975           -0.0418802          0.273613            
0.980708            72192               -0.0560423          0.173283            -0.0177556          -0.243661           -0.0386542          0.27297             
0.984185            72448               -0.0426988          0.163624            -0.0200617          -0.232194           -0.0209532          0.265477            
0.987663            72704               -0.0456451          0.166816            -0.0196636          -0.23647            -0.0248653          0.269085            
0.991141            72960               -0.0587938          0.179035            -0.0178             -0.251637           -0.0413865          0.281326            
0.994618            73216               -0.0542761          0.176921            -0.0194559          -0.249268           -0.0343312          0.280949            
0.998096            73472               -0.0511385          0.172583            -0.0204485          -0.243573           -0.0295004          0.275561            
1.00157             73728               -0.0518662          0.177946            -0.0207038          -0.251481           -0.0302182          0.284726            
1.00505             73984               -0.0566252          0.183927            -0.0201976          -0.259151           -0.0352997          0.29192             
1.00853             74240               -0.0549032          0.182335            -0.0209831          -0.257581           -0.032414           0.290481            
1.01201             74496               -0.0509886          0.180149            -0.0224158          -0.254978           -0.0264377          0.28953             
1.01548             74752               -0.0588466          0.185838            -0.0202057          -0.261704           -0.0377461          0.293812            
1.01896             75008               -0.0535035          0.1782              -0.021826           -0.25138            -0.0298913          0.28414             
1.02244             75264               -0.0483333          0.171906            -0.0227676          -0.243582           -0.0224782          0.276724            
1.02592             75520               -0.0482688          0.168877            -0.0217588          -0.239203           -0.0241224          0.271229            
1.0294              75776               -0.0464682          0.163134            -0.0212796          -0.231198           -0.0224176          0.262167            
1.03287             76032               -0.0580131          0.170291            -0.0176397          -0.239354           -0.0402464          0.266273            
1.03635             76288               -0.0523255          0.162879            -0.0185049          -0.22946            -0.0327177          0.257131            
1.03983             76544               -0.0441011          0.154986            -0.0201548          -0.219687           -0.0213319          0.249089            
1.04331             76800               -0.0573457          0.167134            -0.0179511          -0.235087           -0.03882            0.261163            
1.04678             77056               -0.0536345          0.167592            -0.0184953          -0.235977           -0.0337511          0.264565            
1.05026             77312               -0.0416378          0.157949            -0.0212768          -0.224259           -0.0170094          0.256212            
1.05374             77568               -0.0383549          0.153196            -0.0211187          -0.21838            -0.0143088          0.250117            
1.05722             77824               -0.0484975          0.159921            -0.019323           -0.226831           -0.0277103          0.254814            
1.06069             78080               -0.0605568          0.175337            -0.0178041          -0.246553           -0.0424139          0.273516            
1.06417             78336               -0.0557443          0.180147            -0.0204486          -0.254037           -0.0338212          0.285809            
1.06765             78592               -0.0480987          0.174644            -0.0220656          -0.247772           -0.0232836          0.281658            
1.07113             78848               -0.0486619          0.175922            -0.022244           -0.249974           -0.0235601          0.283642            
1.07461             79104               -0.0479027          0.176155            -0.0227287          -0.249925           -0.0218239          0.284562            
1.07808             79360               -0.0444269          0.174177            -0.0230891          -0.247729           -0.0180766          0.28356             
1.08156             79616               -0.0480324          0.174468            -0.0218698          -0.248019           -0.0236836          0.281468            
1.08504             79872               -0.0638658          0.186416            -0.0182132          -0.262081           -0.0459219          0.291058            
1.08852             80128               -0.0545594          0.177598            -0.019825           -0.25117            -0.033375           0.282125            
1.09199             80384               -0.0526913          0.178334            -0.0205472          -0.25218            -0.0303929          0.284794            
1.09547             80640               -0.0500935          0.174211            -0.0199945          -0.246525           -0.028393           0.279161            
1.09895             80896               -0.050258           0.172081            -0.0203317          -0.243463           -0.0280585          0.275304            
1.10243             81152               -0.0420279          0.161249            -0.0212396          -0.229103           -0.0178097          0.261863            
1.1059              81408               -0.044771           0.163329            -0.0199034          -0.231591           -0.0226633          0.26346             
1.10938             81664               -0.049715           0.163736            -0.0187796          -0.231595           -0.0294274          0.260598            
1.11286             81920               -0.0492541          0.163423            -0.0190764          -0.230728           -0.028576           0.260316            
1.11634             82176               -0.046789           0.162822            -0.0197686          -0.230211           -0.0241912          0.261023            
1.11981             82432               -0.0484552          0.167989            -0.0197235          -0.237597           -0.0269351          0.269151            
1.12329             82688               -0.0426953          0.161785            -0.0212561          -0.230114           -0.0188568          0.262453            
1.12677             82944               -0.0496464          0.166531            -0.0202042          -0.235648           -0.0270957          0.265837            
1.13025             83200               -0.0511691          0.168982            -0.0199348          -0.238687           -0.0291644          0.269063            
1.13373             83456               -0.0479178          0.165314            -0.0205388          -0.234084           -0.0250776          0.264933            
1.1372              83712               -0.0501932          0.172181            -0.0204534          -0.243408           -0.0275702          0.275534            
1.14068             83968               -0.045513           0.167035            -0.0217712          -0.236541           -0.0203349          0.269778            
1.14416             84224               -0.0511679          0.172099            -0.0206762          -0.243259           -0.0283355          0.274764            
1.14764             84480               -0.0531511          0.172755            -0.0198512          -0.243239           -0.0315201          0.274308            
1.15111             84736               -0.056505           0.178458            -0.0192859          -0.25133            -0.0365474          0.282156            
1.15459             84992               -0.0494348          0.171753            -0.0214637          -0.243023           -0.0254831          0.275476            
1.15807             85248               -0.0488943          0.17474             -0.0221099          -0.247335           -0.0241596          0.281266            
1.16155             85504               -0.0458201          0.173523            -0.0228653          -0.245891           -0.0198193          0.281328            
1.16502             85760               -0.0453804          0.170997            -0.0233672          -0.242551           -0.0187319          0.277242            
1.1685              86016               -0.0557069          0.182176            -0.020779           -0.256787           -0.0333515          0.289543            
1.17198             86272               -0.0489589          0.176579            -0.0223907          -0.249878           -0.0239518          0.284534            
1.17546             86528               -0.0565395          0.183469            -0.0210984          -0.25839            -0.0336625          0.291271            
1.17894             86784               -0.0584275          0.188839            -0.0210848          -0.265818           -0.0358631          0.29953             
1.18241             87040               -0.0556561          0.183614            -0.0214559          -0.258759           -0.0324094          0.292204            
1.18589             87296               -0.055994           0.184228            -0.021246           -0.259803           -0.0328403          0.293072            
1.18937             87552               -0.0598325          0.187068            -0.0199334          -0.263087           -0.0394352          0.295246            
1.19285             87808               -0.0579354          0.184737            -0.0196822          -0.259531           -0.0371003          0.292271            
1.19632             88064               -0.038829           0.162538            -0.0229754          -0.231544           -0.0122969          0.266714            
1.1998              88320               -0.0417215          0.158338            -0.0209522          -0.225293           -0.0182136          0.256965            
1.20328             88576               -0.053446           0.167905            -0.0182233          -0.236995           -0.0343898          0.265387            
1.20676             88832               -0.0620183          0.174855            -0.0169629          -0.245442           -0.0454171          0.27156             
1.21023             89088               -0.05648            0.176631            -0.0188471          -0.248721           -0.037061           0.27885             
1.21371             89344               -0.0442251          0.166345            -0.0211892          -0.23616            -0.0202468          0.26946             
1.21719             89600               -0.0409728          0.160514            -0.0214929          -0.229101           -0.0162012          0.261531            
1.22067             89856               -0.054233           0.169968            -0.0181879          -0.240258           -0.0354461          0.268584            
1.22415             90112               -0.0514404          0.167144            -0.0185927          -0.23616            -0.0319065          0.265477            
1.22762             90368               -0.0447336          0.159966            -0.0198325          -0.226783           -0.0227144          0.257521            
1.2311              90624               -0.0495959          0.161556            -0.0186838          -0.228639           -0.029437           0.256842            
1.23458             90880               -0.0601515          0.170271            -0.0164509          -0.239423           -0.0442091          0.264665            
1.23806             91136               -0.0575542          0.170599            -0.0177947          -0.240113           -0.0394565          0.267222            
1.24153             91392               -0.0389167          0.154262            -0.020571           -0.220011           -0.0153992          0.251612            
1.24501             91648               -0.041846           0.154466            -0.0198437          -0.220257           -0.0197036          0.249904            
1.24849             91904               -0.0546355          0.167832            -0.0176326          -0.237416           -0.0366144          0.264464            
1.25197             92160               -0.0544848          0.167968            -0.0181294          -0.237027           -0.0357321          0.264768            
1.25544             92416               -0.0494324          0.165125            -0.018998           -0.234441           -0.0293615          0.26349             
1.25892             92672               -0.0380726          0.15485             -0.0215427          -0.221218           -0.0129951          0.253423            
1.2624              92928               -0.0494585          0.166191            -0.0186446          -0.236255           -0.0297257          0.265379            
1.26588             93184               -0.0443035          0.156163            -0.0194149          -0.222517           -0.0229403          0.251179            
1.26936             93440               -0.0539752          0.168143            -0.017768           -0.2382             -0.0359907          0.265556            
1.27283             93696               -0.0585466          0.177213            -0.0168741          -0.250712           -0.0418834          0.278426            
1.27631             93952               -0.0507738          0.173546            -0.019641           -0.246196           -0.029994           0.277649            
1.27979             94208               -0.0482569          0.171268            -0.0196082          -0.243923           -0.0272264          0.275457            
1.28327             94464               -0.0491926          0.172951            -0.0201158          -0.246048           -0.0271898          0.277841            
1.28674             94720               -0.0491999          0.17045             -0.0192467          -0.242781           -0.02883            0.273337            
1.29022             94976               -0.054654           0.173342            -0.0174287          -0.24543            -0.037684           0.274321            
1.2937              95232               -0.0609346          0.179313            -0.016294           -0.252632           -0.0452546          0.280307            
1.29718             95488               -0.058412           0.179898            -0.0174573          -0.254075           -0.0410954          0.283332            
1.30065             95744               -0.0460673          0.165996            -0.018987           -0.236468           -0.0257232          0.26748             
1.30413             96000               -0.0550527          0.174732            -0.017517           -0.246974           -0.0372049          0.276436            
1.30761             96256               -0.0538473          0.171854            -0.0179319          -0.242855           -0.0351291          0.272174            
1.31109             96512               -0.0531526          0.175037            -0.0186876          -0.247408           -0.0328055          0.278398            
1.31457             96768               -0.0500479          0.17524             -0.0202138          -0.247661           -0.0277255          0.281063            
1.31804             97024               -0.0505091          0.174252            -0.0194657          -0.246868           -0.0292506          0.279006            
1.32152             97280               -0.0585803          0.183337            -0.0181996          -0.257882           -0.0395704          0.289229            
1.325               97536               -0.0538827          0.175519            -0.0195467          -0.247471           -0.0325094          0.278779            
1.32848             97792               -0.0411033          0.165891            -0.0228109          -0.23665            -0.014234           0.271215            
1.33195             98048               -0.0427773          0.167244            -0.0221866          -0.238049           -0.0169234          0.272321            
1.33543             98304               -0.0553864          0.178855            -0.0202054          -0.252521           -0.0329499          0.283857            
1.33891             98560               -0.0480428          0.173939            -0.0217299          -0.246465           -0.023276           0.280439            
1.34239             98816               -0.0502862          0.177228            -0.0214491          -0.250851           -0.0260646          0.284698            
1.34586             99072               -0.0562569          0.1816              -0.0201829          -0.25614            -0.0341878          0.288123            
1.34934             99328               -0.0606284          0.185874            -0.0202891          -0.260358           -0.0385955          0.292454            
1.35282             99584               -0.0456286          0.172264            -0.0226467          -0.244194           -0.0192479          0.279209            
1.3563              99840               -0.0505615          0.178284            -0.0220269          -0.251867           -0.0258424          0.286391            
1.35978             100096              -0.0521963          0.177826            -0.0214073          -0.251123           -0.027714           0.284335            
1.36325             100352              -0.0530258          0.178863            -0.0211809          -0.252256           -0.0292956          0.285535            
1.36673             100608              -0.05054            0.176543            -0.021399           -0.249415           -0.0265825          0.283204            
1.37021             100864              -0.050199           0.175798            -0.0213029          -0.24852            -0.0257067          0.282097            
1.37369             101120              -0.0624931          0.187696            -0.0189759          -0.263093           -0.0422801          0.294258            
1.37716             101376              -0.0483419          0.174319            -0.0215372          -0.246832           -0.0232146          0.280802            
1.38064             101632              -0.0553092          0.185337            -0.0209467          -0.261328           -0.0319693          0.295448            
1.38412             101888              -0.0486753          0.179037            -0.0227014          -0.253099           -0.0217925          0.289044            
1.3876              102144              -0.046059           0.176302            -0.0231332          -0.24939            -0.0182108          0.286013            
1.39107             102400              -0.047279           0.173456            -0.021966           -0.245903           -0.0218186          0.280096            
1.39455             102656              -0.0536621          0.177349            -0.0193321          -0.250098           -0.0323437          0.282129            
1.39803             102912              -0.0499233          0.170629            -0.0197524          -0.240738           -0.0276574          0.272761            
1.40151             103168              -0.0377675          0.157891            -0.0216022          -0.224277           -0.0117283          0.258804            
1.40499             103424              -0.0471267          0.161478            -0.0189863          -0.227724           -0.0257744          0.258245            
1.40846             103680              -0.0519425          0.163992            -0.016972           -0.230606           -0.0339091          0.259091            
1.41194             103936              -0.047594           0.159447            -0.0176018          -0.224733           -0.0280149          0.254103            
1.41542             104192              -0.0456504          0.16018             -0.0185081          -0.226634           -0.0251712          0.257036            
1.4189              104448              -0.0444012          0.159106            -0.0193165          -0.225047           -0.0225096          0.256056            
1.42237             104704              -0.0432452          0.157165            -0.0196769          -0.222265           -0.0210038          0.253432            
1.42585             104960              -0.0373167          0.15266             -0.020677           -0.217243           -0.0125267          0.249769            
1.42933             105216              -0.0411855          0.156854            -0.0197045          -0.22256            -0.0184122          0.254399            
1.43281             105472              -0.0534149          0.16731             -0.017606           -0.235479           -0.034866           0.26417             
1.43628             105728              -0.0522582          0.165344            -0.017983           -0.232667           -0.0329577          0.261488            
1.43976             105984              -0.0504694          0.166767            -0.0190395          -0.235438           -0.0293888          0.265497            
1.44324             106240              -0.0492971          0.169062            -0.0199271          -0.238881           -0.0272685          0.27054             
1.44672             106496              -0.0468133          0.168219            -0.0201678          -0.237847           -0.0242543          0.27077             
1.4502              106752              -0.0589314          0.17696             -0.0181995          -0.24824            -0.0400841          0.277549            
1.45367             107008              -0.0516319          0.169134            -0.0195834          -0.238482           -0.0307376          0.268983            
1.45715             107264              -0.0400754          0.157887            -0.0214666          -0.224257           -0.0147248          0.25727             
1.46063             107520              -0.0486259          0.165497            -0.0196258          -0.233828           -0.0274391          0.264625            
1.46411             107776              -0.0536104          0.168871            -0.0191609          -0.237625           -0.0330427          0.267017            
1.46758             108032              -0.041566           0.15734             -0.0211688          -0.223119           -0.0173934          0.255213            
1.47106             108288              -0.0429655          0.159732            -0.0211943          -0.226911           -0.0188304          0.258606            
1.47454             108544              -0.058935           0.176463            -0.0191742          -0.247826           -0.0386758          0.276841            
1.47802             108800              -0.0523698          0.177753            -0.0219202          -0.251179           -0.0278812          0.28421             
1.48149             109056              -0.0557363          0.185469            -0.0222258          -0.261755           -0.0310003          0.295644            
1.48497             109312              -0.0601318          0.192791            -0.0222675          -0.271955           -0.0358987          0.305696            
1.48845             109568              -0.0538475          0.189464            -0.0240363          -0.267691           -0.0265286          0.304321            
1.49193             109824              -0.051393           0.184885            -0.023139           -0.261913           -0.0249618          0.297811            
1.49541             110080              -0.0596463          0.189817            -0.020952           -0.267792           -0.0372841          0.300558            
1.49888             110336              -0.0594609          0.18617             -0.0208769          -0.262434           -0.0368958          0.294126            
1.50236             110592              -0.0527133          0.178265            -0.0216727          -0.252018           -0.0284184          0.284847            
1.50584             110848              -0.0409887          0.158226            -0.0218071          -0.225861           -0.0155491          0.257485            
1.50932             111104              -0.0523306          0.166073            -0.0184996          -0.23425            -0.0320648          0.262863            
1.51279             111360              -0.0540932          0.16787             -0.0172096          -0.236582           -0.0360515          0.264664            
1.51627             111616              -0.0455674          0.154376            -0.0184361          -0.218353           -0.0254447          0.246719            
1.51975             111872              -0.043376           0.149593            -0.0174275          -0.212276           -0.0241124          0.239652            
1.52323             112128              -0.0477901          0.153034            -0.0164396          -0.216439           -0.0304967          0.242551            
1.5267              112384              -0.0451897          0.151674            -0.0168256          -0.214989           -0.0268209          0.242002            
1.53018             112640              -0.046707           0.156163            -0.0173358          -0.221045           -0.0275875          0.248975            
1.53366             112896              -0.0538277          0.165787            -0.0167619          -0.234179           -0.036507           0.261158            
1.53714             113152              -0.0633831          0.181908            -0.0163879          -0.255826           -0.0478721          0.283167            
1.54062             113408              -0.0479487          0.175077            -0.0214394          -0.248158           -0.0233626          0.282425            
1.54409             113664              -0.0453624          0.176086            -0.0221418          -0.250907           -0.0198219          0.2863              
1.54757             113920              -0.0442938          0.176678            -0.0225089          -0.252087           -0.0182529          0.288193            
1.55105             114176              -0.0398847          0.16771             -0.0231764          -0.239702           -0.012722           0.275362            
1.55453             114432              -0.0589737          0.185094            -0.0184857          -0.261631           -0.0402722          0.292343            
1.558               114688              -0.0528856          0.178898            -0.0198662          -0.253628           -0.0312323          0.285728            
1.56148             114944              -0.0510841          0.175631            -0.0196335          -0.249674           -0.0295142          0.281202            
1.56496             115200              -0.0490861          0.173217            -0.0198116          -0.246062           -0.0271066          0.278243            
1.56844             115456              -0.049155           0.171582            -0.0189832          -0.244167           -0.0286503          0.275267            
1.57191             115712              -0.0532568          0.176174            -0.0189367          -0.249646           -0.0329107          0.280483            
1.57539             115968              -0.055522           0.177327            -0.0182949          -0.250569           -0.0365             0.280799            
1.57887             116224              -0.0535885          0.174446            -0.0171871          -0.246993           -0.0358415          0.276905            
1.58235             116480              -0.0530068          0.172926            -0.0172723          -0.24498            -0.0353288          0.27464             
1.58582             116736              -0.0462705          0.163681            -0.018856           -0.233055           -0.0253593          0.263127            
1.5893              116992              -0.0485959          0.165733            -0.0180791          -0.235444           -0.0292581          0.265025            
1.59278             117248              -0.0467934          0.163136            -0.018345           -0.232197           -0.0268632          0.261733            
1.59626             117504              -0.0568201          0.176771            -0.0166488          -0.249746           -0.0402287          0.278698            
1.59974             117760              -0.0412097          0.162896            -0.0210486          -0.232266           -0.0167881          0.26549             
1.60321             118016              -0.0411324          0.162165            -0.0205763          -0.231931           -0.017875           0.26433             
1.60669             118272              -0.0457538          0.165244            -0.0187242          -0.235213           -0.0251548          0.266248            
1.61017             118528              -0.0608452          0.175567            -0.0155157          -0.247345           -0.0462874          0.273582            
1.61365             118784              -0.0515009          0.167793            -0.0173447          -0.237691           -0.0332007          0.266511            
1.61712             119040              -0.0340777          0.150552            -0.0204935          -0.215807           -0.00960009         0.248432            
1.6206              119296              -0.0478045          0.160394            -0.0167375          -0.227975           -0.0305205          0.255909            
1.62408             119552              -0.0476079          0.159907            -0.0171291          -0.227004           -0.0293814          0.255161            
1.62756             119808              -0.0433358          0.157516            -0.0180927          -0.224343           -0.0230558          0.254031            
1.63103             120064              -0.0435096          0.155146            -0.0182803          -0.221035           -0.0234728          0.24975             
1.63451             120320              -0.0391574          0.149773            -0.01886            -0.214181           -0.01776            0.243319            
1.63799             120576              -0.0540967          0.16726             -0.0158142          -0.236524           -0.0385965          0.263548            
1.64147             120832              -0.0525401          0.168261            -0.0169133          -0.238312           -0.0346371          0.266565            
1.64495             121088              -0.0423436          0.157921            -0.0198923          -0.225584           -0.0197462          0.25579             
1.64842             121344              -0.053908           0.175803            -0.0186855          -0.249374           -0.0338546          0.279384            
1.6519              121600              -0.0550904          0.183681            -0.0203992          -0.260522           -0.0329088          0.292851            
1.65538             121856              -0.0581833          0.192653            -0.0213902          -0.273241           -0.0349566          0.306881            
1.65886             122112              -0.0499305          0.187837            -0.0233237          -0.267742           -0.0236704          0.304383            
1.66233             122368              -0.0535598          0.191851            -0.022801           -0.273043           -0.0278171          0.308928            
1.66581             122624              -0.0557955          0.192812            -0.0224479          -0.273742           -0.0307691          0.308966            
1.66929             122880              -0.0524513          0.187108            -0.0220461          -0.266321           -0.0280193          0.301145            
1.67277             123136              -0.0545275          0.184942            -0.0208776          -0.262868           -0.0317238          0.295663            
1.67624             123392              -0.0554921          0.18291             -0.020273           -0.25944            -0.0339652          0.291232            
1.67972             123648              -0.0585337          0.180648            -0.0184254          -0.255525           -0.0393434          0.284757            
1.6832              123904              -0.0544274          0.177454            -0.0195408          -0.251533           -0.0329289          0.282074            
1.68668             124160              -0.0426121          0.164215            -0.0214106          -0.234815           -0.017714           0.267093            
1.69016             124416              -0.0369285          0.154285            -0.0214341          -0.221175           -0.0114212          0.253319            
1.69363             124672              -0.051386           0.164283            -0.0174469          -0.232882           -0.0329759          0.26041             
1.69711             124928              -0.0538483          0.165146            -0.0169534          -0.233839           -0.0361669          0.260164            
1.70059             125184              -0.0478187          0.16167             -0.0198768          -0.229339           -0.025456           0.258509            
1.70407             125440              -0.0471822          0.166595            -0.020299           -0.237014           -0.0245146          0.267897            
1.70754             125696              -0.0568969          0.176069            -0.019128           -0.248531           -0.0363974          0.277702            
1.71102             125952              -0.0512704          0.171678            -0.0207198          -0.243439           -0.0276425          0.27407             
1.7145              126208              -0.051936           0.175092            -0.0212106          -0.248067           -0.0277978          0.279728            
1.71798             126464              -0.0503478          0.173744            -0.0215627          -0.246236           -0.025323           0.278441            
1.72145             126720              -0.0541162          0.177714            -0.0203382          -0.251804           -0.0314683          0.28281             
1.72493             126976              -0.0520341          0.174556            -0.0208366          -0.247538           -0.028805           0.278704            
1.72841             127232              -0.0408877          0.164169            -0.0227687          -0.234557           -0.0136633          0.268282            
1.73189             127488              -0.0485498          0.17129             -0.0208182          -0.243876           -0.0250822          0.275411            
1.73537             127744              -0.0537076          0.176345            -0.0203306          -0.250107           -0.0315305          0.280713            
1.73884             128000              -0.0548172          0.180579            -0.0206466          -0.256054           -0.0323562          0.287539            
1.74232             128256              -0.0440589          0.170195            -0.0225683          -0.243091           -0.0173254          0.276851            
1.7458              128512              -0.0483581          0.17324             -0.0216909          -0.246933           -0.0235604          0.279185            
1.74928             128768              -0.0464485          0.171889            -0.0223001          -0.245214           -0.0208622          0.278203            
1.75275             129024              -0.0573626          0.183797            -0.0193182          -0.260545           -0.0374273          0.291392            
1.75623             129280              -0.0580783          0.18355             -0.0199767          -0.260296           -0.0366251          0.290561            
1.75971             129536              -0.0472955          0.174054            -0.023201           -0.248195           -0.0203799          0.281596            
1.76319             129792              -0.0477918          0.172033            -0.0216814          -0.245003           -0.0232586          0.27741             
1.76666             130048              -0.0598389          0.179246            -0.0178653          -0.25353            -0.0418205          0.281325            
1.77014             130304              -0.0586749          0.175307            -0.0178138          -0.247902           -0.0400132          0.27506             
1.77362             130560              -0.0460543          0.165055            -0.0205656          -0.234649           -0.0223606          0.265902            
1.7771              130816              -0.051451           0.167657            -0.0192248          -0.237665           -0.0302266          0.266601            
1.78058             131072              -0.0588112          0.176603            -0.0178745          -0.249277           -0.0405288          0.277209            
1.78405             131328              -0.054057           0.171372            -0.0188037          -0.242075           -0.0335543          0.271247            
1.78753             131584              -0.0655356          0.182611            -0.0173318          -0.256362           -0.0483967          0.283034            
1.79101             131840              -0.0516136          0.171728            -0.0207508          -0.243172           -0.0277981          0.273869            
1.79449             132096              -0.0479117          0.171482            -0.0223269          -0.243843           -0.0223318          0.276345            
1.79796             132352              -0.0491307          0.174358            -0.0226603          -0.247185           -0.0227348          0.28054             
1.80144             132608              -0.0451014          0.170522            -0.0224739          -0.242761           -0.0190346          0.276591            
1.80492             132864              -0.0511914          0.173652            -0.0212611          -0.246217           -0.0270146          0.277696            
1.8084              133120              -0.0503523          0.170461            -0.0213836          -0.241621           -0.0261681          0.272589            
1.81187             133376              -0.0440674          0.164252            -0.0223963          -0.233503           -0.0175592          0.266005            
1.81535             133632              -0.0492868          0.167791            -0.0207187          -0.238237           -0.0260417          0.268526            
1.81883             133888              -0.0568696          0.17323             -0.0189737          -0.244596           -0.0369291          0.272632            
1.82231             134144              -0.0488571          0.167035            -0.0202523          -0.237144           -0.0259767          0.26739             
1.82579             134400              -0.0505197          0.168718            -0.0206732          -0.23888            -0.0275564          0.269223            
1.82926             134656              -0.0481695          0.165949            -0.0203588          -0.235619           -0.0253102          0.265938            
1.83274             134912              -0.0558655          0.174459            -0.019324           -0.246248           -0.0354391          0.275512            
1.83622             135168              -0.0503545          0.170151            -0.0195562          -0.241104           -0.0287857          0.271749            
1.8397              135424              -0.0525188          0.167511            -0.0188366          -0.23697            -0.0321824          0.265425            
1.84317             135680              -0.0526147          0.16708             -0.0186828          -0.236678           -0.0324155          0.264626            
1.84665             135936              -0.0479489          0.164925            -0.0193795          -0.234234           -0.0269007          0.264155            
1.85013             136192              -0.0544825          0.171109            -0.0176468          -0.241949           -0.0359364          0.270324            
1.85361             136448              -0.0618762          0.179816            -0.0167596          -0.253242           -0.0450237          0.280532            
1.85708             136704              -0.0485399          0.16825             -0.0195383          -0.239392           -0.0268829          0.269766            
1.86056             136960              -0.0410024          0.163524            -0.0209408          -0.233944           -0.0169266          0.266849            
1.86404             137216              -0.0569432          0.175746            -0.0172921          -0.249139           -0.0393121          0.276993            
1.86752             137472              -0.062434           0.181918            -0.0165266          -0.256674           -0.0464659          0.283978            
1.871               137728              -0.0605311          0.181232            -0.0165875          -0.256041           -0.0445789          0.284117            
1.87447             137984              -0.046229           0.167825            -0.0191732          -0.239721           -0.0247619          0.270696            
1.87795             138240              -0.0472016          0.169085            -0.0191674          -0.241839           -0.0264873          0.272374            
1.88143             138496              -0.0536901          0.174225            -0.0175431          -0.247413           -0.0359186          0.276635            
1.88491             138752              -0.0402707          0.162465            -0.0195012          -0.232678           -0.0185448          0.265358            
1.88838             139008              -0.0452385          0.165465            -0.0184631          -0.236806           -0.0252891          0.267185            
1.89186             139264              -0.0506184          0.168973            -0.0170227          -0.240978           -0.0333374          0.269475            
1.89534             139520              -0.0541944          0.172981            -0.0166282          -0.245789           -0.0371885          0.273973            
1.89882             139776              -0.0432791          0.165173            -0.0190473          -0.236535           -0.0227203          0.26812             
1.90229             140032              -0.0526297          0.174925            -0.0172351          -0.248934           -0.034983           0.278664            
1.90577             140288              -0.0463777          0.170917            -0.0198107          -0.24429            -0.0247407          0.276292            
1.90925             140544              -0.0505878          0.176158            -0.0192798          -0.250918           -0.0297282          0.28255             
1.91273             140800              -0.0569865          0.186611            -0.0179438          -0.264737           -0.0388054          0.296502            
1.91621             141056              -0.0553719          0.185201            -0.01913            -0.262966           -0.0354156          0.29529             
1.91968             141312              -0.0519848          0.180791            -0.0198518          -0.257017           -0.0310436          0.289892            
1.92316             141568              -0.0539953          0.180582            -0.0183124          -0.256489           -0.0350707          0.287897            
1.92664             141824              -0.0515811          0.175881            -0.0187196          -0.250146           -0.0319574          0.281268            
1.93012             142080              -0.044936           0.168773            -0.0198482          -0.240931           -0.0230348          0.273387            
1.93359             142336              -0.0468488          0.168127            -0.0189696          -0.239832           -0.0264016          0.270798            
1.93707             142592              -0.0524548          0.175478            -0.0179289          -0.248909           -0.0339904          0.279726            
1.94055             142848              -0.04844            0.169736            -0.0183273          -0.241598           -0.0292891          0.272425            
1.94403             143104              -0.0541038          0.173274            -0.0167915          -0.245584           -0.0376607          0.274508            
1.9475              143360              -0.0514866          0.172426            -0.0176225          -0.244564           -0.0333702          0.274895            
1.95098             143616              -0.050282           0.17088             -0.0176961          -0.24264            -0.0318801          0.273009            
1.95446             143872              -0.0386306          0.159343            -0.0194348          -0.228431           -0.0171565          0.260953            
1.95794             144128              -0.054378           0.173336            -0.0163622          -0.245328           -0.0385132          0.274309            
1.96142             144384              -0.0579394          0.17558             -0.0160641          -0.247924           -0.0422535          0.275737            
1.96489             144640              -0.0420003          0.158737            -0.0185816          -0.226597           -0.0217381          0.257289            
1.96837             144896              -0.0478766          0.165714            -0.0169263          -0.235661           -0.0303752          0.265369            
1.97185             145152              -0.0595399          0.177782            -0.0155142          -0.250685           -0.0451134          0.278435            
1.97533             145408              -0.056834           0.17742             -0.016539           -0.250427           -0.0407702          0.279797            
1.9788              145664              -0.0379911          0.156634            -0.0197371          -0.224201           -0.0158623          0.256492            
1.98228             145920              -0.0474533          0.161356            -0.0165112          -0.229282           -0.0305691          0.257789            
1.98576             146176              -0.0540213          0.166606            -0.0154822          -0.235689           -0.0392304          0.262396            
1.98924             146432              -0.0472967          0.162361            -0.0175415          -0.230334           -0.0290123          0.25976             
1.99271             146688              -0.0367591          0.154526            -0.0197015          -0.221471           -0.0144506          0.253602            
1.99619             146944              -0.0397786          0.159527            -0.0191656          -0.228116           -0.0186665          0.260328            
1.99967             147200              -0.0513816          0.171322            -0.0174148          -0.242688           -0.0337189          0.272884            
