#Time               nTime               force-x             force-y             force-z             moment-x            moment-y            moment-z            
0                   0                   7.24308e-05         -0.000129317        0.00726557          2.69006e-05         -0.00843288         -0.000244815        
0.00347769          256                 614.573             -7.14402            -1989.59            -0.64946            14492.5             -5.54969            
0.00695537          512                 -30.8409            28.6743             330.997             -104.755            2736.85             50.5823             
0.0104331           768                 -212.979            -12.468             1601.94             16.0696             -7797.39            -12.5084            
0.0139107           1024                -23.868             -21.7001            -2296.8             84.6368             1785.47             -46.0737            
0.0173884           1280                1.18301             16.2406             -1994.24            -63.2793            5628.82             26.9095             
0.0208661           1536                73.5061             7.69865             -27.3179            -38.4802            -332.397            15.7899             
0.0243438           1792                2.12125             0.38382             1213.8              13.6909             -2571.58            0.463659            
0.0278215           2048                -31.9189            10.4125             179.243             -31.83              -212.74             17.9387             
0.0312992           2304                37.9054             -2.93074            -405.438            -10.8283            1047.2              -5.49054            
0.0347769           2560                45.735              -5.98525            -924.502            34.9746             2007.98             -8.53091            
0.0382545           2816                5.84904             2.59771             -420.786            -10.3835            970.639             2.19471             
0.0417322           3072                -6.21               2.06274             52.3034             -10.1803            -299.679            2.64914             
0.0452099           3328                14.2295             2.22528             13.436              -10.9051            -22.562             4.1733              
0.0486876           3584                11.6568             2.0566              -82.591             -7.16138            273.616             3.42821             
0.0521653           3840                -2.16019            -0.0796168          -148.314            1.59747             162.104             0.265078            
0.055643            4096                5.49001             0.639054            -218.48             -2.57892            296.174             1.04396             
0.0591207           4352                11.1909             1.08522             -243.418            -3.74441            488.379             1.7667              
0.0625984           4608                9.51829             1.53394             -155.486            -5.84652            298.659             2.46707             
0.066076            4864                8.07176             1.35488             -93.56              -6.42908            149.212             1.80972             
0.0695537           5120                9.96841             2.01183             -137.413            -7.91177            280.101             3.10811             
0.0730314           5376                9.85816             2.72824             -160.153            -9.38474            339.742             4.42289             
0.0765091           5632                8.76205             3.13184             -117.362            -9.48975            243.575             5.64813             
0.0799868           5888                7.99453             4.3847              -76.5693            -15.3081            152.71              7.9534              
0.0834645           6144                7.66438             4.58676             -49.8826            -15.1131            112.502             8.6322              
0.0869422           6400                7.27396             4.95441             -36.4747            -15.6944            83.4446             9.86932             
0.0904198           6656                6.98082             5.24818             -11.7638            -17.9724            40.4004             10.2963             
0.0938975           6912                6.52205             5.11549             -9.2499             -18.2608            29.7077             10.1573             
0.0973752           7168                6.14761             5.31707             -27.9003            -18.5006            49.223              10.9419             
0.100853            7424                6.4916              4.90819             -45.1565            -16.1332            80.2063             10.6387             
0.104331            7680                6.26495             5.5556              -43.6909            -18.5258            70.1751             11.0941             
0.107808            7936                5.85271             6.24244             -25.6264            -20.8778            27.1827             12.2726             
0.111286            8192                4.96947             6.35402             -18.7654            -21.8477            -14.8009            12.1938             
0.114764            8448                3.68972             6.69498             -21.6106            -19.9696            -44.2285            12.2833             
0.118241            8704                2.87247             7.36671             -30.0416            -22.6883            -55.469             13.4263             
0.121719            8960                2.34754             5.96083             -15.2867            -18.4786            -108.042            12.0433             
0.125197            9216                1.50652             4.7612              -1.65142            -14.1644            -163.621            10.6958             
0.128674            9472                0.581348            5.22201             1.27722             -14.8903            -211.182            11.38               
0.132152            9728                -0.0494451          4.67495             14.7474             -10.5949            -255.338            10.2171             
0.13563             9984                -0.552446           5.01323             38.0305             -13.6271            -313.086            10.2678             
0.139107            10240               -1.22314            4.7472              69.2131             -14.4911            -404.936            9.9261              
0.142585            10496               -2.07233            3.60041             80.3662             -13.0648            -453.835            8.70308             
0.146063            10752               -2.49895            4.49432             82.5831             -14.1887            -471.663            8.48853             
0.149541            11008               -2.97765            4.74824             84.0515             -11.7015            -501.074            8.1512              
0.153018            11264               -1.66957            4.66445             80.2755             -8.38335            -507.53             7.46373             
0.156496            11520               -0.601541           4.11136             63.5864             -6.80734            -485.175            7.65162             
0.159974            11776               -0.0698193          4.19066             65.6703             -9.94409            -490.4              7.575               
0.163451            12032               0.652427            4.74513             59.9621             -8.7718             -481.739            7.58607             
0.166929            12288               2.05555             4.37644             66.393              -5.57948            -483.909            6.54324             
0.170407            12544               2.84515             3.76513             67.8777             -4.11259            -475.237            5.83278             
0.173884            12800               4.27158             2.41491             56.8739             -4.51908            -455.996            4.71445             
0.177362            13056               4.80435             1.41876             40.9142             -4.25479            -431.921            4.42508             
0.18084             13312               5.10104             1.25632             43.535              -5.91411            -425.044            3.45193             
0.184317            13568               5.98824             1.1581              45.0012             -2.06836            -436.838            3.04494             
0.187795            13824               6.83088             1.01503             24.9326             0.937865            -407.59             2.1016              
0.191273            14080               6.72436             2.45226             10.4383             -6.58713            -373.731            3.94979             
0.19475             14336               6.78277             3.52546             2.82969             -5.0622             -364.273            3.77124             
0.198228            14592               7.19132             2.31669             -30.1962            -0.760986           -323.188            2.49448             
0.201706            14848               7.60705             2.57342             -68.2998            -6.18923            -257.52             4.26438             
0.205183            15104               7.90498             1.50531             -91.2715            -1.37938            -192.888            1.91909             
0.208661            15360               7.95402             0.864339            -91.6632            0.729298            -186.847            0.93448             
0.212139            15616               8.31767             0.72498             -101.542            3.19046             -157.012            0.769614            
0.215617            15872               8.56188             0.699296            -119.655            -2.31744            -111.94             1.06124             
0.219094            16128               9.5792              0.0314993           -111.771            -0.955289           -106.622            0.310558            
0.222572            16384               9.94606             1.42072             -140.969            -10.9042            -64.5678            3.08155             
0.22605             16640               10.2092             -0.614051           -149.578            -10.7378            -16.5               0.655693            
0.229527            16896               10.0465             -0.390551           -171.065            -9.80101            24.0812             -0.183661           
0.233005            17152               9.10703             -0.737639           -177.098            -8.123              41.3162             -1.09463            
0.236483            17408               10.8466             -1.44835            -192.353            -3.4813             102.084             -2.95731            
0.23996             17664               11.9115             0.605521            -214.634            -13.2183            156.287             -0.542146           
0.243438            17920               11.1205             0.626433            -235.873            -14.5772            190.808             -0.223429           
0.246916            18176               10.4376             0.358205            -247.651            -8.15063            227.274             -0.20995            
0.250393            18432               10.3489             -0.636378           -258.683            -6.43853            265.811             -1.35406            
0.253871            18688               10.4851             -0.845692           -266.93             -6.03354            299.811             -1.05579            
0.257349            18944               10.0778             -1.2594             -274.315            -7.32865            312.288             -2.19273            
0.260826            19200               9.93511             -2.7922             -307.561            0.507945            381.362             -4.20107            
0.264304            19456               12.3973             -3.01507            -323.899            5.63981             455.062             -4.70635            
0.267782            19712               13.7677             -2.6198             -314.338            6.16397             446.706             -3.64406            
0.27126             19968               14.9492             -3.57795            -321.186            7.68719             484.907             -4.61323            
0.274737            20224               15.8747             -2.95185            -326.193            7.30535             531.213             -4.03951            
0.278215            20480               15.8269             -1.94718            -342.208            1.15086             552.433             -2.2662             
0.281693            20736               15.9701             -1.09455            -367.473            0.429053            601.91              -2.79438            
0.28517             20992               17.5889             -0.962802           -403.386            4.65959             705.269             -2.91031            
0.288648            21248               16.6251             -0.276468           -387.064            3.69137             674.193             -1.62755            
0.292126            21504               15.9746             -0.393366           -357.824            9.20829             592.547             -1.93671            
0.295603            21760               17.3529             0.773384            -302.633            3.55013             505.728             0.86012             
0.299081            22016               17.0063             1.08668             -309.558            3.63065             520.311             1.86517             
0.302559            22272               17.3967             -2.22151            -321.241            18.7259             527.533             -2.62599            
0.306036            22528               17.3547             -0.771591           -334.609            10.3565             534.636             -1.00941            
0.309514            22784               16.5012             -0.908043           -302.871            1.82678             466.548             -2.25036            
0.312992            23040               16.1222             -2.15032            -294.277            5.56719             451.313             -4.86923            
0.316469            23296               15.1494             -1.74881            -281.001            7.26418             423.602             -3.88252            
0.319947            23552               14.2283             -1.33831            -267.29             8.64068             385.672             -4.66977            
0.323425            23808               13.9332             -1.40293            -272.685            2.62991             382.963             -4.1889             
0.326903            24064               13.5844             -0.958141           -259.441            4.75594             356.784             -3.44017            
0.33038             24320               14.1344             -2.00927            -247.783            10.4173             344.69              -4.57291            
0.333858            24576               13.2987             -1.3398             -268.397            7.77912             380.063             -4.48195            
0.337336            24832               14.0314             -1.46521            -285.816            5.07093             395.175             -5.2825             
0.340813            25088               14.1384             -2.19694            -276.638            10.9787             358.616             -5.81741            
0.344291            25344               14.347              -3.93115            -276.497            20.1914             345.76              -6.91064            
0.347769            25600               15.0146             -2.73439            -280.536            12.0948             379.447             -5.82863            
0.351246            25856               13.8618             -2.34249            -286.561            4.66573             393.279             -3.95596            
0.354724            26112               11.9063             -3.65118            -281.092            10.9594             377.086             -7.60126            
0.358202            26368               12.732              -2.41181            -303.731            4.21499             428.106             -5.22482            
0.361679            26624               12.561              -2.63177            -333.787            0.30343             459.809             -6.73527            
0.365157            26880               14.4053             -1.61581            -393.479            -11.5399            573.305             -5.13225            
0.368635            27136               13.7215             -0.892452           -389.223            -4.63208            562.362             -2.65307            
0.372112            27392               12.5477             -1.30239            -363.131            6.13803             473.833             -2.9947             
0.37559             27648               10.4564             1.13216             -339.593            -1.54059            396.647             1.92207             
0.379068            27904               7.26288             1.83211             -311.348            -10.5929            313.38              2.64101             
0.382546            28160               5.65624             1.37452             -316.386            -1.83305            267.991             2.60603             
0.386023            28416               4.28812             0.220553            -297.43             1.39448             231.725             1.13922             
0.389501            28672               3.20987             0.230116            -276.62             -3.73643            186.736             2.43546             
0.392979            28928               3.84942             -0.259587           -270.628            0.869026            168.915             0.893219            
0.396456            29184               4.4449              -0.412353           -267.968            1.83747             212.199             1.63267             
0.399934            29440               4.03439             0.00466087          -263.172            1.11026             203.32              2.27131             
0.403412            29696               3.9985              -0.0417373          -280.561            1.63792             240.78              1.47816             
0.406889            29952               6.08085             0.296949            -262.441            -6.93814            244.953             1.2402              
0.410367            30208               6.151               0.775477            -271.523            -13.5847            276.831             1.74524             
0.413845            30464               5.49421             -0.455118           -305.242            -7.18218            328.663             0.800731            
0.417322            30720               5.99499             0.0889432           -309.857            -9.42736            348.032             2.37017             
0.4208              30976               8.29935             1.95481             -283.641            -19.2022            321.726             3.91217             
0.424278            31232               8.104               1.56108             -281.055            -10.6792            293.857             2.33203             
0.427755            31488               8.01977             2.78639             -300.154            -12.9133            346.837             5.72354             
0.431233            31744               8.99781             3.05974             -331.653            -13.0806            461.286             6.83212             
0.434711            32000               9.23629             3.95608             -324.124            -19.148             424.411             8.33405             
0.438188            32256               8.89213             1.96354             -299.872            -12.8792            373.675             5.64243             
0.441666            32512               8.82306             2.30316             -308.457            -15.8103            407.29              6.09926             
0.445144            32768               7.48696             1.5982              -316.037            -7.42159            393.45              5.0343              
0.448622            33024               8.89775             1.76283             -315.94             -2.3505             403.801             4.52545             
0.452099            33280               8.82949             1.23466             -305.238            0.342985            362.825             3.55518             
0.455577            33536               8.65347             1.17444             -278.959            -2.88606            307.603             3.42387             
0.459055            33792               8.8228              0.0796937           -273.82             3.26522             311.013             1.23488             
0.462532            34048               7.93274             0.232503            -282.941            4.34752             293.007             0.602567            
0.46601             34304               6.91655             1.16212             -282.902            2.0605              282.575             1.8839              
0.469488            34560               7.72548             1.39497             -279.506            6.9023              306.885             1.19771             
0.472965            34816               8.04202             1.90387             -269.802            2.05327             277.531             2.72973             
0.476443            35072               8.55898             1.15651             -269.32             -1.07409            260.285             0.799977            
0.479921            35328               10.268              -0.246942           -251.968            7.64053             273.763             -0.985622           
0.483398            35584               10.9609             -0.318874           -240.497            3.81849             263.513             -2.08497            
0.486876            35840               9.2955              0.790776            -263.164            -0.547951           281.873             0.223393            
0.490354            36096               9.19834             2.49744             -284.003            -12.8043            324.589             2.3416              
0.493831            36352               10.2811             2.78365             -282.861            -13.6416            347.853             4.38991             
0.497309            36608               12.5974             2.59004             -295.562            -23.9867            395.216             3.78781             
0.500787            36864               13.2289             3.45702             -294.969            -27.7601            391.313             5.32565             
0.504265            37120               14.9513             2.09408             -295.828            -23.2765            414.212             3.78255             
0.507742            37376               13.9073             3.20884             -291.517            -23.7468            392.726             4.69981             
0.51122             37632               13.1511             3.00059             -285.181            -16.2918            366.094             5.19403             
0.514698            37888               13.6609             3.60115             -289.32             -13.9366            400.605             6.71704             
0.518175            38144               13.9386             3.11589             -330.154            -13.8365            503.553             5.18299             
0.521653            38400               13.4848             2.41369             -338.605            -10.019             502.129             3.96116             
0.525131            38656               13.3975             1.45575             -337.683            -7.43767            495.25              2.63188             
0.528608            38912               12.9498             0.239553            -322.99             1.69289             456.217             2.087               
0.532086            39168               12.3222             -2.82963            -308.294            15.1505             433.772             -3.02561            
0.535564            39424               13.216              -0.46344            -329.185            5.45865             477.22              -0.584962           
0.539041            39680               9.09705             2.0621              -322.265            -8.62142            404.044             1.59123             
0.542519            39936               8.33437             2.90382             -309.838            -14.029             379.875             2.46821             
0.545997            40192               7.32358             4.05282             -287.918            -15.8258            322.638             4.92138             
0.549474            40448               6.40407             3.33724             -272.891            -8.3423             295.536             3.00563             
0.552952            40704               5.98752             3.44073             -283.975            -10.0757            327.764             5.3023              
0.55643             40960               5.99496             3.52815             -290.785            -11.8005            323.32              6.04711             
0.559907            41216               7.31989             3.24312             -279.919            -9.66289            297.326             6.49927             
0.563385            41472               8.44194             5.00635             -259.879            -19.7187            254.952             9.24431             
0.566863            41728               8.07575             5.30975             -258.444            -16.2792            274.96              8.19371             
0.570341            41984               7.48238             4.16748             -272.509            -12.2759            307.956             7.62283             
0.573818            42240               8.31499             3.55547             -269.806            -9.23074            292.735             6.58038             
0.577296            42496               8.65228             2.72261             -268.067            -13.0338            291.515             5.48904             
0.580774            42752               9.26481             2.34603             -220.79             -10.0858            214.865             4.47591             
0.584251            43008               9.43762             0.675008            -210.133            -5.6417             176.827             2.33453             
0.587729            43264               7.95798             0.0928889           -213.152            -3.27014            149.223             0.672928            
0.591207            43520               8.57408             0.160832            -225.546            -4.33182            193.054             0.406664            
0.594684            43776               8.92079             1.27329             -245.908            -8.79236            240.107             2.1452              
0.598162            44032               9.91746             1.65056             -306.798            -12.8543            362.016             1.43865             
0.60164             44288               10.7628             1.0213              -332.851            -9.43858            453.141             0.808896            
0.605117            44544               13.3286             0.867135            -362.248            -5.84776            527.72              2.24174             
0.608595            44800               13.2398             0.843217            -363.126            -7.9915             548.463             2.90064             
0.612073            45056               14.7053             1.98402             -381.328            -7.55511            610.592             4.67846             
0.61555             45312               16.0586             1.71824             -400.456            -7.08491            652.565             3.07121             
0.619028            45568               13.8291             1.42976             -388.548            -5.94805            596.028             2.26462             
0.622506            45824               14.3366             2.07014             -395.525            -10.0763            583.373             4.37685             
0.625984            46080               14.5134             0.722046            -378.531            -6.63183            547.239             -0.309221           
0.629461            46336               13.1985             2.37044             -371.852            -6.89609            501.426             1.84774             
0.632939            46592               13.7478             3.13686             -350.206            -6.05918            460.477             2.77459             
0.636417            46848               12.7039             1.10131             -326.808            -4.79188            384.93              -0.124749           
0.639894            47104               9.13716             0.163037            -277.529            -3.39274            261.75              -0.668961           
0.643372            47360               9.15289             -0.789545           -243.846            -1.86921            235.82              -2.07236            
0.64685             47616               7.86991             0.0217496           -249.402            -0.789007           243.934             -0.424578           
0.650327            47872               5.50306             -1.61875            -243.796            -4.42969            181.151             -0.0159884          
0.653805            48128               5.79972             -1.131              -247.746            -4.69239            223.827             1.32437             
0.657283            48384               5.45158             0.919222            -224.624            -4.53979            185.555             3.25081             
0.66076             48640               5.30155             2.60329             -198.882            -18.8741            128.292             6.40292             
0.664238            48896               5.02366             1.83018             -200.258            -15.7874            142.399             6.92678             
0.667716            49152               5.30998             1.1242              -234.3              -15.5611            189.693             3.63073             
0.671193            49408               5.99077             1.03622             -280.844            -15.0523            311.456             2.90099             
0.674671            49664               7.82102             0.247164            -310.365            -16.7023            400.231             1.26493             
0.678149            49920               10.3437             -0.12349            -333.299            -18.9866            454.469             -0.45587            
0.681626            50176               13.0663             0.0338158           -349.294            -17.6596            523.68              0.505013            
0.685104            50432               15.3535             0.378127            -370.155            -18.2848            581.935             -0.432216           
0.688582            50688               15.4732             1.76632             -386.075            -27.1336            623.835             1.40752             
0.69206             50944               16.0762             1.34086             -386.556            -20.5594            633.787             1.34907             
0.695537            51200               15.3529             2.04623             -365.883            -17.5275            570.769             3.37305             
0.699015            51456               14.8231             2.14511             -361.607            -17.6532            534.588             3.31483             
0.702493            51712               14.9469             1.15451             -347.036            -13.674             527.803             2.75325             
0.70597             51968               12.8494             2.21328             -357.214            -19.1689            523.224             3.6044              
0.709448            52224               11.4178             1.653               -358.108            -19.3474            515.413             4.65855             
0.712926            52480               10.6968             1.32488             -361.302            -21.8784            482.304             5.04176             
0.716403            52736               10.2241             1.80864             -356.038            -19.1123            479.988             4.10013             
0.719881            52992               10.2944             2.61644             -324.953            -19.944             413.5               5.49369             
0.723359            53248               10.386              3.13499             -302.893            -23.2211            353.361             5.20491             
0.726836            53504               9.6907              4.46348             -289.248            -20.1212            326.59              4.96515             
0.730314            53760               10.2991             3.02982             -268.124            -17.4451            285.877             3.57582             
0.733792            54016               10.2713             1.47557             -265.977            -10.9942            312.272             2.89957             
0.73727             54272               10.0444             2.18787             -263.824            -13.0098            295.459             3.52348             
0.740747            54528               8.59853             3.48783             -270.022            -20.987             292.764             5.47444             
0.744225            54784               9.0064              2.643               -265.466            -18.2517            283.173             4.67915             
0.747703            55040               9.20267             2.4398              -239.135            -18.3612            215.11              5.20341             
0.75118             55296               6.8555              2.37668             -237.957            -22.5859            186.296             6.52425             
0.754658            55552               7.86199             0.794692            -237.909            -19.5834            209.093             4.14878             
0.758136            55808               7.54651             2.09236             -236.038            -22.922             240.618             5.21334             
0.761613            56064               6.43658             4.87685             -245.176            -23.785             240.259             7.85766             
0.765091            56320               7.49749             4.06406             -267.348            -19.2434            288.457             7.87332             
0.768569            56576               7.94704             4.01368             -283.502            -17.6028            323.569             7.6219              
0.772046            56832               8.727               5.4355              -280.793            -25.373             334.915             8.71517             
0.775524            57088               9.3842              3.10437             -282.519            -14.6328            350.292             4.90672             
0.779002            57344               8.99978             0.877343            -309.403            -4.94225            392.585             1.1103              
0.782479            57600               9.92145             0.249124            -324.221            -9.95422            390.351             1.71964             
0.785957            57856               10.1138             0.593685            -302.445            -13.46              364.071             2.86074             
0.789435            58112               9.45366             0.471824            -290.519            -6.95501            332.536             1.30643             
0.792912            58368               9.05851             -0.370787           -307.082            -1.85804            369.773             -1.71119            
0.79639             58624               9.74949             -1.37712            -347.308            -1.14116            445.929             -2.18685            
0.799868            58880               8.60031             -1.61225            -336.925            -0.843877           390.244             -1.81709            
0.803346            59136               9.14135             0.798055            -289.814            -15.6425            316.443             3.4634              
0.806823            59392               10.476              0.182266            -280.96             -10.7185            312.235             1.89596             
0.810301            59648               10.2037             1.55142             -303.344            -7.84875            362.428             2.95099             
0.813779            59904               9.91913             3.51889             -312.772            -15.1994            372.967             5.58254             
0.817256            60160               11.5507             3.36327             -314.511            -17.0178            411.045             5.01671             
0.820734            60416               13.179              2.87313             -327.853            -13.4688            460.661             4.30244             
0.824212            60672               13.2791             2.19453             -310.163            -6.62565            437.91              3.99985             
0.827689            60928               12.9714             0.719918            -298.748            0.667419            405.844             1.37152             
0.831167            61184               14.048              1.96324             -300.48             0.352697            400.435             1.26547             
0.834645            61440               14.3671             3.52561             -310.389            -10.9605            384.894             5.70988             
0.838122            61696               14.853              1.30383             -316.042            -8.8286             394.754             1.91062             
0.8416              61952               13.8054             1.03596             -311.282            -8.71546            411.878             2.25001             
0.845078            62208               10.6126             0.715892            -282.223            -9.966              330.807             2.11322             
0.848555            62464               10.8043             -0.227465           -285.431            -5.71302            332.789             0.84336             
0.852033            62720               11.2842             -1.91104            -294.794            4.81485             377.077             -0.562625           
0.855511            62976               9.908               -1.80213            -289.845            0.77878             342.494             -0.686446           
0.858989            63232               10.1487             0.174155            -287.652            -11.2505            351.794             2.88464             
0.862466            63488               11.6234             0.272497            -332.087            -13.8105            445.658             1.4074              
0.865944            63744               12.5938             -0.773917           -354.569            -4.77553            505.929             -0.133629           
0.869422            64000               13.7052             -0.337797           -354.485            -4.06583            525.978             1.04522             
0.872899            64256               14.5472             -1.25723            -352.79             -2.88779            540.855             -0.56812            
0.876377            64512               15.8652             -0.486658           -348.746            -6.15345            534.027             0.553007            
0.879855            64768               15.4914             1.22303             -331.151            -9.59963            491.64              2.70059             
0.883332            65024               12.9133             -0.378334           -329.166            -4.25096            466.695             0.771761            
0.88681             65280               12.2346             0.0605619           -332.206            -5.06775            444.032             0.12977             
0.890288            65536               12.4905             0.812344            -307.18             -8.43601            410.318             2.64814             
0.893765            65792               10.259              0.279114            -289.56             -5.86387            334.65              2.40803             
0.897243            66048               9.83901             0.773364            -259.915            3.27437             260.709             3.50865             
0.900721            66304               8.62668             2.17192             -257.759            -8.05471            249.233             5.35204             
0.904198            66560               7.0352              1.22808             -237.992            -0.138915           207.54              4.83179             
0.907676            66816               5.65969             1.91291             -230.111            -2.71412            178.319             4.70786             
0.911154            67072               4.68548             1.27962             -243.684            1.84219             232.916             4.10612             
0.914631            67328               5.01061             0.846964            -261.333            -3.34973            266.279             3.62737             
0.918109            67584               5.91308             0.640464            -258.074            -3.92956            237.474             4.03983             
0.921587            67840               6.44567             1.76316             -267.344            -7.96677            253.704             3.58291             
0.925065            68096               6.36158             1.57978             -261.189            -3.5318             268.931             3.68154             
0.928542            68352               5.70854             1.79597             -270.103            -6.48073            263.275             2.62112             
0.93202             68608               7.74112             0.489061            -286.241            -3.66309            280.011             1.60807             
0.935498            68864               10.254              -0.379142           -311.671            -3.04672            366.382             0.581504            
0.938975            69120               11.9333             1.2025              -330.445            -11.2784            435.455             3.22575             
0.942453            69376               10.7861             1.48683             -339.239            -12.9572            463.366             2.57014             
0.945931            69632               11.7447             2.85078             -356.119            -18.0293            523.921             3.34015             
0.949408            69888               13.5908             1.67326             -377.013            -15.9414            585.848             1.86043             
0.952886            70144               14.4402             0.583708            -397.931            -11.2792            610.246             1.42888             
0.956364            70400               14.8896             1.24345             -376.286            -12.2395            588.142             3.53191             
0.959841            70656               14.5781             2.26553             -351.22             -14.902             544.779             2.74391             
0.963319            70912               13.1395             1.08528             -325.383            -8.78164            476.718             -0.348796           
0.966797            71168               11.4145             0.732326            -316.661            -9.67711            425.085             -0.573073           
0.970275            71424               10.302              -1.73702            -326.928            -2.03497            415.737             -3.61904            
0.973752            71680               8.8635              -1.32256            -285.583            -8.72063            332.344             -2.34564            
0.97723             71936               6.78992             -1.16817            -239.5              -5.13926            211.335             -0.599876           
0.980708            72192               3.40065             -0.42955            -219.731            -5.1606             145.818             -0.429901           
0.984185            72448               3.15626             -0.298236           -233.795            -1.49715            182.975             0.808545            
0.987663            72704               2.83136             0.506579            -249.843            -10.9163            209.023             1.5601              
0.991141            72960               3.46423             0.899648            -238.742            -8.47642            185.837             2.52804             
0.994618            73216               5.5237              0.833874            -237.787            -11.3495            223.039             2.91318             
0.998096            73472               7.53674             2.08738             -271.686            -15.4258            303.814             3.90028             
1.00157             73728               10.5666             2.85592             -316.119            -9.52697            428.699             5.04652             
1.00505             73984               13.1339             2.11992             -326.105            -7.4578             483.754             3.76313             
1.00853             74240               14.7982             1.10207             -308.541            -0.393688           444.364             2.71155             
1.01201             74496               14.4707             2.86091             -292.546            -9.41537            390.431             5.03697             
1.01548             74752               13.5304             2.81293             -301.504            -21.8232            392.19              4.48021             
1.01896             75008               15.3563             2.12029             -302.02             -20.5556            427.425             3.2758              
1.02244             75264               14.1347             1.28792             -296.137            -13.0176            418.126             0.418791            
1.02592             75520               13.3756             1.7162              -312.112            -14.3961            437.981             1.17845             
1.0294              75776               13.7579             0.107286            -313.025            -1.52941            458.749             0.796959            
1.03287             76032               13.781              1.63725             -300.67             -0.353331           439.685             3.61259             
1.03635             76288               12.2552             2.4169              -300.031            -12.3648            385.738             3.41158             
1.03983             76544               13.0743             3.79952             -313.909            -22.3657            424.003             5.72756             
1.04331             76800               12.5859             0.784483            -319.628            -11.5307            419.845             1.59197             
1.04678             77056               10.9155             -0.169219           -315.772            -3.33895            415.887             0.738414            
1.05026             77312               10.6126             0.762637            -319.653            -8.29101            414.237             2.62199             
1.05374             77568               9.91119             -0.147271           -308.38             1.09819             364.876             0.929273            
1.05722             77824               8.55489             0.533906            -302.347            -8.6133             331.468             -0.301732           
1.06069             78080               8.76452             0.0367948           -294.743            -0.298149           339.208             0.81432             
1.06417             78336               9.6242              1.77808             -284.006            -0.831347           352.772             2.84855             
1.06765             78592               9.21282             -0.451695           -292.779            0.875763            391.946             -1.68081            
1.07113             78848               9.66507             -1.75449            -317.622            4.89206             421.437             -4.85731            
1.07461             79104               11.4956             -0.754591           -337.794            1.65615             463.213             -1.33743            
1.07808             79360               10.8125             -0.61035            -315.27             4.54082             433.126             -0.577529           
1.08156             79616               10.5647             1.06435             -293.461            -7.02881            363.4               1.56574             
1.08504             79872               11.0702             0.0353145           -285.886            6.17593             338.735             -0.645017           
1.08852             80128               11.2397             1.55686             -304.358            -11.6207            392.527             1.78286             
1.09199             80384               11.9746             1.04443             -331                -11.1782            459.08              1.78332             
1.09547             80640               11.8826             0.323004            -332.627            -8.1255             447.276             -0.352829           
1.09895             80896               10.6535             0.463101            -322.228            -7.44876            407.646             1.36062             
1.10243             81152               11.1951             0.811853            -310.298            -18.8824            396.134             2.33606             
1.1059              81408               9.60569             0.974437            -307.214            -15.262             370.113             2.58677             
1.10938             81664               8.67893             0.979514            -296.962            -14.4352            347.25              2.30111             
1.11286             81920               7.71857             2.49229             -260.685            -18.9423            292.133             3.49567             
1.11634             82176               7.42762             1.49626             -261.316            -16.2239            295.325             1.79495             
1.11981             82432               5.38592             0.826279            -272.843            -13.0368            281.858             1.33471             
1.12329             82688               6.06665             0.251118            -310.837            -7.1863             363.468             -0.517904           
1.12677             82944               7.57261             1.69779             -323.054            -13.8572            408.148             2.15249             
1.13025             83200               6.93722             0.369443            -304.257            -7.43375            363.495             0.502358            
1.13373             83456               6.46673             0.676652            -285.712            -0.55002            326.563             2.01056             
1.1372              83712               7.54393             0.192188            -279.142            9.42438             323.984             1.54581             
1.14068             83968               6.94717             1.74593             -290.596            6.01319             329.251             2.44382             
1.14416             84224               7.37399             1.99345             -301.262            5.37799             371.693             1.35084             
1.14764             84480               8.83694             2.17721             -309.426            2.93599             386.496             2.41932             
1.15111             84736               8.37922             1.79372             -291.921            -0.149074           355.875             2.34408             
1.15459             84992               9.58943             -0.0775211          -273.262            5.81885             348.526             0.023284            
1.15807             85248               9.9706              -0.12509            -270.691            -0.0364049          332.979             -0.432273           
1.16155             85504               10.8336             -1.76632            -274.778            1.12388             357.2               -2.49923            
1.16502             85760               13.0899             -2.88205            -275.619            8.74187             390.471             -3.06628            
1.1685              86016               13.2105             -1.3447             -268.255            -3.09737            361.018             -1.6319             
1.17198             86272               12.8778             -0.904125           -278.707            -8.07729            377.245             -0.455394           
1.17546             86528               12.7375             -1.89903            -287.75             -8.73154            406.443             -1.97098            
1.17894             86784               12.4978             -1.98035            -293.257            -10.3055            382.116             -1.18469            
1.18241             87040               13.4351             -1.93365            -298.69             -14.7351            393.561             -1.52895            
1.18589             87296               12.2763             -0.936157           -297.861            -17.9723            400.573             0.50643             
1.18937             87552               11.8018             0.594436            -306.882            -25.1144            419.524             2.3098              
1.19285             87808               10.9136             2.05681             -306.091            -17.1626            387.429             4.09018             
1.19632             88064               11.3959             1.46265             -319.879            -7.68525            430.821             2.36405             
1.1998              88320               11.1428             0.318339            -314.779            1.00429             388.085             -0.135075           
1.20328             88576               11.4091             1.40003             -299.94             -2.36254            356.67              1.76028             
1.20676             88832               12.4852             2.04298             -283.146            -7.2415             374.134             1.55546             
1.21023             89088               10.4674             1.46737             -285.839            -6.81067            321.533             1.46357             
1.21371             89344               10.7556             0.49159             -308.711            -1.20549            391.537             -0.388354           
1.21719             89600               12.0992             0.832961            -344.492            -3.22588            486.001             -0.542441           
1.22067             89856               12.8865             1.39901             -330.29             -4.76088            455.617             2.07549             
1.22415             90112               13.1983             -0.26177            -338.02             1.26513             478.408             -0.672247           
1.22762             90368               14.0989             1.12361             -322.502            -2.42864            466.684             2.32708             
1.2311              90624               14.4581             1.67768             -315.541            -14.9444            461.118             2.54808             
1.23458             90880               13.7826             1.76067             -280.696            -8.03042            384.911             3.63431             
1.23806             91136               12.1796             2.50232             -270.435            -16.0755            337.447             5.9195              
1.24153             91392               10.0339             3.22596             -281.563            -18.6521            302.972             6.42777             
1.24501             91648               8.80345             2.38612             -288.689            -24.8499            296.489             4.96258             
1.24849             91904               8.74723             2.84825             -285.04             -30.9657            283.145             6.69965             
1.25197             92160               8.31321             2.0191              -253.591            -22.1546            243.233             5.32829             
1.25544             92416               7.11042             1.38283             -227.856            -14.3348            185.347             3.0482              
1.25892             92672               7.79965             2.39228             -233.548            -19.2764            209.101             4.75031             
1.2624              92928               6.97397             0.579079            -225.023            -12.206             189.262             2.43819             
1.26588             93184               8.13011             -0.290839           -255.665            -7.73533            275.772             1.53572             
1.26936             93440               7.52752             -1.64762            -232.964            1.1809              257.946             -1.75954            
1.27283             93696               9.04912             -1.22708            -235.455            8.28097             275.564             -1.98717            
1.27631             93952               10.5282             -1.74824            -228.095            3.24688             249.693             -1.52363            
1.27979             94208               11.3561             -2.52356            -269.635            9.81178             328.206             -3.57417            
1.28327             94464               11.2548             -4.56284            -313.297            13.6428             431.568             -6.61357            
1.28674             94720               13.3063             -2.88749            -318.971            10.1685             473.277             -4.31006            
1.29022             94976               13.6713             -2.68433            -318.541            13.5058             453.402             -4.911              
1.2937              95232               14.1243             -2.01514            -309.596            12.1971             456.319             -3.78145            
1.29718             95488               15.6658             -1.05622            -321.287            2.75504             469.603             -2.87128            
1.30065             95744               15.8775             -3.24575            -344.303            4.28401             521.225             -4.19535            
1.30413             96000               14.7511             -3.76925            -333.144            -1.58606            513.739             -2.14909            
1.30761             96256               15.0725             -3.75752            -321.831            1.93806             478.251             -3.77619            
1.31109             96512               15.1689             -1.08777            -338.738            -6.62302            520.941             -1.85653            
1.31457             96768               14.9844             0.267348            -333.306            -10.5459            506.33              -0.132927           
1.31804             97024               13.5228             -0.964678           -304.943            -1.41074            411.92              -2.00796            
1.32152             97280               13.4003             -0.631038           -288.628            0.352845            423.14              -2.1539             
1.325               97536               12.532              1.62127             -274.401            -6.36795            362.234             -0.150317           
1.32848             97792               10.9187             0.0812154           -232.772            6.2443              245.845             -2.45256            
1.33195             98048               9.48533             1.08672             -228.749            6.23113             221.216             -0.75527            
1.33543             98304               9.75251             0.0343932           -249.427            8.51781             265.929             -1.62106            
1.33891             98560               9.72176             1.45752             -258.463            2.79948             281.084             0.767103            
1.34239             98816               9.28509             2.81238             -251.293            -3.77316            256.419             2.85105             
1.34586             99072               8.47755             0.640024            -226.765            3.29773             213.96              0.0939984           
1.34934             99328               9.48372             0.987671            -190.382            -0.939662           146.706             1.64975             
1.35282             99584               8.65305             1.76803             -199.304            -3.95054            121.179             2.45648             
1.3563              99840               8.95218             1.80407             -220.093            -7.51868            164.134             3.44637             
1.35978             100096              10.3282             1.62948             -231.993            -9.27621            217.924             3.466               
1.36325             100352              10.1532             1.53471             -232.188            -4.49687            210.607             2.28064             
1.36673             100608              9.30825             1.43221             -253.695            -8.89148            241.124             1.65902             
1.37021             100864              9.80338             2.04571             -270.929            -16.102             294.2               3.9445              
1.37369             101120              11.5133             0.817079            -253.266            -3.76167            288.405             1.58174             
1.37716             101376              12.1694             -0.73857            -263.702            0.2817              312.066             0.00516896          
1.38064             101632              11.6042             -0.869838           -294.524            -2.71357            375.134             -0.0336812          
1.38412             101888              13.6243             -1.34987            -311.858            2.45348             425.125             -3.89395            
1.3876              102144              14.3822             -1.97561            -317.476            0.317284            458.121             -4.2004             
1.39107             102400              13.757              -2.45521            -293.441            0.484106            380.642             -3.74434            
1.39455             102656              13.6588             -2.47245            -269.163            1.27806             342.558             -3.9021             
1.39803             102912              13.2168             -0.52531            -280.371            -9.61193            346.241             -0.0439337          
1.40151             103168              13.4223             0.252167            -308.896            -16.0196            382.117             0.0153399           
1.40499             103424              10.9093             1.81302             -291.616            -21.5706            331.25              3.72018             
1.40846             103680              8.92434             1.1232              -285.96             -15.8927            302.015             3.22906             
1.41194             103936              7.91096             1.1742              -264.842            -11.166             249.641             2.70312             
1.41542             104192              7.09109             1.5517              -264.204            -12.1239            253.87              4.93415             
1.4189              104448              6.62487             2.83222             -273.481            -16.9362            270.232             4.62319             
1.42237             104704              7.87269             2.47959             -290.563            -18.5307            325.038             4.70468             
1.42585             104960              7.90786             1.00051             -327.068            -13.2477            398.066             1.78072             
1.42933             105216              9.43536             2.09874             -358.701            -14.7203            469.84              3.6227              
1.43281             105472              8.20502             1.75442             -338.778            -14.3352            434.377             2.02326             
1.43628             105728              10.7648             2.63662             -307.572            -16.5199            400.572             1.83801             
1.43976             105984              11.034              3.03637             -338.754            -11.0781            456.031             2.04087             
1.44324             106240              11.235              1.80676             -349.055            -3.28061            485.13              1.16921             
1.44672             106496              11.9702             2.36503             -348.461            1.12716             491.461             2.9122              
1.4502              106752              12.916              4.21958             -352.2              -12.7157            475.637             6.9945              
1.45367             107008              11.0926             1.55781             -338.898            -11.3343            452.173             4.13829             
1.45715             107264              11.0944             1.55597             -309.596            -13.6558            400.922             4.92808             
1.46063             107520              9.11002             1.00452             -294.635            -10.4349            354.752             3.38727             
1.46411             107776              8.79136             1.74938             -251.385            -11.4901            268.415             4.52497             
1.46758             108032              10.9075             1.73272             -252.574            -12.9283            287.563             4.94688             
1.47106             108288              11.3426             2.78035             -253.014            -22.9528            284.373             5.20724             
1.47454             108544              8.73208             2.33993             -249.783            -20.0735            245.008             5.45796             
1.47802             108800              10.8374             3.51526             -259.488            -21.8948            293.531             7.79943             
1.48149             109056              11.5667             2.04352             -276.62             -19.4708            353.36              4.79019             
1.48497             109312              11.5843             2.42117             -283.861            -21.9896            386.368             4.6161              
1.48845             109568              11.6511             3.09149             -313.917            -26.2291            452.141             5.50313             
1.49193             109824              13.9532             2.39742             -347.868            -20.1398            536.844             3.59392             
1.49541             110080              15.3726             0.899595            -370.249            -18.3047            610.162             2.16888             
1.49888             110336              15.8266             3.58617             -365.844            -35.3791            605.758             5.03104             
1.50236             110592              15.6057             2.28053             -332.699            -23.6097            534.681             3.59551             
1.50584             110848              14.8114             2.59236             -336.963            -31.4852            522.793             3.90559             
1.50932             111104              12.7531             3.27613             -333.578            -26.0935            479.823             5.78047             
1.51279             111360              9.3866              0.525955            -339.576            -12.608             449.74              2.48726             
1.51627             111616              7.2849              1.79096             -322.04             -13.2187            389.087             5.41941             
1.51975             111872              6.74705             0.406499            -325.669            -9.68294            379.466             2.83464             
1.52323             112128              6.38085             0.434144            -317.8              -15.6378            355.279             2.68287             
1.5267              112384              4.31596             0.725141            -282.05             -9.57724            258.271             1.81357             
1.53018             112640              3.64086             1.64417             -230.703            -6.29907            138.331             3.36423             
1.53366             112896              2.05952             2.71485             -199.217            -12.4008            59.1934             5.25651             
1.53714             113152              2.72057             1.48329             -222.797            -6.96313            104.069             3.17652             
1.54062             113408              3.02015             0.388199            -235.508            2.59829             155.515             1.68393             
1.54409             113664              3.00438             0.809466            -230.753            -0.370358           154.949             2.8333              
1.54757             113920              4.79882             0.775195            -245.359            2.32548             205.52              1.05099             
1.55105             114176              5.21896             0.909803            -264.77             -0.768256           272.755             1.46531             
1.55453             114432              8.24079             0.243598            -298.875            1.13142             377.137             -0.0473286          
1.558               114688              7.74348             -0.7652             -317.142            4.46531             379.309             -1.08085            
1.56148             114944              10.6955             -1.47061            -318.218            -1.94964            422.309             -1.47597            
1.56496             115200              12.531              -0.386006           -330.644            1.37955             472.5               -0.826599           
1.56844             115456              14.7169             1.11588             -354.408            -8.96694            512.943             1.53701             
1.57191             115712              15.2303             1.26408             -358.148            -12.69              543.753             2.53379             
1.57539             115968              15.6144             -1.44453            -326.629            -1.30626            487.645             -1.93891            
1.57887             116224              15.1198             -0.812672           -330.807            -7.52971            493.576             -0.907024           
1.58235             116480              15.0196             -1.36039            -330.372            -4.45181            506.366             -2.04654            
1.58582             116736              15.8286             1.73718             -330.041            -9.89379            478.106             2.43904             
1.5893              116992              15.3251             1.96287             -324.163            -9.94716            453.004             3.78318             
1.59278             117248              12.7053             2.07222             -316.624            -13.9929            436.664             3.42687             
1.59626             117504              12.5228             1.88489             -312.233            -13.5055            423.388             2.70434             
1.59974             117760              10.83               0.269712            -299.892            -3.37374            375.769             -0.556238           
1.60321             118016              11.1297             -0.350515           -313.864            -1.5484             426.424             -1.37234            
1.60669             118272              10.7513             0.225278            -342.969            -5.39173            486.34              1.96882             
1.61017             118528              9.98293             -0.290214           -338.208            -1.82926            457.773             1.22104             
1.61365             118784              9.51142             -1.92723            -329.612            11.6249             437.09              -3.48716            
1.61712             119040              8.99764             -2.61237            -328.071            8.00386             416.945             -4.18033            
1.6206              119296              9.37278             -2.36468            -312.78             7.27818             399.748             -2.45181            
1.62408             119552              8.90491             -2.39777            -304.217            0.27437             356.408             -1.53387            
1.62756             119808              8.06705             -2.32903            -266.574            3.51472             291.29              -1.54684            
1.63103             120064              5.23602             -1.90583            -256.596            -0.0337938          232.195             -1.74307            
1.63451             120320              5.58672             -2.44351            -243.092            9.11017             200.714             -4.16964            
1.63799             120576              6.96848             -0.669727           -243.909            7.88972             215.3               -1.81732            
1.64147             120832              5.14335             0.295946            -224.453            5.4369              183.806             -1.1809             
1.64495             121088              4.71006             0.46794             -227.178            -0.666338           196.492             0.330751            
1.64842             121344              6.92119             1.26799             -245.638            -10.3024            259.787             2.24278             
1.6519              121600              8.1462              1.72327             -278.921            -16.978             342.641             2.71921             
1.65538             121856              8.76721             0.643716            -291.761            -5.56703            385.572             0.369189            
1.65886             122112              10.3314             0.679022            -320.668            -8.99518            438.635             -1.1597             
1.66233             122368              13.4537             -0.665774           -338.09             -11.7363            485.171             -0.975264           
1.66581             122624              15.4165             -0.873387           -339.644            -1.64507            527.911             -1.14281            
1.66929             122880              15.2436             -0.224607           -307.974            2.86482             480.754             -0.815086           
1.67277             123136              15.0885             0.359622            -312.005            -3.236              460.692             -0.174399           
1.67624             123392              13.5356             0.443379            -311.963            -7.61179            420.862             1.34042             
1.67972             123648              13.0767             -0.921214           -305.706            -1.17316            384.892             -0.461035           
1.6832              123904              11.5061             1.38234             -269.979            -9.87581            292.137             2.48752             
1.68668             124160              8.37582             -0.0122263          -255.125            -2.26982            233.32              -1.63843            
1.69016             124416              7.11299             0.871256            -255.507            -2.54844            233.851             -1.24205            
1.69363             124672              7.63262             2.99163             -274.582            -14.0299            271.282             2.37691             
1.69711             124928              7.25084             2.44221             -257.629            -10.0696            274.188             2.90609             
1.70059             125184              7.22172             2.65068             -247.617            -15.0244            255.884             3.35214             
1.70407             125440              5.71675             0.411391            -254.24             -12.5831            250.182             1.27612             
1.70754             125696              6.35172             1.28549             -296.71             -13.0051            351.723             2.72606             
1.71102             125952              8.18341             0.776296            -307.914            -12.3361            400.124             2.66331             
1.7145              126208              9.36548             -0.422322           -287.024            -9.99732            348.127             -0.30257            
1.71798             126464              10.5638             -0.493183           -264.774            -5.70263            331.011             -0.0809162          
1.72145             126720              10.8646             3.19062             -235.95             -11.688             275.84              5.33292             
1.72493             126976              11.3199             3.12275             -240.953            -7.70632            276.036             5.12073             
1.72841             127232              10.2317             3.3648              -270.299            -4.15237            309.388             5.27639             
1.73189             127488              10.9871             2.7156              -274.564            1.69501             321.535             4.13892             
1.73537             127744              10.3756             2.4309              -222.899            0.908935            215.424             2.63675             
1.73884             128000              11.8377             0.875416            -233.172            -0.428294           265.815             1.26631             
1.74232             128256              13.2938             0.469046            -288.29             7.4495              385.375             1.35706             
1.7458              128512              14.278              2.20113             -327.688            7.21248             472.962             4.57141             
1.74928             128768              14.1958             3.08674             -326.766            -3.38574            481.31              3.98231             
1.75275             129024              14.6989             1.98037             -314.246            -7.32922            464.267             3.3964              
1.75623             129280              15.8978             2.48295             -320.035            -8.4815             473.855             3.5978              
1.75971             129536              15.833              1.54569             -328.299            -6.3629             500                 2.4903              
1.76319             129792              16.6173             0.703577            -346.455            -11.2313            527.286             1.74489             
1.76666             130048              17.8601             1.4619              -359.391            -20.9417            576.603             2.94749             
1.77014             130304              17.4981             2.81438             -347.321            -24.1294            561.899             4.72612             
1.77362             130560              16.1654             1.66741             -315.008            -14.6001            473.219             3.50851             
1.7771              130816              14.8504             2.16809             -308.48             -9.48509            439.593             4.47086             
1.78058             131072              13.7119             1.9002              -322.017            -9.10473            456.219             3.39738             
1.78405             131328              11.4015             2.11089             -336.048            -11.215             446.331             3.69415             
1.78753             131584              10.2423             2.93536             -307.785            -8.89954            384.806             4.75845             
1.79101             131840              9.63502             2.22849             -283.802            -12.9342            318.291             3.29928             
1.79449             132096              8.86317             1.82841             -270.027            -8.48283            265.131             2.09317             
1.79796             132352              7.14733             1.11862             -273.348            0.808161            282.074             0.991439            
1.80144             132608              7.02181             0.220008            -265.663            5.9885              256.665             -0.895912           
1.80492             132864              7.17647             0.82055             -276.125            1.25743             268.318             -0.649228           
1.8084              133120              8.27929             0.524319            -288.983            -4.20997            314.551             -0.411049           
1.81187             133376              9.58563             -0.413847           -302.777            -3.6064             346.917             -1.40466            
1.81535             133632              8.60877             0.0935105           -296.656            -3.94227            330.055             0.580395            
1.81883             133888              10.5398             -0.782857           -290.635            -12.2411            364.07              -0.493032           
1.82231             134144              11.344              -1.08243            -304.824            -7.96807            394.779             0.22156             
1.82579             134400              10.6135             1.13917             -321.307            -14.9057            397.179             3.65379             
1.82926             134656              12.144              1.74154             -324.661            -13.8923            420.666             3.37191             
1.83274             134912              10.8368             0.181573            -314.196            -8.0119             404.38              0.517267            
1.83622             135168              10.9811             2.29862             -289.801            -15.3363            393.632             4.40824             
1.8397              135424              12.8885             2.37916             -312.641            -17.4604            443.562             3.9719              
1.84317             135680              13.6351             0.60278             -347.469            -6.34822            504.033             0.67237             
1.84665             135936              13.5956             -1.43945            -376.874            3.98062             532.036             -2.24161            
1.85013             136192              13.7678             -3.20695            -358.486            9.70383             524.411             -3.91241            
1.85361             136448              13.128              -1.284              -352.766            -4.57159            526.769             -1.6135             
1.85708             136704              11.7586             -1.73243            -341.152            -2.27755            484.231             -2.06783            
1.86056             136960              12.5957             -3.50619            -346.435            3.29829             501.205             -4.1225             
1.86404             137216              12.7179             -3.57388            -346.334            -2.40757            501.498             -4.73078            
1.86752             137472              11.1789             -1.57698            -342.697            -5.41281            487.857             -2.90771            
1.871               137728              9.36539             -1.00513            -335.189            -7.1567             440.951             -2.32958            
1.87447             137984              9.61789             -0.0123741          -331.533            -5.33583            436.239             0.844009            
1.87795             138240              9.38058             0.610151            -323.3              -12.3752            414.89              1.18395             
1.88143             138496              8.7824              0.877376            -287.395            -9.25404            375.49              0.793145            
1.88491             138752              9.52311             1.91058             -295.676            -14.9317            383.119             1.97365             
1.88838             139008              10.3905             4.04815             -289.179            -16.7572            369.582             4.96665             
1.89186             139264              11.853              2.07766             -276.889            -8.43498            358.559             1.00703             
1.89534             139520              11.9975             0.985464            -293.013            -7.26051            399.385             -1.02854            
1.89882             139776              11.8511             1.01476             -317.403            -4.73574            438.589             -0.265119           
1.90229             140032              12.29               1.30913             -314.481            -13.1082            452.087             -0.842869           
1.90577             140288              13.0051             1.19861             -312.269            -12.3248            441.402             0.362196            
1.90925             140544              12.6316             1.68606             -325.483            -16.9021            445.06              -0.563688           
1.91273             140800              13.4523             3.19466             -316.309            -13.6715            445.811             1.73995             
1.91621             141056              14.0023             2.83446             -296.664            -6.96203            407.563             2.815               
1.91968             141312              12.9467             1.55255             -287.68             -1.18572            375.753             2.31263             
1.92316             141568              13.1615             1.09484             -293.312            -0.443319           380.855             1.49779             
1.92664             141824              11.2528             0.520403            -293.152            -0.927706           332.995             2.30086             
1.93012             142080              10.0875             1.00957             -289.714            -0.205722           339.414             1.74553             
1.93359             142336              10.3387             2.12319             -270.334            -0.608805           311.578             3.33317             
1.93707             142592              9.6293              1.33811             -279.378            -7.3521             308.013             1.53083             
1.94055             142848              9.9901              0.384168            -307.331            6.61075             392.546             -1.04191            
1.94403             143104              10.8292             1.91327             -281.006            -4.49722            392.119             1.66631             
1.9475              143360              10.9865             2.823               -302.973            -11.1401            395.146             3.66653             
1.95098             143616              12.8082             1.82797             -336.105            -8.86232            490.435             2.70312             
1.95446             143872              12.9163             2.41476             -316.211            -5.53944            484.056             3.52717             
1.95794             144128              12.1957             3.16445             -325.083            -10.7118            454.615             4.58194             
1.96142             144384              11.4004             3.07877             -321.422            -16.9111            459.131             4.93869             
1.96489             144640              11.366              2.67453             -296.645            -9.49496            424.052             3.9428              
1.96837             144896              12.5937             2.28913             -301.328            -6.0155             446.717             2.63051             
1.97185             145152              12.8813             2.39396             -316.351            -12.919             475.556             3.72181             
1.97533             145408              13.3885             2.12336             -315.847            -12.943             452.888             4.18395             
1.9788              145664              11.1163             1.05087             -285.592            -8.91371            366.93              2.81238             
1.98228             145920              11.2233             2.25643             -292.402            -14.5424            368.05              3.3507              
1.98576             146176              10.7006             0.953372            -288.517            -11.9814            348.516             1.33463             
1.98924             146432              8.93864             1.00612             -267.62             -7.23591            290.04              0.859029            
1.99271             146688              8.59145             0.0479752           -238.301            -6.51518            249.628             -0.16333            
1.99619             146944              7.93661             -0.743035           -266.065            6.81341             294.642             -1.82365            
1.99967             147200              8.2944              0.560509            -300.238            -1.84044            334.552             -0.712275           
