#Time               nTime               force-x             force-y             force-z             moment-x            moment-y            moment-z            
0                   0                   -3.09237e-05        1.32294e-06         3.9192e-05          1.29912e-05         -0.000103907        1.51503e-05         
0.00347769          256                 0.0447611           -0.00855229         -0.130638           -0.0329833          0.241844            -0.0269892          
0.00695537          512                 -0.0786195          -0.0144915          0.878519            0.360413            -1.23697            0.0303471           
0.0104331           768                 0.356481            -0.181222           -0.103647           0.330062            0.707412            -0.267168           
0.0139107           1024                -1.02255            -0.11851            0.25357             0.400677            -2.19764            0.384247            
0.0173884           1280                -1.07134            0.17294             1.13262             0.0790177           -3.2912             0.601124            
0.0208661           1536                -0.895492           0.101309            1.10069             0.25175             -2.93633            0.456746            
0.0243438           1792                1.11023             -0.105577           -1.49792            -0.367357           3.83673             -0.574293           
0.0278215           2048                1.37027             -0.138545           -1.65758            -0.369772           4.48004             -0.704046           
0.0312992           2304                1.31794             -0.107589           -2.06832            -0.596054           4.90858             -0.667662           
0.0347769           2560                0.0560153           0.142461            0.33534             -0.197016           -0.271628           0.0671562           
0.0382545           2816                0.750399            -0.0549331          -1.05589            -0.300155           2.64453             -0.37132            
0.0417322           3072                0.718497            -0.0416444          -0.932408           -0.292942           2.4382              -0.352721           
0.0452099           3328                0.475912            -0.0211968          -0.60518            -0.199083           1.60193             -0.229606           
0.0486876           3584                0.367717            -0.00913885         -0.493157           -0.180622           1.27143             -0.17241            
0.0521653           3840                0.214752            0.00848449          -0.238676           -0.117458           0.685595            -0.0916752          
0.055643            4096                0.257388            -0.0135408          -0.333927           -0.10452            0.874431            -0.12557            
0.0591207           4352                0.219158            -0.00611395         -0.274934           -0.0983647          0.73433             -0.103262           
0.0625984           4608                0.185549            -0.0047725          -0.237627           -0.0859867          0.627851            -0.0872435          
0.066076            4864                0.186683            -0.00519765         -0.254717           -0.0919445          0.651191            -0.0882882          
0.0695537           5120                0.185622            -0.00392036         -0.241909           -0.0902113          0.634093            -0.0873965          
0.0730314           5376                0.20766             -0.00574833         -0.27808            -0.100507           0.718022            -0.0982273          
0.0765091           5632                0.233357            -0.00720571         -0.316166           -0.113063           0.810978            -0.110601           
0.0799868           5888                0.250756            -0.00851773         -0.341786           -0.120718           0.874009            -0.119784           
0.0834645           6144                0.274357            -0.0093272          -0.37154            -0.130903           0.953341            -0.131063           
0.0869422           6400                0.298038            -0.010418           -0.404193           -0.142297           1.03637             -0.142977           
0.0904198           6656                0.320337            -0.0110761          -0.429159           -0.15094            1.10733             -0.153497           
0.0938975           6912                0.347466            -0.0123394          -0.464585           -0.162985           1.19987             -0.166876           
0.0973752           7168                0.358792            -0.012151           -0.474067           -0.167385           1.23217             -0.172065           
0.100853            7424                0.361565            -0.0125277          -0.479498           -0.168446           1.24404             -0.173814           
0.104331            7680                0.371286            -0.0144437          -0.495838           -0.171175           1.28163             -0.180116           
0.107808            7936                0.374957            -0.0149613          -0.490553           -0.16797            1.28145             -0.182169           
0.111286            8192                0.369622            -0.0151524          -0.490569           -0.167931           1.27168             -0.179988           
0.114764            8448                0.353585            -0.0132242          -0.468099           -0.162905           1.21559             -0.171634           
0.118241            8704                0.343171            -0.0132171          -0.451654           -0.157523           1.17679             -0.167766           
0.121719            8960                0.359193            -0.0186207          -0.483574           -0.157941           1.24382             -0.178745           
0.125197            9216                0.347585            -0.0160854          -0.462573           -0.155438           1.19748             -0.171633           
0.128674            9472                0.341436            -0.0159819          -0.455233           -0.152695           1.17755             -0.169102           
0.132152            9728                0.347744            -0.0183503          -0.469657           -0.153106           1.20641             -0.173878           
0.13563             9984                0.360637            -0.0197668          -0.49186            -0.158885           1.25687             -0.180654           
0.139107            10240               0.36104             -0.020044           -0.488964           -0.157722           1.25417             -0.181649           
0.142585            10496               0.377712            -0.0210459          -0.515797           -0.166468           1.31706             -0.189525           
0.146063            10752               0.377793            -0.0213377          -0.520549           -0.168008           1.3232              -0.190096           
0.149541            11008               0.382182            -0.0220654          -0.528237           -0.169427           1.3406              -0.192719           
0.153018            11264               0.376912            -0.0225751          -0.520536           -0.165591           1.32167             -0.191183           
0.156496            11520               0.383793            -0.0223029          -0.531833           -0.170956           1.34796             -0.193863           
0.159974            11776               0.374559            -0.023156           -0.521071           -0.165206           1.31804             -0.190869           
0.163451            12032               0.36075             -0.0242681          -0.504121           -0.154989           1.2723              -0.185776           
0.166929            12288               0.352055            -0.0233584          -0.49111            -0.152154           1.24075             -0.181319           
0.170407            12544               0.33214             -0.0207574          -0.449965           -0.142628           1.15467             -0.171078           
0.173884            12800               0.332444            -0.0222521          -0.468216           -0.145769           1.17756             -0.171962           
0.177362            13056               0.319084            -0.0210638          -0.44299            -0.138516           1.12262             -0.165316           
0.18084             13312               0.319644            -0.0222131          -0.449828           -0.139141           1.13195             -0.166765           
0.184317            13568               0.327677            -0.0233098          -0.461848           -0.141971           1.16103             -0.17136            
0.187795            13824               0.319289            -0.0233492          -0.445587           -0.134953           1.12596             -0.167544           
0.191273            14080               0.325545            -0.0244985          -0.464647           -0.140748           1.16065             -0.171474           
0.19475             14336               0.320294            -0.0234297          -0.445819           -0.135821           1.12818             -0.168442           
0.198228            14592               0.309145            -0.0234079          -0.439312           -0.133311           1.10015             -0.163802           
0.201706            14848               0.306939            -0.0232882          -0.432082           -0.130408           1.08732             -0.162556           
0.205183            15104               0.316764            -0.0277054          -0.452002           -0.128797           1.12865             -0.170429           
0.208661            15360               0.298378            -0.0223464          -0.429859           -0.132668           1.06964             -0.158816           
0.212139            15616               0.292363            -0.0210931          -0.399858           -0.122443           1.02187             -0.154638           
0.215617            15872               0.31194             -0.0266924          -0.452005           -0.132516           1.12035             -0.168136           
0.219094            16128               0.31065             -0.0258722          -0.445038           -0.130878           1.1096              -0.166728           
0.222572            16384               0.308831            -0.0278465          -0.444716           -0.125852           1.1058              -0.167726           
0.22605             16640               0.321482            -0.0279049          -0.46688            -0.135195           1.15585             -0.173309           
0.229527            16896               0.315388            -0.0266134          -0.454546           -0.133644           1.13025             -0.170277           
0.233005            17152               0.297349            -0.0228331          -0.418833           -0.128404           1.0545              -0.159798           
0.236483            17408               0.323587            -0.0286795          -0.464664           -0.133771           1.15711             -0.175763           
0.23996             17664               0.336666            -0.0299293          -0.489143           -0.141176           1.2106              -0.182489           
0.243438            17920               0.317058            -0.0264209          -0.45491            -0.135304           1.13401             -0.171514           
0.246916            18176               0.301071            -0.0258208          -0.425139           -0.12422            1.06841             -0.163677           
0.250393            18432               0.294496            -0.0240608          -0.416884           -0.125467           1.04684             -0.159826           
0.253871            18688               0.320697            -0.0285113          -0.459543           -0.13166            1.1457              -0.174068           
0.257349            18944               0.327275            -0.0290884          -0.465345           -0.133662           1.16469             -0.177803           
0.260826            19200               0.292996            -0.0213037          -0.399527           -0.125042           1.02339             -0.156877           
0.264304            19456               0.312023            -0.0268176          -0.434254           -0.125481           1.09945             -0.169141           
0.267782            19712               0.327742            -0.0270251          -0.46151            -0.136803           1.16132             -0.176447           
0.27126             19968               0.32875             -0.0252944          -0.452786           -0.138036           1.15281             -0.175814           
0.274737            20224               0.342098            -0.0269209          -0.478859           -0.144659           1.20829             -0.182356           
0.278215            20480               0.343135            -0.0282958          -0.478069           -0.141259           1.20908             -0.184041           
0.281693            20736               0.335382            -0.0265547          -0.467125           -0.140783           1.182               -0.179275           
0.28517             20992               0.320238            -0.0243877          -0.446407           -0.136444           1.12974             -0.170444           
0.288648            21248               0.324024            -0.0247014          -0.44439            -0.136356           1.13367             -0.172784           
0.292126            21504               0.331406            -0.0291289          -0.459281           -0.13058            1.16472             -0.178885           
0.295603            21760               0.332227            -0.0271928          -0.462151           -0.135802           1.17                -0.177291           
0.299081            22016               0.328377            -0.0237095          -0.454198           -0.141534           1.15367             -0.17317            
0.302559            22272               0.335603            -0.0270117          -0.469779           -0.140026           1.18545             -0.178978           
0.306036            22528               0.330653            -0.0246954          -0.451114           -0.139167           1.15417             -0.175899           
0.309514            22784               0.337962            -0.0256451          -0.467827           -0.142395           1.18762             -0.179063           
0.312992            23040               0.336354            -0.0236126          -0.461733           -0.144999           1.17779             -0.177252           
0.316469            23296               0.343487            -0.0238377          -0.465153           -0.145491           1.19503             -0.180588           
0.319947            23552               0.371315            -0.0268773          -0.51168            -0.156351           1.30162             -0.194146           
0.323425            23808               0.374231            -0.0251494          -0.514215           -0.16299            1.31027             -0.194808           
0.326903            24064               0.374577            -0.0258485          -0.513551           -0.160393           1.31027             -0.195534           
0.33038             24320               0.343178            -0.0217373          -0.455279           -0.146637           1.18266             -0.178907           
0.333858            24576               0.349966            -0.0231157          -0.467415           -0.147077           1.20972             -0.182505           
0.337336            24832               0.357504            -0.0223085          -0.485207           -0.157595           1.24509             -0.185263           
0.340813            25088               0.352119            -0.0243356          -0.477383           -0.147454           1.22542             -0.183479           
0.344291            25344               0.341465            -0.0218794          -0.456818           -0.146284           1.18137             -0.177705           
0.347769            25600               0.352416            -0.0254746          -0.480216           -0.146511           1.22913             -0.184676           
0.351246            25856               0.331888            -0.0217114          -0.444299           -0.141104           1.14852             -0.172877           
0.354724            26112               0.35789             -0.0260061          -0.494154           -0.151104           1.25549             -0.18682            
0.358202            26368               0.314938            -0.0222964          -0.424651           -0.130679           1.09363             -0.165438           
0.361679            26624               0.322014            -0.0223127          -0.439007           -0.138115           1.12379             -0.168912           
0.365157            26880               0.309206            -0.022719           -0.426618           -0.132263           1.08513             -0.163482           
0.368635            27136               0.304189            -0.0221162          -0.415468           -0.128775           1.06271             -0.160934           
0.372112            27392               0.296519            -0.0231071          -0.406686           -0.122907           1.03785             -0.158325           
0.37559             27648               0.288385            -0.0236566          -0.387805           -0.1121             0.999782            -0.154379           
0.379068            27904               0.297087            -0.0252863          -0.412425           -0.120159           1.04516             -0.159821           
0.382546            28160               0.294699            -0.0255992          -0.41799            -0.12095            1.04758             -0.158716           
0.386023            28416               0.288215            -0.0255916          -0.406873           -0.116131           1.02213             -0.15575            
0.389501            28672               0.278688            -0.0249218          -0.394075           -0.113124           0.989577            -0.151851           
0.392979            28928               0.306022            -0.0277711          -0.440291           -0.124902           1.09506             -0.165491           
0.396456            29184               0.325181            -0.0280127          -0.464935           -0.134995           1.16004             -0.174514           
0.399934            29440               0.321407            -0.0273924          -0.463605           -0.135475           1.15208             -0.172696           
0.403412            29696               0.333505            -0.0269041          -0.477637           -0.143613           1.19136             -0.178397           
0.406889            29952               0.348413            -0.0275698          -0.493582           -0.148881           1.23803             -0.185738           
0.410367            30208               0.363075            -0.029179           -0.508323           -0.15074            1.28211             -0.193143           
0.413845            30464               0.409155            -0.0341343          -0.587205           -0.171069           1.46118             -0.216536           
0.417322            30720               0.38034             -0.0291653          -0.540042           -0.163414           1.35228             -0.200424           
0.4208              30976               0.38073             -0.0309814          -0.54362            -0.159374           1.35697             -0.201377           
0.424278            31232               0.370178            -0.0285308          -0.525911           -0.159137           1.31654             -0.195413           
0.427755            31488               0.347599            -0.0240713          -0.481657           -0.151059           1.2223              -0.181939           
0.431233            31744               0.354522            -0.0255071          -0.507218           -0.15863            1.26578             -0.185957           
0.434711            32000               0.373914            -0.0303308          -0.540962           -0.158835           1.34096             -0.196628           
0.438188            32256               0.348224            -0.0241378          -0.493907           -0.157108           1.23818             -0.182207           
0.441666            32512               0.357535            -0.0248011          -0.508652           -0.159963           1.2726              -0.185661           
0.445144            32768               0.370438            -0.0289586          -0.538206           -0.161562           1.33138             -0.19389            
0.448622            33024               0.338476            -0.0236561          -0.480036           -0.149471           1.2033              -0.175922           
0.452099            33280               0.36489             -0.0278878          -0.543413           -0.165997           1.3279              -0.190693           
0.455577            33536               0.361371            -0.0264824          -0.526624           -0.162523           1.30124             -0.188185           
0.459055            33792               0.369515            -0.0272021          -0.541069           -0.167043           1.33336             -0.192157           
0.462532            34048               0.370632            -0.0266372          -0.544324           -0.170147           1.33951             -0.192521           
0.46601             34304               0.383566            -0.0302857          -0.558634           -0.166072           1.37987             -0.200463           
0.469488            34560               0.36201             -0.0287812          -0.528334           -0.157694           1.30399             -0.190334           
0.472965            34816               0.368631            -0.0269762          -0.547321           -0.169765           1.33948             -0.1914             
0.476443            35072               0.361303            -0.0250437          -0.5231             -0.165168           1.29681             -0.187144           
0.479921            35328               0.360549            -0.0269054          -0.525172           -0.160849           1.29778             -0.188311           
0.483398            35584               0.373448            -0.0287992          -0.541079           -0.163207           1.34043             -0.195669           
0.486876            35840               0.365061            -0.0259071          -0.522448           -0.162541           1.30291             -0.189784           
0.490354            36096               0.388219            -0.0303199          -0.570502           -0.172517           1.40294             -0.203497           
0.493831            36352               0.369916            -0.0260605          -0.531236           -0.166205           1.32251             -0.192169           
0.497309            36608               0.372727            -0.0261067          -0.536199           -0.168656           1.33352             -0.193463           
0.500787            36864               0.353172            -0.0228476          -0.501467           -0.162858           1.25636             -0.18309            
0.504265            37120               0.383102            -0.0278968          -0.550907           -0.170282           1.37015             -0.199443           
0.507742            37376               0.367418            -0.0249934          -0.521942           -0.165007           1.30673             -0.190333           
0.51122             37632               0.357919            -0.0231335          -0.510566           -0.164628           1.27624             -0.184952           
0.514698            37888               0.36508             -0.0234128          -0.51633            -0.167135           1.29582             -0.188186           
0.518175            38144               0.353353            -0.0213279          -0.505242           -0.168442           1.2617              -0.18231            
0.521653            38400               0.349374            -0.0218518          -0.501042           -0.164907           1.24943             -0.180939           
0.525131            38656               0.329192            -0.020084           -0.460504           -0.151874           1.16334             -0.170528           
0.528608            38912               0.347562            -0.0226105          -0.498377           -0.161655           1.24238             -0.18041            
0.532086            39168               0.345102            -0.021107           -0.48808            -0.160375           1.22538             -0.177613           
0.535564            39424               0.327987            -0.0190529          -0.461667           -0.154035           1.16243             -0.168313           
0.539041            39680               0.313931            -0.0176465          -0.440895           -0.149213           1.11184             -0.161474           
0.542519            39936               0.316227            -0.0190194          -0.447153           -0.148421           1.12333             -0.163478           
0.545997            40192               0.308058            -0.0174309          -0.42586            -0.143555           1.08278             -0.15884            
0.549474            40448               0.334113            -0.018898           -0.471956           -0.159725           1.18617             -0.171342           
0.552952            40704               0.326355            -0.0165845          -0.454334           -0.158413           1.15106             -0.166575           
0.55643             40960               0.341498            -0.0204811          -0.480667           -0.158949           1.21005             -0.175701           
0.559907            41216               0.339803            -0.0189167          -0.478598           -0.161849           1.20475             -0.174026           
0.563385            41472               0.340517            -0.0184814          -0.472237           -0.160105           1.19829             -0.173851           
0.566863            41728               0.345043            -0.0199635          -0.47969            -0.159973           1.21513             -0.176862           
0.570341            41984               0.335899            -0.0180227          -0.470431           -0.159934           1.18758             -0.171187           
0.573818            42240               0.326227            -0.0154347          -0.448126           -0.156209           1.14281             -0.164461           
0.577296            42496               0.339031            -0.0165948          -0.476432           -0.165455           1.20015             -0.170741           
0.580774            42752               0.328508            -0.0159779          -0.466986           -0.160838           1.16993             -0.1652             
0.584251            43008               0.34696             -0.0178525          -0.48874            -0.165452           1.22962             -0.174811           
0.587729            43264               0.356028            -0.0170699          -0.489553           -0.166855           1.2468              -0.177299           
0.591207            43520               0.374432            -0.0183801          -0.530874           -0.1826             1.33056             -0.18695            
0.594684            43776               0.386312            -0.0220029          -0.552213           -0.181448           1.37767             -0.19432            
0.598162            44032               0.354886            -0.0154873          -0.493736           -0.172551           1.25083             -0.176252           
0.60164             44288               0.356676            -0.0135032          -0.495607           -0.178102           1.25673             -0.17542            
0.605117            44544               0.380683            -0.0159421          -0.532809           -0.188241           1.34506             -0.187428           
0.608595            44800               0.383786            -0.0166589          -0.538895           -0.187898           1.35802             -0.188647           
0.612073            45056               0.347871            -0.0103971          -0.475836           -0.176647           1.21689             -0.168272           
0.61555             45312               0.343455            -0.0130276          -0.468939           -0.167795           1.1999              -0.168512           
0.619028            45568               0.350899            -0.0136949          -0.489396           -0.174259           1.23805             -0.171419           
0.622506            45824               0.319091            -0.00939467         -0.431654           -0.160777           1.11047             -0.154317           
0.625984            46080               0.30913             -0.00952829         -0.41628            -0.153253           1.0734              -0.149057           
0.629461            46336               0.318356            -0.0143653          -0.446152           -0.154916           1.12566             -0.156569           
0.632939            46592               0.283957            -0.00721183         -0.381609           -0.146491           0.985794            -0.136806           
0.636417            46848               0.282716            -0.00979999         -0.388004           -0.142511           0.99097             -0.137944           
0.639894            47104               0.320593            -0.0169035          -0.45191            -0.151819           1.13641             -0.159367           
0.643372            47360               0.309058            -0.0156059          -0.430385           -0.145916           1.08943             -0.153548           
0.64685             47616               0.321975            -0.0165789          -0.458256           -0.155044           1.14724             -0.160147           
0.650327            47872               0.331632            -0.0182006          -0.466112           -0.154789           1.17389             -0.165655           
0.653805            48128               0.320808            -0.0164846          -0.445424           -0.151572           1.12953             -0.160784           
0.657283            48384               0.332827            -0.016607           -0.460561           -0.155848           1.1699              -0.165388           
0.66076             48640               0.326353            -0.0132219          -0.438214           -0.155744           1.13132             -0.160711           
0.664238            48896               0.350077            -0.0160484          -0.481603           -0.165843           1.227               -0.172905           
0.667716            49152               0.363648            -0.0157888          -0.492846           -0.170994           1.26513             -0.178597           
0.671193            49408               0.377872            -0.0149034          -0.521339           -0.184668           1.32602             -0.184085           
0.674671            49664               0.399979            -0.0195434          -0.569164           -0.193859           1.42371             -0.197537           
0.678149            49920               0.381053            -0.0190334          -0.531115           -0.177491           1.34281             -0.18829            
0.681626            50176               0.366324            -0.0188583          -0.510887           -0.169243           1.29158             -0.181891           
0.685104            50432               0.341761            -0.0154008          -0.472567           -0.163739           1.20068             -0.169675           
0.688582            50688               0.335424            -0.015382           -0.471222           -0.160699           1.18782             -0.16591            
0.69206             50944               0.320948            -0.0136618          -0.441378           -0.154294           1.12541             -0.159301           
0.695537            51200               0.315661            -0.014055           -0.435644           -0.151143           1.10852             -0.156992           
0.699015            51456               0.308599            -0.0173492          -0.433491           -0.142439           1.09267             -0.156643           
0.702493            51712               0.29753             -0.0157486          -0.413957           -0.138844           1.04883             -0.150892           
0.70597             51968               0.2903              -0.0152316          -0.410637           -0.138214           1.03182             -0.146977           
0.709448            52224               0.306719            -0.0178694          -0.444687           -0.145804           1.10283             -0.156044           
0.712926            52480               0.295357            -0.0175471          -0.418978           -0.136302           1.05091             -0.151401           
0.716403            52736               0.307703            -0.0209158          -0.452474           -0.141385           1.11367             -0.159068           
0.719881            52992               0.301176            -0.0174132          -0.438957           -0.14485            1.08597             -0.154041           
0.723359            53248               0.281295            -0.0158872          -0.406342           -0.134324           1.01043             -0.144232           
0.726836            53504               0.300981            -0.0203402          -0.430738           -0.133067           1.07526             -0.156231           
0.730314            53760               0.33435             -0.0216368          -0.490269           -0.155593           1.20846             -0.172152           
0.733792            54016               0.310271            -0.0198718          -0.449302           -0.143298           1.11538             -0.16122            
0.73727             54272               0.314988            -0.0173311          -0.453081           -0.153787           1.1291              -0.162724           
0.740747            54528               0.321226            -0.019362           -0.462034           -0.15043            1.15087             -0.165788           
0.744225            54784               0.316075            -0.0184017          -0.45447            -0.149799           1.13267             -0.163169           
0.747703            55040               0.323893            -0.0181643          -0.468411           -0.157229           1.16398             -0.166835           
0.75118             55296               0.322353            -0.0176639          -0.464614           -0.157508           1.15688             -0.166299           
0.754658            55552               0.336478            -0.0200625          -0.49128            -0.162232           1.21485             -0.174271           
0.758136            55808               0.315741            -0.0172594          -0.44896            -0.152562           1.12605             -0.163613           
0.761613            56064               0.331139            -0.0183725          -0.480912           -0.164639           1.19291             -0.171823           
0.765091            56320               0.310251            -0.015031           -0.443262           -0.155136           1.10992             -0.159448           
0.768569            56576               0.315167            -0.0176371          -0.449428           -0.151744           1.1257              -0.163691           
0.772046            56832               0.32799             -0.017582           -0.464304           -0.158625           1.16707             -0.169453           
0.775524            57088               0.316915            -0.0156609          -0.436259           -0.15165            1.11299             -0.163232           
0.779002            57344               0.330463            -0.0179666          -0.466057           -0.157639           1.17338             -0.170063           
0.782479            57600               0.321927            -0.0172109          -0.457663           -0.15577            1.14771             -0.165542           
0.785957            57856               0.304863            -0.0136477          -0.427557           -0.152501           1.08053             -0.155778           
0.789435            58112               0.316982            -0.0187986          -0.450697           -0.148524           1.12968             -0.164216           
0.792912            58368               0.323835            -0.0192595          -0.464003           -0.15282            1.15813             -0.167118           
0.79639             58624               0.316863            -0.0185307          -0.451012           -0.150119           1.12996             -0.164069           
0.799868            58880               0.322565            -0.019347           -0.469841           -0.155477           1.16318             -0.166693           
0.803346            59136               0.327151            -0.0199004          -0.474394           -0.156042           1.17694             -0.169354           
0.806823            59392               0.311982            -0.0161326          -0.438651           -0.151849           1.10651             -0.160822           
0.810301            59648               0.351211            -0.0204397          -0.500209           -0.167358           1.25179             -0.180982           
0.813779            59904               0.360747            -0.0235531          -0.521809           -0.168713           1.29509             -0.187663           
0.817256            60160               0.357491            -0.0212593          -0.507631           -0.167235           1.27202             -0.183878           
0.820734            60416               0.340213            -0.0175178          -0.478346           -0.165387           1.2054              -0.173933           
0.824212            60672               0.336148            -0.0177639          -0.475085           -0.162979           1.19414             -0.172373           
0.827689            60928               0.339538            -0.0180247          -0.475644           -0.162269           1.20041             -0.173431           
0.831167            61184               0.346728            -0.0197304          -0.495768           -0.166957           1.2378              -0.177973           
0.834645            61440               0.309446            -0.0147035          -0.423872           -0.148347           1.08319             -0.157683           
0.838122            61696               0.314664            -0.0170948          -0.43879            -0.149227           1.11033             -0.161947           
0.8416              61952               0.338121            -0.0185439          -0.482375           -0.163085           1.2057              -0.172607           
0.845078            62208               0.325971            -0.0149059          -0.452507           -0.159762           1.14798             -0.164987           
0.848555            62464               0.326299            -0.0168641          -0.457469           -0.155491           1.15425             -0.165831           
0.852033            62720               0.335984            -0.0167891          -0.469125           -0.162095           1.18612             -0.17097            
0.855511            62976               0.338141            -0.0169047          -0.463212           -0.158502           1.18264             -0.171471           
0.858989            63232               0.361899            -0.018912           -0.516096           -0.176474           1.29019             -0.183872           
0.862466            63488               0.348475            -0.0141526          -0.484045           -0.174383           1.22748             -0.174489           
0.865944            63744               0.359076            -0.0183688          -0.503363           -0.170611           1.26959             -0.181838           
0.869422            64000               0.37018             -0.0207174          -0.524247           -0.173547           1.31477             -0.1883             
0.872899            64256               0.366099            -0.0194495          -0.520514           -0.174631           1.30285             -0.185212           
0.876377            64512               0.359477            -0.019105           -0.528308           -0.178773           1.30058             -0.18226            
0.879855            64768               0.348507            -0.0178355          -0.510827           -0.174233           1.25946             -0.176509           
0.883332            65024               0.346568            -0.0196759          -0.512064           -0.168985           1.25724             -0.176601           
0.88681             65280               0.327192            -0.018811           -0.476571           -0.156491           1.17876             -0.167472           
0.890288            65536               0.334917            -0.0181438          -0.484276           -0.16125            1.20205             -0.169956           
0.893765            65792               0.334495            -0.0196104          -0.502074           -0.164913           1.22307             -0.170973           
0.897243            66048               0.353978            -0.0221096          -0.533318           -0.171647           1.2962              -0.181194           
0.900721            66304               0.354628            -0.0220522          -0.530532           -0.171137           1.29397             -0.181509           
0.904198            66560               0.379867            -0.0246227          -0.575449           -0.183254           1.39444             -0.194188           
0.907676            66816               0.372298            -0.0227423          -0.549398           -0.17809            1.3491              -0.190049           
0.911154            67072               0.379273            -0.0222591          -0.553438           -0.182084           1.36682             -0.193133           
0.914631            67328               0.390317            -0.0254904          -0.571921           -0.181331           1.40896             -0.199956           
0.918109            67584               0.374039            -0.0187667          -0.532641           -0.182636           1.33278             -0.188567           
0.921587            67840               0.3627              -0.0184227          -0.508354           -0.172881           1.28258             -0.183212           
0.925065            68096               0.371869            -0.0216087          -0.520297           -0.170525           1.31319             -0.18963            
0.928542            68352               0.387185            -0.0217402          -0.54781            -0.183286           1.37459             -0.196982           
0.93202             68608               0.344843            -0.0164322          -0.470411           -0.164033           1.20435             -0.174846           
0.935498            68864               0.357307            -0.0205138          -0.503071           -0.167844           1.2662              -0.183332           
0.938975            69120               0.33884             -0.0157939          -0.468468           -0.165301           1.19146             -0.172299           
0.942453            69376               0.349153            -0.0188605          -0.487568           -0.165718           1.23297             -0.178884           
0.945931            69632               0.355448            -0.0216626          -0.501136           -0.164314           1.26029             -0.183453           
0.949408            69888               0.346498            -0.0202113          -0.492091           -0.165394           1.2336              -0.179462           
0.952886            70144               0.315544            -0.0149131          -0.437829           -0.155966           1.11188             -0.161991           
0.956364            70400               0.324759            -0.0189593          -0.464349           -0.156427           1.16044             -0.169006           
0.959841            70656               0.309579            -0.0150005          -0.429014           -0.15143            1.09024             -0.15941            
0.963319            70912               0.315557            -0.0185742          -0.444903           -0.149419           1.11997             -0.164825           
0.966797            71168               0.30277             -0.0148758          -0.42514            -0.151087           1.07311             -0.156682           
0.970275            71424               0.29132             -0.0139504          -0.411054           -0.146803           1.03529             -0.150877           
0.973752            71680               0.278111            -0.0137374          -0.388671           -0.136818           0.984099            -0.144536           
0.97723             71936               0.301426            -0.0169824          -0.421595           -0.143929           1.06579             -0.157653           
0.980708            72192               0.322831            -0.0209507          -0.463768           -0.150674           1.15554             -0.169504           
0.984185            72448               0.314382            -0.0175617          -0.441279           -0.14921            1.11342             -0.163622           
0.987663            72704               0.313377            -0.0172099          -0.43701            -0.149198           1.10634             -0.163256           
0.991141            72960               0.311748            -0.0165096          -0.424797           -0.145083           1.08835             -0.161805           
0.994618            73216               0.311042            -0.0170573          -0.433759           -0.14729            1.09808             -0.162035           
0.998096            73472               0.335577            -0.0196957          -0.474358           -0.157027           1.1919              -0.174413           
1.00157             73728               0.334971            -0.0191029          -0.471053           -0.156972           1.18686             -0.173698           
1.00505             73984               0.343547            -0.0182772          -0.482609           -0.164184           1.21676             -0.177153           
1.00853             74240               0.34568             -0.0208351          -0.485808           -0.159302           1.22414             -0.180056           
1.01201             74496               0.338426            -0.0186005          -0.470477           -0.159107           1.19272             -0.175717           
1.01548             74752               0.341162            -0.0192041          -0.477439           -0.159818           1.20617             -0.176997           
1.01896             75008               0.341733            -0.0198388          -0.476083           -0.159886           1.20544             -0.178478           
1.02244             75264               0.327166            -0.0192972          -0.453343           -0.149923           1.1513              -0.170744           
1.02592             75520               0.32348             -0.0197536          -0.451173           -0.148048           1.14186             -0.169565           
1.0294              75776               0.325447            -0.0202223          -0.459245           -0.15027            1.15514             -0.170554           
1.03287             76032               0.320886            -0.0208349          -0.461486           -0.150597           1.1497              -0.169429           
1.03635             76288               0.311136            -0.0198338          -0.438903           -0.143411           1.10446             -0.164118           
1.03983             76544               0.312863            -0.0217203          -0.449166           -0.144146           1.11995             -0.166919           
1.04331             76800               0.301338            -0.0196117          -0.4236             -0.137502           1.06831             -0.15999            
1.04678             77056               0.30951             -0.0198317          -0.434735           -0.142111           1.09675             -0.163994           
1.05026             77312               0.312251            -0.0209161          -0.433796           -0.139111           1.10024             -0.165679           
1.05374             77568               0.297459            -0.0200736          -0.412982           -0.133208           1.04832             -0.159093           
1.05722             77824               0.310817            -0.0208191          -0.44317            -0.14283            1.10929             -0.164893           
1.06069             78080               0.309126            -0.0187004          -0.436533           -0.144741           1.09879             -0.16272            
1.06417             78336               0.320028            -0.0193518          -0.449063           -0.149683           1.134               -0.168931           
1.06765             78592               0.353294            -0.0232966          -0.498236           -0.159473           1.25355             -0.185593           
1.07113             78848               0.362784            -0.0261153          -0.524136           -0.163977           1.30204             -0.192209           
1.07461             79104               0.354768            -0.0215561          -0.500336           -0.165856           1.25934             -0.185916           
1.07808             79360               0.350296            -0.0238249          -0.495681           -0.157804           1.24512             -0.185469           
1.08156             79616               0.349155            -0.0237955          -0.496376           -0.157944           1.24395             -0.184862           
1.08504             79872               0.329964            -0.0206509          -0.466269           -0.15335            1.17304             -0.174702           
1.08852             80128               0.325519            -0.0204792          -0.463869           -0.151549           1.16208             -0.17196            
1.09199             80384               0.355306            -0.0247374          -0.520522           -0.166119           1.28463             -0.188748           
1.09547             80640               0.326109            -0.0206788          -0.466605           -0.153747           1.16649             -0.173072           
1.09895             80896               0.343351            -0.0255519          -0.510291           -0.159378           1.25023             -0.183817           
1.10243             81152               0.313997            -0.0193628          -0.453105           -0.150841           1.12812             -0.166404           
1.1059              81408               0.297735            -0.0194439          -0.429634           -0.140226           1.06981             -0.158989           
1.10938             81664               0.311371            -0.021785           -0.459387           -0.146785           1.13047             -0.166479           
1.11286             81920               0.32188             -0.0215814          -0.476499           -0.153225           1.17052             -0.170294           
1.11634             82176               0.323656            -0.0198573          -0.480811           -0.160872           1.17934             -0.17051            
1.11981             82432               0.341043            -0.0237851          -0.499334           -0.156733           1.23239             -0.179526           
1.12329             82688               0.341256            -0.0237365          -0.504837           -0.16092            1.2397              -0.180403           
1.12677             82944               0.332371            -0.0212206          -0.498456           -0.164795           1.21631             -0.175018           
1.13025             83200               0.315417            -0.0185717          -0.460153           -0.153123           1.13917             -0.164764           
1.13373             83456               0.330547            -0.0204987          -0.472791           -0.153704           1.18138             -0.172324           
1.1372              83712               0.335568            -0.0197005          -0.481922           -0.160235           1.20181             -0.174225           
1.14068             83968               0.342552            -0.0194311          -0.494932           -0.165252           1.23021             -0.176282           
1.14416             84224               0.342961            -0.0217165          -0.501556           -0.161878           1.2387              -0.177895           
1.14764             84480               0.348712            -0.0199085          -0.504021           -0.167533           1.25234             -0.179084           
1.15111             84736               0.350741            -0.0200289          -0.506805           -0.167324           1.25915             -0.179181           
1.15459             84992               0.341964            -0.0186572          -0.486877           -0.161757           1.21919             -0.174226           
1.15807             85248               0.325607            -0.0158069          -0.461682           -0.159498           1.15941             -0.165787           
1.16155             85504               0.344715            -0.017496           -0.484717           -0.16381            1.22154             -0.174453           
1.16502             85760               0.36155             -0.0201422          -0.520061           -0.17177            1.29461             -0.183334           
1.1685              86016               0.35569             -0.018369           -0.506922           -0.17105            1.26833             -0.179758           
1.17198             86272               0.362122            -0.0190539          -0.520577           -0.174158           1.29647             -0.182709           
1.17546             86528               0.368853            -0.0186744          -0.524244           -0.176988           1.31316             -0.185468           
1.17894             86784               0.386908            -0.023368           -0.55822            -0.179366           1.3866              -0.196675           
1.18241             87040               0.379607            -0.0209484          -0.548501           -0.180466           1.36202             -0.191536           
1.18589             87296               0.373538            -0.0212412          -0.542878           -0.178514           1.34404             -0.18942            
1.18937             87552               0.371661            -0.0216279          -0.541753           -0.177311           1.33931             -0.189194           
1.19285             87808               0.372322            -0.0232837          -0.538583           -0.17156            1.33617             -0.190542           
1.19632             88064               0.350744            -0.0217393          -0.503566           -0.160899           1.25433             -0.179736           
1.1998              88320               0.338409            -0.0217064          -0.488596           -0.155957           1.2137              -0.174916           
1.20328             88576               0.344578            -0.0235734          -0.507199           -0.158318           1.24729             -0.178636           
1.20676             88832               0.332459            -0.0209259          -0.487912           -0.157044           1.20242             -0.171702           
1.21023             89088               0.355292            -0.024576           -0.513781           -0.159988           1.27488             -0.18496            
1.21371             89344               0.366207            -0.0256551          -0.530343           -0.165274           1.31463             -0.190617           
1.21719             89600               0.355431            -0.0239399          -0.518013           -0.16436            1.28053             -0.184824           
1.22067             89856               0.352834            -0.0262714          -0.518791           -0.157593           1.2763              -0.184859           
1.22415             90112               0.336292            -0.0238694          -0.495663           -0.155029           1.21875             -0.176631           
1.22762             90368               0.328274            -0.0227282          -0.467039           -0.145972           1.16925             -0.172089           
1.2311              90624               0.352645            -0.0273931          -0.523111           -0.157582           1.28088             -0.185579           
1.23458             90880               0.326475            -0.0229883          -0.477048           -0.149785           1.17824             -0.171783           
1.23806             91136               0.333474            -0.0250541          -0.486908           -0.148324           1.20281             -0.17618            
1.24153             91392               0.336524            -0.0252894          -0.486872           -0.148437           1.20813             -0.177899           
1.24501             91648               0.342394            -0.0252182          -0.501471           -0.155658           1.23668             -0.180728           
1.24849             91904               0.336829            -0.0253696          -0.495523           -0.152032           1.21936             -0.178282           
1.25197             92160               0.345335            -0.0268197          -0.508434           -0.154726           1.25049             -0.183629           
1.25544             92416               0.352915            -0.0262502          -0.512281           -0.158299           1.26909             -0.186629           
1.25892             92672               0.347885            -0.0251002          -0.497326           -0.154265           1.24168             -0.183025           
1.2624              92928               0.34581             -0.0270969          -0.494684           -0.148814           1.2343              -0.183877           
1.26588             93184               0.334192            -0.0245807          -0.480503           -0.149673           1.19663             -0.177403           
1.26936             93440               0.361537            -0.0290725          -0.534575           -0.160827           1.31168             -0.19247            
1.27283             93696               0.36519             -0.0290132          -0.534472           -0.160096           1.31824             -0.193962           
1.27631             93952               0.368729            -0.0269156          -0.535082           -0.168139           1.32598             -0.195185           
1.27979             94208               0.39353             -0.0302842          -0.573148           -0.175588           1.41686             -0.208059           
1.28327             94464               0.365013            -0.0292961          -0.526679           -0.158881           1.30874             -0.195289           
1.28674             94720               0.381487            -0.0314069          -0.560352           -0.166973           1.37932             -0.203506           
1.29022             94976               0.354857            -0.0272621          -0.512733           -0.157404           1.27367             -0.18911            
1.2937              95232               0.33947             -0.0252183          -0.484586           -0.150605           1.21174             -0.18069            
1.29718             95488               0.355017            -0.0279421          -0.508876           -0.154707           1.26912             -0.189673           
1.30065             95744               0.363673            -0.0280086          -0.52883            -0.162685           1.30931             -0.193348           
1.30413             96000               0.357369            -0.0278483          -0.518925           -0.159564           1.28578             -0.19072            
1.30761             96256               0.335603            -0.0242522          -0.481065           -0.152185           1.20078             -0.178494           
1.31109             96512               0.361846            -0.0294797          -0.526448           -0.158816           1.30291             -0.194145           
1.31457             96768               0.358279            -0.028761           -0.506733           -0.151474           1.27247             -0.191612           
1.31804             97024               0.360571            -0.0271594          -0.512843           -0.158637           1.28432             -0.191634           
1.32152             97280               0.360307            -0.0286442          -0.513631           -0.15484            1.28446             -0.192624           
1.325               97536               0.367168            -0.0300846          -0.524659           -0.155316           1.31008             -0.196377           
1.32848             97792               0.376747            -0.0333909          -0.547857           -0.157291           1.35535             -0.203275           
1.33195             98048               0.380256            -0.0318391          -0.541449           -0.159384           1.35399             -0.204067           
1.33543             98304               0.371045            -0.0315676          -0.529827           -0.155876           1.32319             -0.200373           
1.33891             98560               0.361095            -0.027504           -0.508848           -0.156679           1.2802              -0.192846           
1.34239             98816               0.364027            -0.0293714          -0.522258           -0.15674            1.30167             -0.194882           
1.34586             99072               0.365932            -0.0309045          -0.527555           -0.155618           1.3114              -0.197151           
1.34934             99328               0.376481            -0.031683           -0.541819           -0.16027            1.34777             -0.202595           
1.35282             99584               0.353184            -0.0281751          -0.499336           -0.149923           1.25422             -0.189066           
1.3563              99840               0.364087            -0.0287084          -0.512382           -0.154715           1.28988             -0.194413           
1.35978             100096              0.367415            -0.0316924          -0.525331           -0.15309            1.31112             -0.198196           
1.36325             100352              0.371142            -0.0318133          -0.532087           -0.155341           1.32644             -0.199968           
1.36673             100608              0.364231            -0.0301382          -0.517305           -0.153948           1.29595             -0.195921           
1.37021             100864              0.358529            -0.0299349          -0.510542           -0.151095           1.27734             -0.193106           
1.37369             101120              0.355508            -0.030411           -0.508265           -0.148548           1.26918             -0.192124           
1.37716             101376              0.362654            -0.0297788          -0.51467            -0.153707           1.28989             -0.19507            
1.38064             101632              0.366078            -0.0306988          -0.522199           -0.154804           1.30548             -0.197775           
1.38412             101888              0.371725            -0.0303834          -0.521467           -0.155066           1.31472             -0.19994            
1.3876              102144              0.367441            -0.0319797          -0.512757           -0.146364           1.29605             -0.198641           
1.39107             102400              0.36243             -0.0311762          -0.510232           -0.147692           1.28365             -0.195732           
1.39455             102656              0.366073            -0.0313515          -0.519749           -0.151543           1.30194             -0.197544           
1.39803             102912              0.334008            -0.0283572          -0.475832           -0.140792           1.19075             -0.181551           
1.40151             103168              0.330689            -0.0290282          -0.465314           -0.13496            1.17141             -0.180291           
1.40499             103424              0.326065            -0.0316043          -0.464751           -0.128412           1.16185             -0.180171           
1.40846             103680              0.325177            -0.0304674          -0.469084           -0.133062           1.16569             -0.178967           
1.41194             103936              0.318189            -0.0286728          -0.460847           -0.133573           1.14344             -0.174401           
1.41542             104192              0.32005             -0.0293505          -0.455484           -0.13053            1.14006             -0.175979           
1.4189              104448              0.308132            -0.0285521          -0.43845            -0.12525            1.09785             -0.170414           
1.42237             104704              0.335273            -0.0328045          -0.482298           -0.133352           1.19981             -0.185421           
1.42585             104960              0.317607            -0.0280456          -0.452234           -0.132249           1.132               -0.17401            
1.42933             105216              0.330398            -0.0306106          -0.470882           -0.134009           1.17746             -0.181554           
1.43281             105472              0.325416            -0.0304223          -0.471477           -0.133867           1.16936             -0.179075           
1.43628             105728              0.338706            -0.0309008          -0.489573           -0.140827           1.2154              -0.185481           
1.43976             105984              0.320661            -0.0282053          -0.453969           -0.132013           1.13965             -0.175463           
1.44324             106240              0.34278             -0.0311795          -0.490194           -0.139548           1.22368             -0.187149           
1.44672             106496              0.339671            -0.0293011          -0.489889           -0.144844           1.21781             -0.184572           
1.4502              106752              0.348138            -0.0296473          -0.497973           -0.147042           1.24291             -0.188383           
1.45367             107008              0.337956            -0.0299855          -0.48705            -0.140809           1.21106             -0.183735           
1.45715             107264              0.359046            -0.0331318          -0.529986           -0.151698           1.3011              -0.195432           
1.46063             107520              0.333778            -0.0297636          -0.480672           -0.138536           1.19575             -0.181789           
1.46411             107776              0.330559            -0.0286049          -0.474677           -0.139481           1.18277             -0.179742           
1.46758             108032              0.330871            -0.0278789          -0.475657           -0.141489           1.18455             -0.179006           
1.47106             108288              0.353496            -0.0316022          -0.516225           -0.14765            1.27463             -0.1909             
1.47454             108544              0.350866            -0.0293623          -0.51197            -0.152843           1.26512             -0.189234           
1.47802             108800              0.379682            -0.0318176          -0.557315           -0.163918           1.37248             -0.202827           
1.48149             109056              0.380949            -0.0304791          -0.546202           -0.16331            1.36146             -0.202797           
1.48497             109312              0.392212            -0.0330891          -0.565781           -0.165571           1.40553             -0.210247           
1.48845             109568              0.410126            -0.033702           -0.592837           -0.175462           1.47099             -0.218592           
1.49193             109824              0.387951            -0.0286414          -0.543405           -0.166006           1.37082             -0.204187           
1.49541             110080              0.382515            -0.0292526          -0.549119           -0.166946           1.36808             -0.202306           
1.49888             110336              0.373597            -0.0305703          -0.534285           -0.158678           1.33333             -0.199877           
1.50236             110592              0.355814            -0.0296609          -0.505211           -0.147602           1.26553             -0.190787           
1.50584             110848              0.335799            -0.0276013          -0.481351           -0.142427           1.20024             -0.180114           
1.50932             111104              0.33067             -0.0272603          -0.478931           -0.143354           1.18805             -0.178059           
1.51279             111360              0.314979            -0.0273066          -0.453397           -0.132981           1.12825             -0.171325           
1.51627             111616              0.318826            -0.0281734          -0.463499           -0.134841           1.14713             -0.173129           
1.51975             111872              0.304874            -0.0293123          -0.446536           -0.123416           1.101               -0.167118           
1.52323             112128              0.301409            -0.0293366          -0.440106           -0.12041            1.08667             -0.165638           
1.5267              112384              0.296106            -0.0247488          -0.434807           -0.131791           1.07141             -0.161066           
1.53018             112640              0.307694            -0.0264387          -0.444295           -0.131039           1.10364             -0.167118           
1.53366             112896              0.324084            -0.0287782          -0.471304           -0.135772           1.16619             -0.175987           
1.53714             113152              0.37367             -0.0343272          -0.554307           -0.157001           1.35661             -0.201995           
1.54062             113408              0.362993            -0.0282619          -0.515918           -0.15508            1.29156             -0.192807           
1.54409             113664              0.361241            -0.0268617          -0.508984           -0.156568           1.28023             -0.191398           
1.54757             113920              0.370292            -0.0295908          -0.524245           -0.155399           1.31446             -0.196812           
1.55105             114176              0.353141            -0.0255201          -0.49409            -0.152629           1.24719             -0.186194           
1.55453             114432              0.367789            -0.0278814          -0.528204           -0.160392           1.3152              -0.194108           
1.558               114688              0.363585            -0.026123           -0.512505           -0.159111           1.28829             -0.191126           
1.56148             114944              0.376552            -0.0309614          -0.540629           -0.159044           1.34542             -0.200569           
1.56496             115200              0.362585            -0.0251117          -0.51712            -0.164114           1.2926              -0.190413           
1.56844             115456              0.351311            -0.0248133          -0.492757           -0.152581           1.24224             -0.183813           
1.57191             115712              0.34825             -0.026594           -0.501107           -0.154006           1.24686             -0.185257           
1.57539             115968              0.342232            -0.0258809          -0.489603           -0.150261           1.22196             -0.181767           
1.57887             116224              0.340777            -0.0244034          -0.481557           -0.150737           1.20951             -0.179795           
1.58235             116480              0.321541            -0.0238304          -0.447631           -0.137128           1.13339             -0.170645           
1.58582             116736              0.33605             -0.0253612          -0.477552           -0.146632           1.19596             -0.178138           
1.5893              116992              0.326895            -0.0238249          -0.460936           -0.144816           1.1594              -0.173823           
1.59278             117248              0.340081            -0.0251571          -0.490821           -0.153741           1.21965             -0.180418           
1.59626             117504              0.344254            -0.0255692          -0.492325           -0.153443           1.2291              -0.182775           
1.59974             117760              0.323739            -0.0215244          -0.448018           -0.144581           1.13834             -0.170598           
1.60321             118016              0.355581            -0.0290836          -0.511046           -0.152115           1.27172             -0.189719           
1.60669             118272              0.316131            -0.0231669          -0.443313           -0.136936           1.11859             -0.167804           
1.61017             118528              0.330021            -0.0247087          -0.47789            -0.148414           1.1858              -0.175347           
1.61365             118784              0.296205            -0.0206664          -0.411759           -0.131715           1.04422             -0.157979           
1.61712             119040              0.320115            -0.0249294          -0.461302           -0.1413             1.14728             -0.170903           
1.6206              119296              0.320226            -0.0250645          -0.458894           -0.139309           1.14439             -0.17068            
1.62408             119552              0.282516            -0.0170073          -0.390073           -0.129818           0.993368            -0.1482             
1.62756             119808              0.301487            -0.0215492          -0.43011            -0.137603           1.07572             -0.160713           
1.63103             120064              0.31038             -0.0225599          -0.445153           -0.140916           1.11015             -0.165054           
1.63451             120320              0.308458            -0.0214466          -0.4495             -0.145244           1.11215             -0.163276           
1.63799             120576              0.327731            -0.0240417          -0.480116           -0.151452           1.18411             -0.173555           
1.64147             120832              0.326072            -0.0250854          -0.473115           -0.145939           1.17247             -0.173864           
1.64495             121088              0.353367            -0.0277035          -0.523908           -0.16034            1.2837              -0.187538           
1.64842             121344              0.371053            -0.0278983          -0.549683           -0.170912           1.34768             -0.196138           
1.6519              121600              0.363694            -0.0242544          -0.524674           -0.169681           1.30472             -0.190892           
1.65538             121856              0.401602            -0.0294797          -0.58666            -0.182979           1.44846             -0.211486           
1.65886             122112              0.368287            -0.0225862          -0.521224           -0.172286           1.30949             -0.192242           
1.66233             122368              0.400887            -0.0267615          -0.579729           -0.186249           1.43931             -0.209349           
1.66581             122624              0.389288            -0.0250002          -0.559961           -0.18288            1.3944              -0.20324            
1.66929             122880              0.365418            -0.0220739          -0.51807            -0.172368           1.30051             -0.190722           
1.67277             123136              0.362466            -0.0235876          -0.524356           -0.171862           1.3026              -0.190747           
1.67624             123392              0.351686            -0.0225139          -0.504922           -0.165452           1.25928             -0.184621           
1.67972             123648              0.32915             -0.018666           -0.474382           -0.162064           1.18178             -0.172038           
1.6832              123904              0.336598            -0.0231737          -0.490705           -0.157176           1.21459             -0.178264           
1.68668             124160              0.311089            -0.0198052          -0.448105           -0.14876            1.11682             -0.16513            
1.69016             124416              0.306312            -0.0205761          -0.448155           -0.14617            1.10789             -0.163019           
1.69363             124672              0.302942            -0.0195657          -0.450476           -0.149981           1.10486             -0.160952           
1.69711             124928              0.279899            -0.0168985          -0.411042           -0.139484           1.01536             -0.148922           
1.70059             125184              0.299765            -0.020337           -0.447412           -0.146279           1.09538             -0.160251           
1.70407             125440              0.300782            -0.0169387          -0.436061           -0.149231           1.08384             -0.157773           
1.70754             125696              0.322133            -0.0214446          -0.475493           -0.154199           1.17016             -0.17056            
1.71102             125952              0.315788            -0.0176868          -0.458388           -0.157094           1.13812             -0.165203           
1.7145              126208              0.341701            -0.0219121          -0.5062             -0.166072           1.24284             -0.17929            
1.71798             126464              0.344329            -0.0208726          -0.507811           -0.169096           1.24964             -0.179425           
1.72145             126720              0.343902            -0.0217268          -0.508637           -0.167207           1.24967             -0.179771           
1.72493             126976              0.333755            -0.0202608          -0.495521           -0.165225           1.21567             -0.174428           
1.72841             127232              0.347401            -0.0200241          -0.517164           -0.175242           1.26649             -0.179826           
1.73189             127488              0.353544            -0.0231868          -0.529355           -0.171233           1.29195             -0.18434            
1.73537             127744              0.35123             -0.0217155          -0.521503           -0.171741           1.27851             -0.18261            
1.73884             128000              0.33262             -0.0188264          -0.484304           -0.162767           1.1999              -0.172233           
1.74232             128256              0.332315            -0.0176268          -0.477939           -0.162773           1.1914              -0.170783           
1.7458              128512              0.351116            -0.020612           -0.516619           -0.17178            1.27248             -0.181397           
1.74928             128768              0.345752            -0.0178221          -0.505062           -0.172787           1.24897             -0.176598           
1.75275             129024              0.358906            -0.0192181          -0.525704           -0.178289           1.29774             -0.183463           
1.75623             129280              0.34811             -0.0179771          -0.504149           -0.172134           1.25218             -0.177939           
1.75971             129536              0.342602            -0.0189435          -0.501805           -0.168214           1.23908             -0.176295           
1.76319             129792              0.364061            -0.0209325          -0.534153           -0.177487           1.31685             -0.186794           
1.76666             130048              0.32735             -0.0173025          -0.482371           -0.164914           1.18763             -0.168241           
1.77014             130304              0.30748             -0.0158853          -0.451705           -0.154135           1.11436             -0.158203           
1.77362             130560              0.308749            -0.0177465          -0.457695           -0.152859           1.12372             -0.160588           
1.7771              130816              0.316939            -0.0184305          -0.464221           -0.154252           1.14619             -0.164605           
1.78058             131072              0.323325            -0.0204513          -0.480824           -0.155607           1.17782             -0.168642           
1.78405             131328              0.31845             -0.0171911          -0.477486           -0.162351           1.16561             -0.164264           
1.78753             131584              0.312034            -0.0183519          -0.458668           -0.151288           1.13077             -0.162314           
1.79101             131840              0.306055            -0.0178719          -0.440743           -0.145229           1.09798             -0.159321           
1.79449             132096              0.367786            -0.0276767          -0.555048           -0.169421           1.348               -0.193655           
1.79796             132352              0.34178             -0.0207698          -0.498716           -0.163124           1.23331             -0.17763            
1.80144             132608              0.345676            -0.0198882          -0.50628            -0.169301           1.24978             -0.178925           
1.80492             132864              0.336623            -0.0202785          -0.489604           -0.161117           1.21273             -0.17495            
1.8084              133120              0.339193            -0.0221789          -0.500157           -0.160631           1.23004             -0.177161           
1.81187             133376              0.330245            -0.0213985          -0.48445            -0.156643           1.19474             -0.173013           
1.81535             133632              0.34157             -0.0230748          -0.502591           -0.159579           1.23705             -0.178661           
1.81883             133888              0.340535            -0.0225951          -0.498463           -0.160133           1.23015             -0.178089           
1.82231             134144              0.325851            -0.02089            -0.475367           -0.154649           1.17574             -0.17049            
1.82579             134400              0.329199            -0.0207448          -0.476778           -0.155793           1.18341             -0.171608           
1.82926             134656              0.329885            -0.0191057          -0.476489           -0.159846           1.18435             -0.17052            
1.83274             134912              0.334654            -0.0221402          -0.482594           -0.154405           1.20007             -0.174648           
1.83622             135168              0.33789             -0.0203732          -0.485439           -0.16006            1.20958             -0.174409           
1.8397              135424              0.335356            -0.020355           -0.487048           -0.160351           1.20688             -0.172826           
1.84317             135680              0.338944            -0.0203418          -0.491718           -0.162188           1.2189              -0.173947           
1.84665             135936              0.331131            -0.019109           -0.474132           -0.157409           1.18352             -0.16963            
1.85013             136192              0.348426            -0.0200703          -0.512007           -0.170292           1.26099             -0.177485           
1.85361             136448              0.327448            -0.0169352          -0.465923           -0.158375           1.1673              -0.16616            
1.85708             136704              0.330953            -0.0176159          -0.470058           -0.1593             1.17872             -0.168681           
1.86056             136960              0.351673            -0.0201935          -0.504512           -0.167396           1.2579              -0.179692           
1.86404             137216              0.343384            -0.0196871          -0.492223           -0.164468           1.22801             -0.176248           
1.86752             137472              0.331728            -0.0179569          -0.473129           -0.160055           1.18416             -0.170277           
1.871               137728              0.334215            -0.0185978          -0.479764           -0.161438           1.1967              -0.172131           
1.87447             137984              0.334712            -0.0181815          -0.483803           -0.165189           1.20277             -0.17249            
1.87795             138240              0.337017            -0.0215586          -0.492065           -0.159017           1.21652             -0.175479           
1.88143             138496              0.330736            -0.0200809          -0.477042           -0.155858           1.18709             -0.171831           
1.88491             138752              0.326655            -0.0174221          -0.469504           -0.159577           1.1708              -0.167932           
1.88838             139008              0.332901            -0.0203711          -0.488573           -0.1597             1.20495             -0.172573           
1.89186             139264              0.323422            -0.0180136          -0.471822           -0.158723           1.16804             -0.167221           
1.89534             139520              0.342227            -0.021448           -0.506074           -0.164249           1.2434              -0.177741           
1.89882             139776              0.337175            -0.0189165          -0.496128           -0.166533           1.22243             -0.173672           
1.90229             140032              0.350009            -0.0213353          -0.517988           -0.169272           1.27208             -0.180984           
1.90577             140288              0.361426            -0.0246098          -0.533754           -0.168056           1.31147             -0.188667           
1.90925             140544              0.365243            -0.0218786          -0.539568           -0.17773            1.32615             -0.188512           
1.91273             140800              0.384759            -0.024926           -0.56899            -0.182085           1.39687             -0.199026           
1.91621             141056              0.383607            -0.0239066          -0.564672           -0.182773           1.38963             -0.197702           
1.91968             141312              0.37135             -0.0219464          -0.54124            -0.177709           1.33896             -0.190626           
1.92316             141568              0.364534            -0.0215017          -0.535304           -0.17498            1.31931             -0.186528           
1.92664             141824              0.365542            -0.0227727          -0.532178           -0.171088           1.31672             -0.187642           
1.93012             142080              0.351258            -0.0208161          -0.510253           -0.167433           1.26445             -0.18014            
1.93359             142336              0.355959            -0.0205398          -0.517648           -0.169961           1.28178             -0.180996           
1.93707             142592              0.354769            -0.0197549          -0.515258           -0.170897           1.27682             -0.17979            
1.94055             142848              0.367843            -0.021978           -0.541561           -0.17568            1.33202             -0.186393           
1.94403             143104              0.350549            -0.0186324          -0.514016           -0.172552           1.26758             -0.176369           
1.9475              143360              0.354672            -0.0189835          -0.514587           -0.171293           1.27556             -0.177993           
1.95098             143616              0.343681            -0.0182268          -0.494241           -0.165338           1.23084             -0.172878           
1.95446             143872              0.329993            -0.0146325          -0.471092           -0.164163           1.17835             -0.163933           
1.95794             144128              0.338103            -0.0166402          -0.479754           -0.162692           1.20315             -0.168651           
1.96142             144384              0.32342             -0.0157962          -0.454599           -0.154583           1.14588             -0.161834           
1.96489             144640              0.328928            -0.0154767          -0.464122           -0.158067           1.16761             -0.163259           
1.96837             144896              0.328898            -0.0146292          -0.4583             -0.157037           1.1604              -0.161983           
1.97185             145152              0.335831            -0.0154625          -0.472856           -0.161129           1.19063             -0.165665           
1.97533             145408              0.33919             -0.0166349          -0.468659           -0.155737           1.19112             -0.167404           
1.9788              145664              0.335396            -0.0170479          -0.471218           -0.155891           1.18736             -0.165932           
1.98228             145920              0.333371            -0.0172094          -0.472204           -0.154704           1.18461             -0.16425            
1.98576             146176              0.318978            -0.0145817          -0.443004           -0.149344           1.12313             -0.156084           
1.98924             146432              0.317542            -0.0145136          -0.446534           -0.151314           1.12519             -0.155827           
1.99271             146688              0.329514            -0.0154395          -0.464499           -0.156039           1.16856             -0.161234           
1.99619             146944              0.350346            -0.0178684          -0.495597           -0.163417           1.24385             -0.172279           
1.99967             147200              0.343361            -0.0166093          -0.480448           -0.159796           1.21302             -0.16841            
