#Time               nTime               force-x             force-y             force-z             moment-x            moment-y            moment-z            
0                   0                   -0.218464           -0.00799897         -0.000742002        0.0115529           -0.292629           -0.252795           
0.00347769          256                 1.1196              0.635737            0.675877            -1.53798            0.910314            1.68023             
0.00695537          512                 4.6882              0.62689             0.466553            -1.24504            5.87395             5.38491             
0.0104331           768                 0.0165182           5.67774             -0.205849           -7.61507            0.0399011           5.23631             
0.0139107           1024                1.05967             -4.09779            4.91588             0.846317            -2.78855            -2.8015             
0.0173884           1280                3.20418             -3.19375            4.72937             -0.268041           0.221359            0.160138            
0.0208661           1536                1.74465             0.086677            2.24995             -2.31548            0.376216            1.82307             
0.0243438           1792                1.95007             0.301373            2.08656             -2.41435            0.821               2.2636              
0.0278215           2048                0.520643            0.379204            1.88776             -2.32211            -0.927358           0.86252             
0.0312992           2304                -0.26183            -0.161696           -0.00492893         0.266766            -0.30761            -0.432026           
0.0347769           2560                -1.29348            -0.177532           -1.59446            1.82626             -0.313726           -1.49048            
0.0382545           2816                -1.64142            -1.19696            -1.55321            3.15935             -0.814286           -2.77328            
0.0417322           3072                -0.877116           -2.14972            -1.1735             4.09038             -0.0958648          -2.87275            
0.0452099           3328                0.0377485           -2.34841            -0.815863           4.00823             0.826041            -2.12663            
0.0486876           3584                0.558016            -2.37855            -0.67765            3.90865             1.4045              -1.62667            
0.0521653           3840                1.11171             -2.4626             -0.669696           4.00947             2.14212             -1.15486            
0.055643            4096                1.93272             -2.47853            -0.422387           3.7871              3.02843             -0.366112           
0.0591207           4352                3.03452             -2.01932            0.00696163          2.72952             4.1214              1.13772             
0.0625984           4608                3.92233             -1.28543            0.345366            1.38672             5.00749             2.66294             
0.066076            4864                4.44413             -0.505471           0.555501            0.101679            5.51407             3.85592             
0.0695537           5120                4.52067             -0.00444242         0.834021            -0.867502           5.36327             4.35364             
0.0730314           5376                4.46553             0.453799            0.959526            -1.61905            5.17906             4.64888             
0.0765091           5632                4.32465             0.490281            1.18734             -1.89668            4.78518             4.48106             
0.0799868           5888                4.07608             0.462594            1.43597             -2.10868            4.22158             4.1575              
0.0834645           6144                3.8759              0.412513            1.47619             -2.07669            3.90448             3.85776             
0.0869422           6400                3.81117             0.495349            1.34154             -2.04627            3.92485             3.81777             
0.0904198           6656                4.16823             0.479379            1.20751             -1.88515            4.50779             4.11638             
0.0938975           6912                4.28546             0.15196             0.983089            -1.20305            4.86877             3.89357             
0.0973752           7168                4.36445             -0.0971368          0.731669            -0.61504            5.19845             3.68435             
0.100853            7424                4.42683             -0.689866           1.17443             -0.247423           4.87805             3.18514             
0.104331            7680                4.52088             -1.16166            1.73603             -0.179363           4.49389             2.81947             
0.107808            7936                4.62918             -1.59912            2.27335             -0.124867           4.16595             2.52028             
0.111286            8192                4.7042              -1.84606            2.68661             -0.205877           3.89396             2.36432             
0.114764            8448                4.73128             -1.93149            2.83185             -0.236843           3.79553             2.3024              
0.118241            8704                4.98925             -1.80043            2.86839             -0.447641           4.09903             2.66893             
0.121719            8960                5.22941             -1.81512            3.15882             -0.714239           4.16397             2.87115             
0.125197            9216                5.47508             -1.93452            3.26637             -0.65827            4.41115             2.97492             
0.128674            9472                5.90117             -2.14907            3.41465             -0.507967           4.85359             3.20471             
0.132152            9728                6.08141             -2.1838             3.82724             -0.874727           4.72013             3.3605              
0.13563             9984                6.44185             -2.45187            4.32638             -1.01182            4.76266             3.47268             
0.139107            10240               6.47637             -2.58672            4.32552             -0.823035           4.80333             3.38723             
0.142585            10496               6.49121             -2.42999            4.6166              -1.32673            4.55604             3.53474             
0.146063            10752               6.73649             -2.49372            5.29082             -1.92133            4.28038             3.72175             
0.149541            11008               6.17883             -2.36374            5.62179             -2.43705            3.22848             3.28754             
0.153018            11264               5.71396             -2.1236             5.45897             -2.60053            2.72863             3.05161             
0.156496            11520               5.46511             -1.39044            4.8834              -3.02304            2.89141             3.46124             
0.159974            11776               5.29604             -1.21016            4.58931             -2.97003            2.9424              3.43071             
0.163451            12032               5.10927             -0.851942           4.04134             -2.90901            3.18866             3.55163             
0.166929            12288               5.0027              -0.583941           3.71682             -2.94931            3.33715             3.67117             
0.170407            12544               5.13374             -0.700083           3.66762             -2.73612            3.56771             3.68329             
0.173884            12800               5.26928             -1.06441            3.4851              -2.05542            3.92377             3.48436             
0.177362            13056               5.43965             -1.2278             3.40951             -1.75741            4.2211              3.51649             
0.18084             13312               5.57211             -1.31077            3.23404             -1.47372            4.55734             3.57524             
0.184317            13568               5.69438             -1.6043             3.33035             -1.17262            4.63984             3.4314              
0.187795            13824               5.95178             -1.75702            3.39003             -1.02465            4.93531             3.55558             
0.191273            14080               6.32545             -1.75706            3.28093             -0.91383            5.53448             3.9339              
0.19475             14336               6.77355             -1.79916            3.49926             -1.0734             5.94612             4.33932             
0.198228            14592               6.88032             -1.81325            3.65193             -1.21034            5.95315             4.42145             
0.201706            14848               7.06627             -1.78955            3.86238             -1.45053            6.01555             4.62573             
0.205183            15104               7.31906             -1.88651            3.99268             -1.45469            6.23675             4.79681             
0.208661            15360               7.26497             -2.28339            3.86072             -0.782962           6.28251             4.39111             
0.212139            15616               7.30004             -2.26115            3.81389             -0.761241           6.3706              4.44718             
0.215617            15872               7.54978             -2.06452            3.91069             -1.12277            6.61665             4.85528             
0.219094            16128               7.50679             -1.91767            4.29278             -1.71118            6.21827             4.93118             
0.222572            16384               7.55607             -1.77521            3.85588             -1.46609            6.68981             5.08653             
0.22605             16640               7.48975             -1.73973            3.62625             -1.26212            6.8045              5.07115             
0.229527            16896               7.45361             -1.67955            3.35438             -1.07749            6.99253             5.09724             
0.233005            17152               7.88943             -1.87849            3.81581             -1.26877            7.16153             5.35527             
0.236483            17408               8.05094             -1.98725            4.20811             -1.52248            7.0407              5.39896             
0.23996             17664               7.82167             -1.90309            4.44931             -1.88224            6.52435             5.23095             
0.243438            17920               7.59082             -1.75242            4.57167             -2.2129             6.09462             5.16032             
0.246916            18176               7.62937             -2.10753            4.41686             -1.57974            6.27891             4.89779             
0.250393            18432               7.64621             -2.12621            3.86488             -1.00097            6.78563             4.91363             
0.253871            18688               7.45515             -1.78381            3.79102             -1.39125            6.59382             5.01318             
0.257349            18944               7.46195             -1.7167             3.83945             -1.53196            6.56871             5.06168             
0.260826            19200               7.37219             -1.85182            3.58283             -1.08903            6.68495             4.8481              
0.264304            19456               7.67756             -1.69783            3.65872             -1.36328            7.02011             5.30056             
0.267782            19712               7.93283             -1.72637            4.05902             -1.72975            7.00395             5.52576             
0.27126             19968               8.11084             -1.92555            3.87444             -1.27691            7.41475             5.51485             
0.274737            20224               7.9334              -1.69718            3.83912             -1.54429            7.2026              5.55039             
0.278215            20480               8.27882             -1.82196            4.09009             -1.63001            7.43411             5.78758             
0.281693            20736               8.21597             -2.27256            3.96173             -0.900163           7.47081             5.31633             
0.28517             20992               8.06403             -2.17745            3.98149             -1.04286            7.25248             5.23631             
0.288648            21248               8.03372             -1.97655            4.20903             -1.5349             7.00552             5.38203             
0.292126            21504               8.13952             -1.9193             3.90352             -1.32205            7.43376             5.52861             
0.295603            21760               8.37957             -2.01736            4.09329             -1.36337            7.58565             5.68446             
0.299081            22016               8.30546             -1.80019            4.4844              -2.04873            7.12708             5.81787             
0.302559            22272               8.2644              -2.14781            4.49793             -1.6001             7.07105             5.45928             
0.306036            22528               7.98257             -2.0876             4.2007              -1.38295            6.94939             5.22657             
0.309514            22784               7.88562             -1.8996             4.19044             -1.62819            6.82285             5.30288             
0.312992            23040               7.87178             -1.97244            3.94013             -1.28383            7.03459             5.20935             
0.316469            23296               7.835               -1.74039            3.62386             -1.27842            7.25949             5.38049             
0.319947            23552               7.84789             -1.83165            3.96819             -1.4921             6.96557             5.33283             
0.323425            23808               7.67928             -1.9653             3.69998             -1.05354            6.99347             5.03818             
0.326903            24064               7.78524             -1.82699            3.4146              -0.952147           7.3886              5.26033             
0.33038             24320               7.76063             -1.6214             3.93512             -1.75126            6.87847             5.41909             
0.333858            24576               7.73665             -1.97547            3.70921             -1.05042            7.06704             5.07158             
0.337336            24832               7.77966             -1.97216            3.35961             -0.698786           7.4372              5.11545             
0.340813            25088               7.76067             -1.47987            3.68935             -1.69356            7.09691             5.55449             
0.344291            25344               7.79666             -1.8573             3.44226             -0.946557           7.3825              5.23809             
0.347769            25600               7.67761             -1.94885            3.36791             -0.743269           7.28829             5.04075             
0.351246            25856               7.61625             -1.65392            3.42085             -1.19391            7.14654             5.24204             
0.354724            26112               7.82167             -1.93707            3.47081             -0.863306           7.38486             5.18482             
0.358202            26368               7.90718             -2.19822            3.28224             -0.315326           7.67664             5.03131             
0.361679            26624               7.94547             -1.97113            3.73865             -1.06557            7.31305             5.27756             
0.365157            26880               7.95244             -2.03655            3.86836             -1.11523            7.22184             5.21268             
0.368635            27136               8.21983             -2.04771            3.45844             -0.690679           7.93808             5.46537             
0.372112            27392               8.27294             -2.01186            4.09814             -1.36685            7.42947             5.57517             
0.37559             27648               8.20431             -2.24727            4.18163             -1.14361            7.27944             5.29226             
0.379068            27904               8.04076             -2.39902            3.99352             -0.747179           7.22471             4.99005             
0.382546            28160               7.98257             -2.37651            4.03707             -0.820249           7.10142             4.95817             
0.386023            28416               8.27869             -2.25876            4.32569             -1.26791            7.24152             5.34346             
0.389501            28672               7.98793             -2.055              4.2168              -1.44425            6.96121             5.21619             
0.392979            28928               7.85523             -1.77987            3.97976             -1.57359            6.99252             5.3421              
0.396456            29184               7.97935             -1.85674            4.03445             -1.52237            7.10071             5.42291             
0.399934            29440               8.29522             -2.27165            4.17377             -1.0997             7.39681             5.37673             
0.403412            29696               8.45015             -2.29799            3.83374             -0.729467           7.90756             5.5089              
0.406889            29952               8.13222             -2.26375            3.75698             -0.698301           7.55199             5.21437             
0.410367            30208               8.14156             -1.81096            3.77802             -1.33523            7.54741             5.60998             
0.413845            30464               8.39752             -1.92167            3.81732             -1.22287            7.85309             5.77263             
0.417322            30720               8.64076             -2.13852            4.05663             -1.17292            7.96681             5.82676             
0.4208              30976               8.53317             -2.3913             4.14034             -0.910591           7.7527              5.50387             
0.424278            31232               8.17836             -2.22004            4.07205             -1.07765            7.32816             5.31675             
0.427755            31488               8.39994             -2.20671            3.80308             -0.832523           7.86585             5.53118             
0.431233            31744               8.68492             -2.32903            4.17584             -1.03325            7.92244             5.7076              
0.434711            32000               8.49362             -2.32022            3.92319             -0.796141           7.89824             5.52836             
0.438188            32256               8.46672             -2.30532            3.86543             -0.756354           7.90862             5.52798             
0.441666            32512               8.22605             -2.38694            3.90013             -0.68113            7.55201             5.205               
0.445144            32768               8.15509             -2.34372            3.76231             -0.600766           7.58536             5.16091             
0.448622            33024               8.12552             -2.28163            3.79682             -0.715399           7.51212             5.18154             
0.452099            33280               8.27038             -2.12553            3.72498             -0.857827           7.7709              5.45936             
0.455577            33536               8.43343             -2.01971            3.93297             -1.20272            7.80001             5.72014             
0.459055            33792               8.42693             -2.02661            4.15694             -1.41814            7.58978             5.7064              
0.462532            34048               8.41986             -2.36552            4.24645             -1.04542            7.50427             5.40643             
0.46601             34304               8.02439             -2.4252             3.84739             -0.577883           7.33466             4.96103             
0.469488            34560               7.7569              -2.32819            3.71626             -0.576824           7.08683             4.77662             
0.472965            34816               7.5839              -2.2118             3.72504             -0.742841           6.84567             4.70544             
0.476443            35072               7.86798             -2.1542             3.77162             -0.865678           7.17721             5.03343             
0.479921            35328               8.22074             -2.15001            4.05624             -1.15261            7.39912             5.39889             
0.483398            35584               7.82081             -2.26778            3.69502             -0.635761           7.19242             4.88848             
0.486876            35840               7.81865             -1.89546            3.60322             -1.0484             7.26357             5.22746             
0.490354            36096               7.82058             -2.0114             3.89842             -1.18646            6.99435             5.11463             
0.493831            36352               7.97928             -2.18791            3.72382             -0.771103           7.37475             5.1032              
0.497309            36608               7.91559             -2.08106            3.63676             -0.823442           7.37122             5.14212             
0.500787            36864               8.04557             -1.78945            3.69136             -1.2781             7.49006             5.54154             
0.504265            37120               8.01846             -1.93581            3.78658             -1.17635            7.37197             5.3672              
0.507742            37376               8.37462             -1.97866            3.77787             -1.10234            7.86066             5.68046             
0.51122             37632               8.43519             -1.98128            4.05168             -1.36978            7.70105             5.75422             
0.514698            37888               8.29129             -2.09882            3.89958             -1.06534            7.6457              5.50851             
0.518175            38144               8.51679             -2.19776            3.85078             -0.883847           7.99316             5.6452              
0.521653            38400               8.59262             -2.13524            4.49332             -1.60291            7.50913             5.79105             
0.525131            38656               8.4891              -2.24069            4.55275             -1.53383            7.31833             5.58109             
0.528608            38912               8.4872              -2.17772            3.90773             -0.967423           7.89476             5.62413             
0.532086            39168               8.12072             -1.92849            3.85617             -1.25138            7.44203             5.51352             
0.535564            39424               8.27186             -1.74512            3.85152             -1.4997             7.63795             5.82057             
0.539041            39680               8.47287             -2.14587            3.97187             -1.07024            7.81775             5.64833             
0.542519            39936               8.22784             -2.04874            3.70056             -0.932829           7.7361              5.49473             
0.545997            40192               8.16807             -1.72193            3.6021              -1.28342            7.73593             5.72543             
0.549474            40448               8.52698             -1.96871            4.05517             -1.39419            7.81574             5.85538             
0.552952            40704               8.60679             -2.17219            3.88944             -0.950934           8.08125             5.74202             
0.55643             40960               8.6974              -2.0801             4.39397             -1.56993            7.7451              5.94003             
0.559907            41216               8.5199              -2.21444            4.52123             -1.53468            7.38812             5.65209             
0.563385            41472               8.429               -2.56687            4.32854             -0.864051           7.44224             5.24497             
0.566863            41728               8.31751             -2.38553            4.32429             -1.10424            7.28789             5.30395             
0.570341            41984               8.3101              -2.00865            4.44734             -1.73903            7.16172             5.61958             
0.573818            42240               8.08726             -2.04425            4.1337              -1.38329            7.16252             5.33165             
0.577296            42496               7.66588             -1.91363            3.7464              -1.16291            6.93596             5.04116             
0.580774            42752               7.92476             -1.74748            3.89927             -1.54176            7.13098             5.46164             
0.584251            43008               8.08232             -2.0971             3.54725             -0.72361            7.66868             5.28369             
0.587729            43264               7.93643             -2.06154            3.51019             -0.721504           7.51002             5.17737             
0.591207            43520               8.09172             -2.01307            3.99495             -1.26777            7.28276             5.38827             
0.594684            43776               8.53516             -2.31945            4.12941             -0.995507           7.76491             5.5558              
0.598162            44032               8.35878             -2.37241            3.91117             -0.70845            7.71766             5.34024             
0.60164             44288               8.08419             -2.08114            3.90304             -1.09413            7.35319             5.33074             
0.605117            44544               8.27335             -2.04203            3.9225              -1.17038            7.59618             5.54287             
0.608595            44800               8.3566              -2.07141            4.24294             -1.44893            7.41433             5.59638             
0.612073            45056               7.94314             -2.16386            3.96734             -1.05498            7.11176             5.10089             
0.61555             45312               8.01221             -2.12697            3.69709             -0.831653           7.44112             5.21909             
0.619028            45568               7.73854             -2.12231            3.78273             -0.924109           6.98959             4.94788             
0.622506            45824               7.92048             -2.10673            3.63415             -0.800018           7.37214             5.12337             
0.625984            46080               8.19869             -1.87681            3.45892             -0.926014           7.90805             5.58444             
0.629461            46336               8.20803             -1.92223            3.92445             -1.31893            7.50352             5.57866             
0.632939            46592               8.20757             -2.04945            3.75224             -0.987205           7.66501             5.46273             
0.636417            46848               8.23801             -2.30292            3.34542             -0.228531           8.07763             5.25778             
0.639894            47104               8.33977             -2.02399            4.17628             -1.42739            7.44585             5.62269             
0.643372            47360               8.38182             -2.09446            4.39076             -1.56913            7.32656             5.57431             
0.64685             47616               8.4145              -2.17127            4.00236             -1.06949            7.71721             5.53818             
0.650327            47872               8.03908             -1.69886            3.79787             -1.50013            7.38542             5.60819             
0.653805            48128               8.31427             -2.07845            3.77794             -0.97201            7.76832             5.56428             
0.657283            48384               8.39593             -2.42464            3.86938             -0.591565           7.80765             5.34093             
0.66076             48640               8.26349             -2.25358            3.76981             -0.723349           7.71436             5.35862             
0.664238            48896               8.2401              -1.75671            3.9539              -1.59146            7.51687             5.75653             
0.667716            49152               8.6009              -2.13099            4.05234             -1.18875            7.9298              5.75795             
0.671193            49408               8.35221             -1.97907            3.71231             -1.04555            7.90099             5.6605              
0.674671            49664               7.98006             -1.73244            3.54199             -1.21083            7.53178             5.52727             
0.678149            49920               8.20325             -2.08443            3.74621             -0.942167           7.64536             5.44478             
0.681626            50176               8.08739             -2.34476            3.47387             -0.314329           7.73668             5.09961             
0.685104            50432               7.95466             -2.1863             3.08505             -0.135247           7.9166              5.09443             
0.688582            50688               8.2691              -1.78282            3.5093              -1.09908            7.95166             5.76397             
0.69206             50944               8.3737              -1.86289            4.01951             -1.50424            7.64452             5.79177             
0.695537            51200               8.4678              -1.95894            3.85237             -1.20735            7.92652             5.7867              
0.699015            51456               8.55413             -1.54457            4.01471             -1.92631            7.88527             6.26286             
0.702493            51712               8.43292             -1.91997            4.04124             -1.45177            7.7016              5.79528             
0.70597             51968               8.48178             -1.91742            3.81292             -1.23016            7.98139             5.84898             
0.709448            52224               8.46274             -1.92204            3.85633             -1.26235            7.91496             5.83401             
0.712926            52480               8.73211             -2.01121            4.23379             -1.52282            7.93249             6.02337             
0.716403            52736               8.52073             -2.27325            4.09387             -1.03035            7.7862              5.57576             
0.719881            52992               8.39989             -1.92278            3.93413             -1.33497            7.76246             5.77101             
0.723359            53248               8.60937             -1.90093            4.19998             -1.63278            7.8052              6.00053             
0.726836            53504               8.73584             -2.12414            4.09554             -1.23307            8.06428             5.93296             
0.730314            53760               8.80992             -2.14648            4.18801             -1.28592            8.07671             6.00744             
0.733792            54016               8.84042             -1.92526            4.40126             -1.80008            7.91818             6.2288              
0.73727             54272               8.60805             -2.07459            4.30482             -1.51068            7.7065              5.83556             
0.740747            54528               8.43633             -1.97773            3.84196             -1.17415            7.89513             5.74326             
0.744225            54784               8.40215             -1.85058            4.00834             -1.50569            7.68904             5.84441             
0.747703            55040               8.36027             -2.19635            4.16582             -1.19898            7.50004             5.48821             
0.75118             55296               8.26715             -2.21135            3.6911              -0.7135             7.80267             5.37603             
0.754658            55552               8.23851             -2.22067            3.80688             -0.807168           7.65232             5.34562             
0.758136            55808               8.14862             -2.06092            4.06879             -1.2842             7.30186             5.39562             
0.761613            56064               8.12834             -2.15189            3.68671             -0.786093           7.62862             5.28017             
0.765091            56320               8.51883             -1.93417            3.5585              -0.939519           8.25838             5.87583             
0.768569            56576               8.63333             -1.88485            4.37998             -1.8305             7.6704              6.05624             
0.772046            56832               8.37138             -2.33759            3.84961             -0.707424           7.79131             5.38166             
0.775524            57088               8.5656              -2.16205            3.91372             -0.993595           7.99244             5.73462             
0.779002            57344               8.31639             -1.84519            3.91012             -1.42205            7.65035             5.77012             
0.782479            57600               8.23219             -1.95933            3.89721             -1.25625            7.57159             5.55627             
0.785957            57856               7.91137             -1.52697            3.37666             -1.32503            7.61198             5.60697             
0.789435            58112               8.31164             -1.43332            3.83767             -1.89887            7.72175             6.10833             
0.792912            58368               8.20055             -2.11582            3.9887              -1.1349             7.45452             5.39403             
0.79639             58624               8.15968             -2.23405            3.61516             -0.598257           7.72629             5.25005             
0.799868            58880               8.25323             -2.11952            3.52821             -0.661903           7.92242             5.44826             
0.803346            59136               8.27984             -2.28195            3.72132             -0.639691           7.79835             5.31936             
0.806823            59392               8.45229             -1.92895            3.68217             -1.07761            8.06338             5.7852              
0.810301            59648               8.49928             -1.95368            4.28415             -1.63849            7.58475             5.82189             
0.813779            59904               8.50568             -2.03168            4.1561              -1.41598            7.70356             5.77334             
0.817256            60160               8.72764             -2.21001            4.20096             -1.21295            7.95361             5.85312             
0.820734            60416               8.35573             -2.33776            4.27743             -1.11543            7.38035             5.38758             
0.824212            60672               8.16203             -2.22228            4.16224             -1.16565            7.22442             5.28134             
0.827689            60928               7.88829             -2.26133            4.25502             -1.20855            6.77717             4.95505             
0.831167            61184               7.63229             -2.16538            4.40242             -1.48499            6.2991              4.79084             
0.834645            61440               7.56872             -2.1829             4.21853             -1.27847            6.37295             4.72058             
0.838122            61696               7.29682             -2.22752            3.632               -0.633333           6.53332             4.40339             
0.8416              61952               7.1719              -1.9829             3.23733             -0.562654           6.71094             4.49829             
0.845078            62208               7.43045             -1.99165            3.38543             -0.699724           6.93717             4.73998             
0.848555            62464               7.51654             -1.95585            3.05509             -0.416886           7.35595             4.84165             
0.852033            62720               7.76801             -1.66429            3.49234             -1.24037            7.29374             5.3698              
0.855511            62976               7.98702             -1.87704            3.65116             -1.1145             7.45753             5.38815             
0.858989            63232               8.25178             -1.88824            3.28391             -0.732205           8.14163             5.64784             
0.862466            63488               8.33158             -1.75889            3.83594             -1.45546            7.74454             5.84946             
0.865944            63744               8.38481             -2.15562            3.94561             -1.03946            7.72921             5.54752             
0.869422            64000               8.43102             -2.20341            3.74776             -0.772548           7.96527             5.54854             
0.872899            64256               8.54947             -2.0056             4.48395             -1.7678             7.45209             5.85519             
0.876377            64512               8.52596             -2.2939             4.442               -1.3552             7.47349             5.55892             
0.879855            64768               8.5571              -2.33804            3.92043             -0.763949           7.97859             5.5536              
0.883332            65024               8.41741             -2.06395            4.14903             -1.35224            7.57945             5.67754             
0.88681             65280               8.46189             -1.91036            4.17458             -1.59252            7.61086             5.85294             
0.890288            65536               8.45272             -2.20388            4.19607             -1.21713            7.59485             5.56285             
0.893765            65792               8.44677             -2.12458            4.05445             -1.17586            7.71198             5.63907             
0.897243            66048               8.56141             -1.82375            4.30702             -1.83918            7.62161             6.04362             
0.900721            66304               8.73526             -2.26426            4.45539             -1.40233            7.7386              5.81004             
0.904198            66560               8.67564             -2.39558            4.21946             -0.981472           7.8712              5.62569             
0.907676            66816               8.51261             -2.09955            4.24419             -1.40341            7.62838             5.74095             
0.911154            67072               8.68994             -2.06925            4.09047             -1.29741            8.00829             5.93966             
0.914631            67328               8.71656             -2.22486            4.33889             -1.33535            7.8142              5.82389             
0.918109            67584               8.5267              -2.46195            4.41586             -1.09545            7.49162             5.43084             
0.921587            67840               8.29698             -2.39771            4.00881             -0.776226           7.55319             5.25459             
0.925065            68096               7.953               -2.07701            3.79169             -0.995912           7.28221             5.20212             
0.928542            68352               7.75169             -2.1569             3.8345              -0.931634           6.96845             4.91161             
0.93202             68608               7.74326             -2.08283            3.67135             -0.860671           7.11049             4.9417              
0.935498            68864               7.59527             -1.97361            3.37613             -0.706468           7.17753             4.89577             
0.938975            69120               7.72924             -1.90342            3.20326             -0.63051            7.50848             5.10335             
0.942453            69376               8.17603             -2.14236            3.84908             -0.946934           7.52078             5.34448             
0.945931            69632               8.06835             -2.26069            4.00897             -0.957614           7.24138             5.12572             
0.949408            69888               7.94009             -2.22092            3.56547             -0.561769           7.47206             5.02173             
0.952886            70144               7.99609             -1.58139            3.77891             -1.63891            7.34989             5.66595             
0.956364            70400               8.25287             -1.89541            3.98956             -1.42408            7.5099              5.63515             
0.959841            70656               8.52135             -1.98565            3.92377             -1.23432            7.92868             5.81726             
0.963319            70912               8.12421             -2.06414            4.0061              -1.21269            7.31915             5.38621             
0.966797            71168               8.4157              -2.00754            4.15517             -1.44478            7.56813             5.71966             
0.970275            71424               8.36814             -2.37368            4.06664             -0.863677           7.58884             5.34631             
0.973752            71680               8.19887             -2.33373            3.90255             -0.746769           7.51363             5.21694             
0.97723             71936               8.42603             -1.89679            4.04369             -1.47784            7.68002             5.83981             
0.980708            72192               8.38817             -1.95062            3.89598             -1.2746             7.77392             5.73353             
0.984185            72448               8.51014             -1.95284            3.8634              -1.22614            7.96639             5.83928             
0.987663            72704               8.81482             -1.78486            4.48028             -2.05981            7.81382             6.31102             
0.991141            72960               8.90889             -2.25524            4.48308             -1.44078            7.94299             5.99071             
0.994618            73216               8.6757              -2.57173            4.11333             -0.64765            7.96469             5.47412             
0.998096            73472               8.98482             -2.49549            4.44031             -1.06444            8.07593             5.86455             
1.00157             73728               8.78316             -2.53938            4.67638             -1.25123            7.60027             5.61411             
1.00505             73984               8.74263             -2.11264            4.11019             -1.26665            8.0551              5.93124             
1.00853             74240               8.56188             -1.84976            4.62219             -2.12604            7.35107             6.00881             
1.01201             74496               8.2784              -1.96512            4.64817             -2.00476            6.94082             5.63726             
1.01548             74752               7.99837             -2.25352            4.14039             -1.10592            7.02367             5.09234             
1.01896             75008               7.91219             -1.94727            3.68701             -1.06252            7.30849             5.279               
1.02244             75264               7.99807             -1.74687            3.76833             -1.41899            7.35697             5.5291              
1.02592             75520               8.18084             -1.8053             3.51024             -1.07991            7.84389             5.63392             
1.0294              75776               8.3303              -1.66662            3.55854             -1.30717            7.99519             5.91246             
1.03287             76032               8.60343             -1.61287            3.75808             -1.57715            8.18029             6.24857             
1.03635             76288               8.97562             -2.12986            3.85948             -0.975915           8.60103             6.15465             
1.03983             76544               9.07409             -2.36326            4.18998             -0.98451            8.44432             6.0551              
1.04331             76800               8.9611              -2.24281            4.54514             -1.51262            7.96871             6.05244             
1.04678             77056               8.76718             -2.44197            4.59409             -1.30236            7.66313             5.66733             
1.05026             77312               8.66438             -2.4765             4.98941             -1.6444             7.16335             5.55302             
1.05374             77568               8.51137             -2.62997            4.69895             -1.14767            7.22447             5.27228             
1.05722             77824               8.33482             -2.18649            4.18718             -1.23728            7.43813             5.48345             
1.06069             78080               8.22395             -1.75483            4.08038             -1.71425            7.37479             5.75057             
1.06417             78336               8.21435             -1.90521            4.06454             -1.49652            7.38296             5.59882             
1.06765             78592               8.1712              -2.12665            3.8943              -1.02661            7.47714             5.37176             
1.07113             78848               7.98692             -2.23286            3.80228             -0.793674           7.30963             5.10898             
1.07461             79104               7.89622             -2.11072            3.54023             -0.699839           7.42353             5.11813             
1.07808             79360               8.0991              -2.04737            3.66854             -0.90524            7.58358             5.3602              
1.08156             79616               8.18824             -1.8485             3.74444             -1.25045            7.64564             5.61306             
1.08504             79872               8.23142             -1.80878            3.68858             -1.24935            7.75334             5.69255             
1.08852             80128               8.25744             -2.12651            3.81742             -0.947027           7.67138             5.43933             
1.09199             80384               8.25274             -2.31608            3.94088             -0.811462           7.55411             5.27185             
1.09547             80640               8.04706             -2.40403            3.79963             -0.552678           7.40654             4.98194             
1.09895             80896               8.06434             -2.23305            3.72401             -0.707058           7.50011             5.14571             
1.10243             81152               7.7386              -1.97948            4.00175             -1.32957            6.80745             5.04683             
1.1059              81408               7.6099              -2.15094            3.81371             -0.912942           6.80907             4.75813             
1.10938             81664               7.73497             -2.06198            3.86203             -1.07345            6.92077             4.97974             
1.11286             81920               7.71394             -1.93887            4.03659             -1.42488            6.73445             5.07216             
1.11634             82176               7.78058             -2.07798            3.72207             -0.921673           7.11089             5.00591             
1.11981             82432               7.67299             -1.92247            3.58876             -0.996442           7.07865             5.03845             
1.12329             82688               7.65393             -2.15949            3.60622             -0.693098           7.04702             4.80127             
1.12677             82944               7.82796             -2.34174            3.04449             0.116379            7.79389             4.80722             
1.13025             83200               7.68926             -2.02099            3.23201             -0.497774           7.43309             4.96037             
1.13373             83456               7.79607             -2.05419            3.89461             -1.11508            6.97535             5.02779             
1.1372              83712               7.86557             -2.12977            3.16521             -0.290393           7.73072             4.99891             
1.14068             83968               7.95116             -1.62516            3.64035             -1.43277            7.40115             5.5594              
1.14416             84224               8.05538             -1.72462            4.11751             -1.78851            7.12806             5.57428             
1.14764             84480               8.04498             -2.13641            3.78249             -0.902921           7.42157             5.19527             
1.15111             84736               8.1551              -1.83468            3.46619             -0.987217           7.83816             5.59484             
1.15459             84992               8.20513             -1.93098            3.74564             -1.13586            7.65069             5.5671              
1.15807             85248               8.2001              -2.31083            3.50234             -0.386677           7.88012             5.21398             
1.16155             85504               8.16065             -1.8629             3.55461             -1.03471            7.77699             5.569               
1.16502             85760               8.27813             -1.6295             4.05179             -1.84768            7.48006             5.90296             
1.1685              86016               8.40389             -2.17452            3.8008              -0.87517            7.88399             5.53587             
1.17198             86272               8.27705             -2.42338            3.7075              -0.434925           7.78832             5.19949             
1.17546             86528               8.25711             -2.17042            3.76956             -0.836957           7.69598             5.41927             
1.17894             86784               8.21059             -2.25626            3.81563             -0.776228           7.6096              5.27345             
1.18241             87040               8.30103             -2.13904            3.77327             -0.888408           7.77363             5.45189             
1.18589             87296               8.47367             -1.89793            4.24883             -1.68491            7.56726             5.86143             
1.18937             87552               8.51427             -2.20026            4.45913             -1.5018             7.43808             5.64583             
1.19285             87808               8.50278             -2.50907            3.93686             -0.554836           7.88484             5.36398             
1.19632             88064               8.26503             -2.22059            3.94507             -0.945737           7.54289             5.40077             
1.1998              88320               8.34633             -2.19717            4.15035             -1.19109            7.47828             5.46306             
1.20328             88576               8.26277             -2.0364             3.61577             -0.87077            7.85615             5.4983              
1.20676             88832               8.09423             -1.55262            3.59369             -1.49206            7.63852             5.78995             
1.21023             89088               8.25867             -1.66344            3.68478             -1.44084            7.77042             5.87037             
1.21371             89344               8.19742             -2.11963            3.57043             -0.708008           7.80506             5.39484             
1.21719             89600               8.35819             -2.04669            3.56062             -0.789061           8.02533             5.62606             
1.22067             89856               8.47022             -1.95509            3.93629             -1.29639            7.84173             5.80409             
1.22415             90112               8.47695             -2.17814            3.85702             -0.91802            7.93881             5.59652             
1.22762             90368               8.20449             -1.83739            3.69766             -1.2166             7.71284             5.63223             
1.2311              90624               8.48923             -1.61134            4.15598             -1.97601            7.67597             6.13026             
1.23458             90880               8.39777             -2.05999            3.9902              -1.21653            7.70599             5.63915             
1.23806             91136               8.24758             -2.18859            3.89333             -0.940661           7.58382             5.38704             
1.24153             91392               8.06666             -1.9873             3.87835             -1.19386            7.34924             5.38855             
1.24501             91648               8.0545              -2.41091            3.85226             -0.600843           7.36449             4.98613             
1.24849             91904               8.05534             -2.4787             3.79217             -0.445902           7.42556             4.92571             
1.25197             92160               8.14228             -1.91448            3.82519             -1.24187            7.50199             5.5261              
1.25544             92416               8.32725             -2.01913            3.95713             -1.23875            7.63272             5.61395             
1.25892             92672               8.47521             -2.23389            3.68305             -0.665335           8.08009             5.56539             
1.2624              92928               8.38526             -1.95064            3.78245             -1.14195            7.86543             5.7478              
1.26588             93184               8.34817             -1.99803            3.92428             -1.22821            7.69415             5.6493              
1.26936             93440               8.16505             -2.09875            3.67057             -0.842553           7.68277             5.35341             
1.27283             93696               8.02464             -2.05131            3.79249             -1.02501            7.37759             5.27419             
1.27631             93952               7.9687              -1.98517            3.89494             -1.21903            7.20936             5.28307             
1.27979             94208               7.94337             -2.08995            3.75384             -0.941088           7.31183             5.15047             
1.28327             94464               8.02693             -2.0723             3.5287              -0.732464           7.61883             5.25052             
1.28674             94720               7.99899             -1.98993            3.93216             -1.2483             7.21678             5.30809             
1.29022             94976               7.83637             -2.1656             3.38251             -0.468633           7.49923             4.96802             
1.2937              95232               7.84899             -1.8                3.37712             -0.947              7.5084              5.32219             
1.29718             95488               8.18383             -1.88419            3.73122             -1.19035            7.63333             5.57013             
1.30065             95744               8.21296             -2.12717            3.477               -0.606701           7.91832             5.36122             
1.30413             96000               8.06798             -1.80583            3.63869             -1.19166            7.57556             5.51052             
1.30761             96256               8.37471             -1.88534            3.92522             -1.37075            7.7284              5.7588              
1.31109             96512               8.80671             -2.32544            4.16959             -1.02441            8.09031             5.81205             
1.31457             96768               8.79177             -2.54717            4.33741             -0.890836           7.92255             5.61998             
1.31804             97024               8.47084             -2.17161            4.52064             -1.58835            7.31853             5.63934             
1.32152             97280               8.28753             -2.28088            4.86472             -1.79307            6.76265             5.33634             
1.325               97536               7.70949             -2.22126            4.43252             -1.45023            6.38355             4.80597             
1.32848             97792               7.4525              -1.76913            3.71209             -1.33675            6.66651             4.96714             
1.33195             98048               7.69375             -1.81581            3.54345             -1.0971             7.14014             5.17805             
1.33543             98304               7.672               -2.07983            3.51491             -0.714728           7.15013             4.90858             
1.33891             98560               7.7369              -1.98435            3.2777              -0.606976           7.46156             5.04641             
1.34239             98816               7.68089             -1.83188            3.48418             -1.01525            7.20077             5.11915             
1.34586             99072               7.85657             -1.86531            3.43329             -0.923574           7.48266             5.25903             
1.34934             99328               8.1714              -1.94224            3.4191              -0.797815           7.917               5.50264             
1.35282             99584               8.0834              -2.48603            3.81648             -0.460039           7.43369             4.97045             
1.3563              99840               8.34352             -2.44604            3.68464             -0.38766            7.90947             5.24284             
1.35978             100096              8.75161             -2.07251            4.04653             -1.2455             8.12282             5.98278             
1.36325             100352              8.22189             -2.192              3.85293             -0.905517           7.58932             5.34078             
1.36673             100608              8.72885             -2.16948            3.61469             -0.687579           8.47371             5.86294             
1.37021             100864              8.64672             -1.96367            4.17445             -1.52105            7.85683             6.00457             
1.37369             101120              8.53153             -2.09453            4.12108             -1.30669            7.75458             5.74945             
1.37716             101376              8.43961             -2.14049            3.69624             -0.807337           8.0245              5.592               
1.38064             101632              8.26532             -1.67715            3.78694             -1.51972            7.70202             5.85249             
1.38412             101888              8.55968             -1.8395             3.89971             -1.41862            7.99922             5.99868             
1.3876              102144              8.93021             -2.08012            4.32667             -1.51376            8.11522             6.1585              
1.39107             102400              8.94848             -2.50304            4.48149             -1.10335            7.9954              5.82171             
1.39455             102656              8.66162             -2.54585            4.46102             -1.02788            7.63396             5.4916              
1.39803             102912              8.50422             -2.4297             4.43504             -1.15877            7.4423              5.4404              
1.40151             103168              8.4681              -2.51137            4.42027             -1.03931            7.40754             5.3356              
1.40499             103424              8.52576             -2.41121            4.18096             -0.934273           7.70235             5.46625             
1.40846             103680              8.14021             -2.20726            4.0318              -1.05967            7.31752             5.26715             
1.41194             103936              8.17895             -2.15892            4.18313             -1.2705             7.23075             5.33706             
1.41542             104192              8.12842             -2.26025            4.08173             -1.03256            7.25694             5.17828             
1.4189              104448              8.2137              -2.42704            3.69342             -0.404525           7.72217             5.12226             
1.42237             104704              8.65326             -2.25462            4.59786             -1.53956            7.48712             5.75565             
1.42585             104960              8.25411             -2.93443            4.80409             -0.833545           6.78082             4.73739             
1.42933             105216              7.94919             -2.65606            4.44702             -0.857011           6.69327             4.66769             
1.43281             105472              7.73226             -1.9329             4.16454             -1.55439            6.64276             5.08872             
1.43628             105728              7.70946             -2.45708            4.17014             -0.855454           6.59126             4.63777             
1.43976             105984              7.69473             -2.00206            3.86931             -1.17311            6.85967             4.99043             
1.44324             106240              7.93756             -1.59731            3.91489             -1.75402            7.14644             5.59676             
1.44672             106496              8.13174             -1.8145             3.96594             -1.51627            7.36797             5.5905              
1.4502              106752              8.47142             -2.13957            3.77466             -0.890123           7.99312             5.64986             
1.45367             107008              8.62338             -2.32639            4.0037              -0.854348           7.99042             5.65536             
1.45715             107264              8.42089             -2.13824            4.05452             -1.16822            7.67359             5.61848             
1.46063             107520              8.54434             -2.25714            3.85597             -0.81654            8.02894             5.60188             
1.46411             107776              8.60807             -2.10168            4.29439             -1.45176            7.7095              5.82362             
1.46758             108032              8.4309              -2.11077            4.42788             -1.5893             7.35836             5.65436             
1.47106             108288              8.55493             -2.27335            4.01784             -0.960923           7.89932             5.61104             
1.47454             108544              8.56448             -2.02866            4.00957             -1.27289            7.90583             5.8634              
1.47802             108800              8.54149             -1.97483            4.05084             -1.39393            7.83614             5.88124             
1.48149             109056              8.65755             -2.01941            3.53175             -0.819031           8.47068             5.93751             
1.48497             109312              8.68938             -1.75344            3.44624             -1.08454            8.57787             6.21846             
1.48845             109568              8.62771             -1.77297            4.01571             -1.62682            7.98009             6.1437              
1.49193             109824              8.58582             -2.1692             3.40019             -0.477599           8.4939              5.72853             
1.49541             110080              8.60505             -1.93963            3.45345             -0.829794           8.46253             5.95782             
1.49888             110336              8.91511             -1.72569            4.17484             -1.84216            8.22508             6.45979             
1.50236             110592              8.68404             -2.14381            3.87319             -0.99118            8.20429             5.83232             
1.50584             110848              8.57993             -2.0507             3.61487             -0.842915           8.29151             5.82228             
1.50932             111104              8.66931             -1.91285            3.93497             -1.34313            8.11659             6.05428             
1.51279             111360              8.68746             -2.25716            4.13824             -1.08776            7.96768             5.75896             
1.51627             111616              8.57683             -2.51593            3.88918             -0.486138           8.0391              5.41518             
1.51975             111872              8.67495             -2.19769            4.3815              -1.40126            7.72298             5.80566             
1.52323             112128              8.53886             -2.32011            4.44082             -1.31006            7.49607             5.52833             
1.5267              112384              8.30171             -2.24953            3.99746             -0.958703           7.57708             5.34829             
1.53018             112640              8.16912             -1.77412            4.1094              -1.70964            7.29016             5.65726             
1.53366             112896              8.22481             -2.12728            4.2548              -1.38254            7.23467             5.41921             
1.53714             113152              8.08088             -2.3319             3.9281              -0.778556           7.32286             5.10447             
1.54062             113408              8.0957              -2.27967            3.76029             -0.681768           7.4905              5.17358             
1.54409             113664              8.11329             -2.54974            3.84426             -0.40319            7.43875             4.94857             
1.54757             113920              7.89647             -2.28204            3.91672             -0.837467           7.08777             4.93163             
1.55105             114176              7.61867             -1.97922            3.69309             -1.0198             6.92947             4.92042             
1.55453             114432              7.81012             -1.72613            3.29487             -0.967965           7.53129             5.35345             
1.558               114688              7.97925             -1.77987            3.83646             -1.43725            7.26716             5.48225             
1.56148             114944              7.9869              -2.05512            3.54209             -0.777957           7.5499              5.22254             
1.56496             115200              8.09072             -1.96972            3.35952             -0.694659           7.85027             5.40812             
1.56844             115456              8.22287             -1.87417            3.68925             -1.15319            7.7342              5.62555             
1.57191             115712              8.2391              -2.04479            3.50024             -0.74158            7.93421             5.47392             
1.57539             115968              8.2373              -2.04628            4.0502              -1.27716            7.43644             5.4758              
1.57887             116224              8.21509             -2.17941            4.23517             -1.29192            7.24387             5.34332             
1.58235             116480              8.30603             -2.32808            4.32458             -1.18026            7.27532             5.31301             
1.58582             116736              8.22696             -2.30961            4.3901              -1.26937            7.10334             5.27247             
1.5893              116992              8.19089             -2.02919            4.07045             -1.33754            7.34576             5.47565             
1.59278             117248              8.04003             -1.96263            3.89156             -1.24799            7.30815             5.37334             
1.59626             117504              7.92878             -2.0506             3.94331             -1.17941            7.11505             5.18828             
1.59974             117760              8.02517             -2.09234            3.74097             -0.920204           7.42548             5.251               
1.60321             118016              8.12204             -2.10996            3.90521             -1.05868            7.40656             5.32803             
1.60669             118272              8.08256             -2.07812            3.77921             -0.980627           7.47434             5.30574             
1.61017             118528              8.19732             -1.80908            3.77346             -1.33744            7.62881             5.65543             
1.61365             118784              8.2397              -1.93647            4.05607             -1.44533            7.4338              5.58485             
1.61712             119040              8.28328             -2.08302            3.88254             -1.06892            7.65315             5.48584             
1.6206              119296              8.36196             -2.32839            3.88749             -0.736958           7.75284             5.36444             
1.62408             119552              8.5679              -2.23838            4.29068             -1.26257            7.66538             5.64847             
1.62756             119808              8.28202             -2.29184            4.27564             -1.17722            7.3056              5.30396             
1.63103             120064              8.17039             -2.25595            4.27241             -1.21928            7.14996             5.22931             
1.63451             120320              7.8619              -2.23462            4.33387             -1.31701            6.67715             4.95927             
1.63799             120576              7.77984             -2.1196             3.85351             -0.995511           6.99288             4.97621             
1.64147             120832              7.81057             -2.08813            3.83398             -1.01513            7.05304             5.02906             
1.64495             121088              8.00513             -2.01568            3.7421              -1.02397            7.3975              5.28126             
1.64842             121344              7.90443             -1.92272            3.75982             -1.1709             7.25024             5.25892             
1.6519              121600              7.90568             -1.97215            3.64534             -0.987098           7.35996             5.20764             
1.65538             121856              7.63039             -2.07333            3.43141             -0.644347           7.17543             4.87056             
1.65886             122112              7.87773             -2.10195            3.2223              -0.397256           7.68913             5.08374             
1.66233             122368              8.18918             -1.93671            3.61544             -1.00707            7.75091             5.54232             
1.66581             122624              7.96601             -1.98214            3.41163             -0.750113           7.63977             5.25915             
1.66929             122880              8.11876             -1.77325            3.3713              -0.978544           7.86935             5.6154              
1.67277             123136              8.08749             -2.03054            3.83488             -1.09203            7.40743             5.37496             
1.67624             123392              8.27549             -1.98231            3.5243              -0.85909            7.94887             5.59048             
1.67972             123648              8.02105             -1.91782            3.55172             -0.962625           7.57585             5.39843             
1.6832              123904              8.21568             -1.94369            3.84001             -1.22003            7.58126             5.57031             
1.68668             124160              8.34761             -2.04029            3.59281             -0.844044           7.99649             5.59604             
1.69016             124416              8.33375             -2.4932             3.67191             -0.296659           7.89697             5.21518             
1.69363             124672              8.6824              -2.15306            4.16046             -1.24933            7.92795             5.85431             
1.69711             124928              8.6511              -2.50638            4.07853             -0.694039           7.96919             5.491               
1.70059             125184              8.66774             -2.60265            4.24154             -0.724495           7.84107             5.44887             
1.70407             125440              8.77483             -2.54675            4.31003             -0.870103           7.91925             5.60754             
1.70754             125696              8.70623             -2.46466            4.46753             -1.1429             7.68177             5.60487             
1.71102             125952              8.41286             -2.45884            4.44072             -1.12748            7.309               5.31354             
1.7145              126208              8.45827             -2.27549            4.249               -1.18604            7.54051             5.51515             
1.71798             126464              8.1938              -2.32628            4.15391             -1.01753            7.27655             5.21397             
1.72145             126720              8.32113             -2.67031            4.19978             -0.593894           7.39917             5.03961             
1.72493             126976              7.88914             -2.38318            4.1409              -0.933975           6.86775             4.87364             
1.72841             127232              7.97287             -2.51697            3.61974             -0.230084           7.46988             4.79483             
1.73189             127488              7.96903             -1.95161            3.91936             -1.2805             7.1759              5.3247              
1.73537             127744              7.61784             -1.89258            3.99442             -1.45407            6.63718             5.00031             
1.73884             128000              7.9168              -2.11104            3.50793             -0.665813           7.48037             5.09261             
1.74232             128256              7.86497             -1.78212            3.70984             -1.30174            7.21589             5.35995             
1.7458              128512              8.02453             -2.10557            4.02348             -1.18257            7.15943             5.22744             
1.74928             128768              8.23602             -2.22201            3.81282             -0.814204           7.64019             5.33626             
1.75275             129024              7.94397             -2.06188            3.85812             -1.07237            7.19778             5.18879             
1.75623             129280              8.18993             -2.00063            3.87871             -1.18433            7.50163             5.49339             
1.75971             129536              8.41939             -2.43557            4.13551             -0.85039            7.59638             5.3288              
1.76319             129792              7.91912             -2.43507            3.9846              -0.696543           7.06278             4.8375              
1.76666             130048              7.93961             -2.1509             3.85413             -0.95469            7.20393             5.10963             
1.77014             130304              8.34592             -2.25404            4.14908             -1.11128            7.47766             5.43372             
1.77362             130560              8.23382             -2.64362            4.66013             -1.09317            6.86995             4.98961             
1.7771              130816              8.01462             -2.61004            4.26948             -0.753498           6.92967             4.79498             
1.78058             131072              7.81349             -2.0713             3.79239             -1.00281            7.07482             5.07125             
1.78405             131328              7.78952             -1.97325            3.79487             -1.13887            7.04655             5.11417             
1.78753             131584              7.84126             -2.08136            3.60732             -0.799466           7.28959             5.05762             
1.79101             131840              7.81528             -1.86572            3.46338             -0.942202           7.37903             5.24049             
1.79449             132096              7.93555             -1.83688            3.7075              -1.23004            7.31511             5.39447             
1.79796             132352              8.15076             -2.10449            3.51128             -0.673501           7.78901             5.36292             
1.80144             132608              8.2021              -2.18055            3.75332             -0.808222           7.65084             5.33712             
1.80492             132864              8.3005              -2.14013            3.97319             -1.08148            7.58662             5.46847             
1.8084              133120              8.38618             -2.24504            3.98717             -0.958331           7.69484             5.45063             
1.81187             133376              8.27205             -2.28005            3.90094             -0.818847           7.61255             5.31398             
1.81535             133632              8.21098             -2.0936             4.01345             -1.18867            7.43341             5.43728             
1.81883             133888              8.59013             -2.09502            4.09573             -1.26887            7.85992             5.80572             
1.82231             134144              8.46869             -2.09481            4.55854             -1.73684            7.28076             5.69519             
1.82579             134400              8.23052             -2.30494            4.11892             -1.01775            7.36173             5.25248             
1.82926             134656              8.30078             -2.18745            4.12401             -1.17288            7.44122             5.44117             
1.83274             134912              8.10592             -2.27449            4.07311             -1.00775            7.22918             5.16686             
1.83622             135168              8.09317             -2.14806            3.72196             -0.823346           7.53907             5.24026             
1.8397              135424              8.05555             -2.03476            3.76552             -1.01354            7.45294             5.31134             
1.84317             135680              8.23776             -1.92655            4.12253             -1.51987            7.36778             5.60562             
1.84665             135936              8.15017             -2.30147            3.93553             -0.829555           7.42313             5.17913             
1.85013             136192              8.23765             -2.28828            4.07688             -0.980975           7.40618             5.29097             
1.85361             136448              8.21994             -1.92015            4.18885             -1.59557            7.27749             5.59199             
1.85708             136704              8.06376             -2.20253            4.00736             -1.0373             7.24052             5.17038             
1.86056             136960              7.89192             -2.11732            3.70738             -0.845089           7.28059             5.06927             
1.86404             137216              7.94871             -2.0528             3.55635             -0.783154           7.4897              5.20196             
1.86752             137472              8.0211              -2.15556            3.44496             -0.53682            7.68724             5.17446             
1.871               137728              7.86628             -2.01762            3.55166             -0.828661           7.38055             5.13436             
1.87447             137984              7.92045             -2.09238            3.83027             -0.999761           7.20388             5.12594             
1.87795             138240              7.91583             -2.14829            3.78331             -0.882598           7.24364             5.071               
1.88143             138496              7.92611             -1.89152            3.91055             -1.3572             7.13961             5.313               
1.88491             138752              7.96086             -2.09785            4.14703             -1.3167             6.97563             5.16549             
1.88838             139008              8.03988             -2.35924            3.74682             -0.568625           7.4419              5.00994             
1.89186             139264              8.02578             -2.15729            3.67478             -0.763115           7.48289             5.18927             
1.89534             139520              8.01734             -1.98076            3.70555             -1.03465            7.44447             5.33398             
1.89882             139776              7.98722             -2.15878            3.69283             -0.786846           7.42639             5.12496             
1.90229             140032              8.12585             -2.06429            3.95215             -1.16054            7.37221             5.36026             
1.90577             140288              8.19603             -1.91962            3.83863             -1.25535            7.57345             5.55476             
1.90925             140544              8.1851              -2.06284            4.0184              -1.23433            7.39255             5.41171             
1.91273             140800              7.95312             -2.28218            4.11608             -1.03773            6.98854             5.00357             
1.91621             141056              7.96719             -2.34136            3.9451              -0.787303           7.15839             4.97015             
1.91968             141312              7.50139             -2.28506            3.89796             -0.814885           6.56958             4.55928             
1.92316             141568              7.55616             -2.29476            3.68713             -0.593826           6.83293             4.59692             
1.92664             141824              7.63662             -2.00308            3.62206             -0.91849            7.00046             4.92727             
1.93012             142080              7.70977             -1.94063            3.51634             -0.897281           7.19992             5.05001             
1.93359             142336              7.89271             -2.06103            3.4299              -0.646391           7.52294             5.14009             
1.93707             142592              7.97198             -2.18161            3.72807             -0.783217           7.36065             5.12077             
1.94055             142848              7.92192             -2.31407            3.61329             -0.491997           7.4075              4.93717             
1.94403             143104              7.73713             -2.15735            3.29864             -0.385831           7.44196             4.8851              
1.9475              143360              7.94074             -1.83237            3.9256              -1.44847            7.13585             5.38494             
1.95098             143616              8.201               -2.15202            3.98974             -1.09091            7.44314             5.3403              
1.95446             143872              8.35794             -2.15929            3.72041             -0.794416           7.89363             5.48449             
1.95794             144128              8.41087             -1.94101            3.8275              -1.196              7.8635              5.76406             
1.96142             144384              8.56014             -2.31825            3.67622             -0.546646           8.19825             5.58549             
1.96489             144640              8.90479             -2.50043            3.97963             -0.59817            8.39012             5.75814             
1.96837             144896              8.85502             -2.50602            4.68333             -1.2905             7.69987             5.70481             
1.97185             145152              8.55722             -2.38678            4.53982             -1.3227             7.44259             5.50341             
1.97533             145408              8.53828             -2.13633            4.19574             -1.31932            7.70912             5.72122             
1.9788              145664              8.84716             -2.13634            5.00446             -2.11492            7.37257             6.05539             
1.98228             145920              8.6433              -2.4065             4.9532              -1.71496            7.16042             5.58847             
1.98576             146176              8.39936             -2.08015            3.90709             -1.09976            7.76495             5.6254              
1.98924             146432              8.22633             -1.76252            3.92287             -1.53891            7.50503             5.75742             
1.99271             146688              8.68661             -2.02902            4.14204             -1.39334            7.94111             5.96906             
1.99619             146944              8.61808             -2.08843            3.92262             -1.09633            8.06181             5.83869             
1.99967             147200              8.45683             -1.83097            4.03695             -1.55617            7.73945             5.91725             
