#Time               nTime               force-x             force-y             force-z             moment-x            moment-y            moment-z            
0                   0                   -0.0380802          -0.00558627         -0.000329411        0.00450206          -0.0253822          -0.0262837          
0.00347769          256                 2446.56             -9.74355            -3131.04            34.1322             14951.3             -32.4885            
0.00695537          512                 0.14744             19.3225             209.535             -23.8543            -916.467            69.7466             
0.0104331           768                 -1475.47            9.70359             1338.59             -16.3139            -6661.66            34.4327             
0.0139107           1024                -604.278            1.65236             309.759             -2.49676            -1706.23            6.60386             
0.0173884           1280                -142.437            -7.86004            260.821             6.93928             -1213.45            -27.4816            
0.0208661           1536                570.661             -20.5608            -552.434            29.2975             2719.28             -70.5411            
0.0243438           1792                -200.928            -9.67278            100.272             11.0751             -562.568            -33.5748            
0.0278215           2048                -276.738            11.5253             265.106             -13.6561            -1308.46            41.9468             
0.0312992           2304                209.718             19.9922             -184.129            -21.7092            916.09              70.5857             
0.0347769           2560                234.938             -0.249729           -223.349            1.72957             1099.74             -0.83746            
0.0382545           2816                -84.1404            -7.36853            50.227              8.51143             -270.036            -25.5172            
0.0417322           3072                -128.68             5.3567              109.288             -6.62943            -549.814            18.9983             
0.0452099           3328                23.2413             11.6643             -31.3439            -11.986             147.097             41.4661             
0.0486876           3584                -13.6793            1.52149             -4.28011            1.06406             7.91154             6.13193             
0.0521653           3840                -86.8838            -3.57167            76.1653             5.47768             -382.113            -12.3234            
0.055643            4096                -38.7498            0.799824            29.1147             -0.484341           -150.392            2.37935             
0.0591207           4352                3.29709             -4.51348            -6.99305            4.2632              30.7062             -17.5249            
0.0625984           4608                -6.76111            -10.1756            3.22619             8.968               -19.3051            -38.3461            
0.066076            4864                -12.299             -14.0157            10.9544             12.6914             -55.302             -52.6718            
0.0695537           5120                0.893202            -11.3413            -0.980106           9.95411             4.03258             -43.2567            
0.0730314           5376                7.71658             -9.28777            -4.30034            9.06026             22.4155             -35.0013            
0.0765091           5632                -2.23987            -6.48542            3.74595             8.016               -18.3485            -23.4533            
0.0799868           5888                -10.9583            -1.81174            10.4955             2.71949             -52.9321            -6.1297             
0.0834645           6144                -18.4793            -0.598462           15.1757             1.15877             -77.8144            -0.892572           
0.0869422           6400                -23.0955            2.97979             17.677              -1.94439            -91.6983            12.5283             
0.0904198           6656                -22.9106            4.54263             16.8532             -3.98919            -88.3346            17.9283             
0.0938975           6912                -21.6762            4.055               14.8739             -4.44426            -79.2259            16.1777             
0.0973752           7168                -22.3054            3.36604             15.2815             -3.80101            -81.5546            13.5035             
0.100853            7424                -21.3776            5.8734              13.056              -7.36154            -71.2308            22.1346             
0.104331            7680                -16.301             9.26828             7.23609             -10.0499            -43.3562            33.8634             
0.107808            7936                -14.1914            10.9963             3.93868             -11.4415            -27.7534            40.7521             
0.111286            8192                -16.2682            12.0269             7.36618             -13.1379            -43.5559            43.9585             
0.114764            8448                -18.7504            11.9798             11.0742             -13.7514            -60.8051            43.6948             
0.118241            8704                -15.7123            12.3906             10.6773             -14.308             -56.9356            44.7259             
0.121719            8960                -15.8535            11.9117             12.2489             -14.3624            -63.5019            42.8785             
0.125197            9216                -17.8612            10.3034             17.308              -12.9964            -86.1288            37.1098             
0.128674            9472                -17.8132            10.1982             20.5622             -12.4495            -99.8938            36.5354             
0.132152            9728                -20.8654            10.3635             24.5078             -12.3596            -118.425            37.4129             
0.13563             9984                -26.7558            7.57372             30.8529             -8.33994            -148.944            27.1442             
0.139107            10240               -30.2394            8.20825             33.9775             -7.9811             -164.513            28.9085             
0.142585            10496               -30.123             7.51765             34.9895             -6.33812            -168.623            26.1451             
0.146063            10752               -32.8009            5.18958             37.1945             -3.52214            -179.776            17.0229             
0.149541            11008               -31.9854            4.0212              35.9156             -2.69772            -173.886            12.2388             
0.153018            11264               -29.3587            0.730151            32.7276             0.0759244           -158.634            -0.0378962          
0.156496            11520               -27.2559            -0.602356           30.1139             1.57682             -146.378            -3.85979            
0.159974            11776               -23.1482            -0.737916           26.0983             1.56638             -126.714            -4.53526            
0.163451            12032               -15.9643            -0.906274           19.0716             2.27829             -92.4076            -5.18661            
0.166929            12288               -7.89636            -1.13666            11.6678             1.98412             -55.7911            -6.51341            
0.170407            12544               -2.28847            -1.52507            6.12004             2.23229             -28.7684            -8.14432            
0.173884            12800               5.3016              -1.61956            -1.32968            2.17443             7.66393             -8.48027            
0.177362            13056               11.4288             -1.68954            -7.94686            2.4646              39.6308             -8.75823            
0.18084             13312               16.6982             -3.11761            -12.3183            4.07086             61.5682             -13.6239            
0.184317            13568               23.3068             -2.70463            -18.2808            3.47369             91.1218             -11.9025            
0.187795            13824               29.4292             -2.1839             -23.5638            2.79939             117.61              -9.82276            
0.191273            14080               30.81               -2.48069            -24.5138            2.88671             122.484             -10.7928            
0.19475             14336               34.9956             -3.29027            -27.2697            3.85165             136.909             -13.3163            
0.198228            14592               41.4573             -4.04815            -32.0423            4.61903             161.438             -15.8166            
0.201706            14848               44.7175             -3.0937             -33.7823            3.33313             170.978             -12.393             
0.205183            15104               49.8355             -4.42393            -37.3314            4.55259             189.518             -17.1229            
0.208661            15360               55.5204             -4.3968             -40.2927            4.61217             205.832             -16.772             
0.212139            15616               57.6299             -4.00568            -40.0113            4.02101             206.062             -15.3102            
0.215617            15872               61.5538             -3.13484            -41.4321            2.89053             214.598             -12.0987            
0.219094            16128               65.0693             -3.36774            -43.0807            3.76103             223.939             -12.517             
0.222572            16384               66.556              -1.83589            -42.1444            2.11599             221.034             -7.01409            
0.22605             16640               67.3731             -1.2912             -40.8477            2.27756             216.12              -4.9988             
0.229527            16896               67.6301             -0.629145           -40.482             1.93383             214.758             -2.18091            
0.233005            17152               68.5461             -0.975782           -40.93              1.38409             217.331             -3.73991            
0.236483            17408               72.4141             -0.566691           -45.5792            -0.166183           239.716             -2.63793            
0.23996             17664               70.9541             -1.22523            -45.6096            -0.0552287          239.312             -5.42306            
0.243438            17920               60.6688             0.258956            -37.9265            -1.8112             200.303             0.0164046           
0.246916            18176               54.4026             1.25766             -34.0971            -2.38473            180.336             3.78909             
0.250393            18432               49.4839             0.501295            -32.7514            -1.77901            171.751             1.00956             
0.253871            18688               41.3927             0.266041            -27.7583            -1.17568            145.426             0.422698            
0.257349            18944               32.2719             1.40175             -21.806             -3.74012            114.411             4.62474             
0.260826            19200               25.5422             -0.604477           -16.9314            -1.66253            89.4743             -2.13259            
0.264304            19456               23.5352             -1.02768            -19.0701            -0.418348           97.6475             -3.40243            
0.267782            19712               22.2162             -1.09024            -20.8027            -0.215285           104.29              -3.69962            
0.27126             19968               19.3493             -1.80744            -21.8124            1.2294              106.65              -6.74748            
0.274737            20224               14.9682             -1.45802            -22.3176            -0.331095           106.07              -5.92262            
0.278215            20480               13.358              -1.12761            -23.7832            -0.382085           111.359             -4.38377            
0.281693            20736               12.2375             -0.822479           -27.4882            -1.42706            126.342             -3.65622            
0.28517             20992               15.2064             -0.114894           -34.2842            -1.80564            157.275             -0.719088           
0.288648            21248               11.5343             -0.893095           -34.4036            -1.39003            155.213             -3.44227            
0.292126            21504               9.61268             -0.751697           -36.2056            -0.147939           161.89              -2.92002            
0.295603            21760               7.55912             0.592588            -37.9162            -1.70469            167.981             1.69767             
0.299081            22016               5.56772             1.91386             -39.4334            -2.15665            173.545             6.48392             
0.302559            22272               5.7851              3.06813             -42.6629            -2.96967            187.607             10.7164             
0.306036            22528               2.45051             5.04632             -40.2127            -4.24466            175.189             17.6834             
0.309514            22784               6.14405             4.04381             -41.1507            -2.56536            181.781             13.6483             
0.312992            23040               9.10794             4.31984             -41.2186            -3.54962            184.09              13.861              
0.316469            23296               11.2334             3.18151             -39.8809            -1.3968             179.479             9.96736             
0.319947            23552               12.9481             2.0041              -38.5689            0.310911            174.794             6.18117             
0.323425            23808               16.3337             4.04153             -39.2537            -2.71037            179.82              13.9828             
0.326903            24064               20.6177             2.72772             -39.8259            -1.62994            184.766             9.30715             
0.33038             24320               24.7591             3.12129             -42.7329            -3.66541            199.402             10.9233             
0.333858            24576               28.8962             3.14894             -43.2978            -4.40049            204.378             11.4319             
0.337336            24832               30.3201             3.81692             -39.7384            -5.56182            189.849             13.7728             
0.340813            25088               26.4893             4.98127             -31.695             -6.34974            152.483             17.8477             
0.344291            25344               21.7692             5.98195             -23.6148            -7.08799            114.759             20.9889             
0.347769            25600               19.8551             5.01645             -22.2148            -5.5648             107.216             16.7766             
0.351246            25856               18.3629             4.76735             -19.7612            -5.80514            95.3985             15.769              
0.354724            26112               19.222              2.05972             -20.7645            -3.35255            99.9583             5.96342             
0.358202            26368               23.4832             -0.655543           -26.4205            -1.46223            126.283             -4.73759            
0.361679            26624               27.021              -1.11538            -28.042             -0.86609            135.488             -6.52917            
0.365157            26880               36.6054             -1.10145            -37.2676            -1.97985            181.535             -6.62341            
0.368635            27136               39.2993             -1.85427            -39.3533            -2.19729            192.192             -9.68598            
0.372112            27392               33.4648             -2.59629            -30.772             -1.29138            151.91              -12.6052            
0.37559             27648               27.2579             -1.71565            -23.4585            -2.3904             116.986             -10.284             
0.379068            27904               20.948              -4.3677             -13.4308            0.78696             69.932              -18.8602            
0.382546            28160               12.7379             -2.28051            -8.06565            -0.89256            41.824              -11.0525            
0.386023            28416               2.44994             -3.03841            1.91009             0.913892            -7.19251            -13.5035            
0.389501            28672               -8.52164            -6.2093             14.8511             5.70887             -69.1252            -24.5515            
0.392979            28928               -11.922             -6.16702            24.6981             6.10078             -113.495            -24.879             
0.396456            29184               -17.6565            -8.27236            33.2325             8.75234             -154.007            -32.7253            
0.399934            29440               -23.7441            -9.70002            41.214              11.0962             -192.295            -37.5594            
0.403412            29696               -24.9337            -9.62429            40.029              12.2985             -188.379            -35.9166            
0.406889            29952               -23.3729            -8.52599            32.0087             11.3995             -153.346            -31.0798            
0.410367            30208               -21.1494            -8.41962            26.9234             11.3472             -130.183            -30.2555            
0.413845            30464               -26.8225            -7.6081             28.5275             11.3719             -140.429            -27                 
0.417322            30720               -23.2958            -6.36862            22.1348             9.29533             -110.509            -23.227             
0.4208              30976               -20.9585            -5.19911            14.4556             8.92919             -75.9055            -18.5575            
0.424278            31232               -18.8696            -4.20739            14.2215             7.48547             -73.3159            -14.6028            
0.427755            31488               -20.7904            -2.98989            19.1155             6.76777             -95.5393            -9.848              
0.431233            31744               -16.9502            -1.40289            11.1759             5.25612             -59.1444            -3.90259            
0.434711            32000               -13.1425            0.309477            9.37904             4.50969             -49.1232            1.7739              
0.438188            32256               -18.3028            -2.15776            12.6462             6.91754             -66.2555            -6.95841            
0.441666            32512               -16.9669            -2.92302            11.0667             7.42801             -58.6618            -9.1225             
0.445144            32768               -12.8545            -3.24642            10.1563             7.96504             -51.9734            -10.2104            
0.448622            33024               -10.9374            -1.38417            10.1829             6.24682             -51.1647            -2.5053             
0.452099            33280               -11.397             1.46436             7.488               3.12869             -40.2125            7.95806             
0.455577            33536               -17.2861            2.85577             13.0568             0.381351            -67.726             12.6257             
0.459055            33792               -15.6466            5.35646             10.8933             -1.91292            -57.6609            21.6836             
0.462532            34048               -14.5339            5.31606             8.56982             -2.35909            -46.7728            21.3229             
0.46601             34304               -22.6008            4.57379             12.8871             -0.488018           -70.348             18.4955             
0.469488            34560               -19.0745            0.238272            11.0469             1.14258             -60.0294            1.99097             
0.472965            34816               -19.2043            -2.43496            10.2426             3.67406             -56.8106            -7.95276            
0.476443            35072               -19.8841            -2.39396            11.8638             2.87594             -64.2424            -8.47441            
0.479921            35328               -16.9556            -4.96878            9.70659             5.39863             -53.1657            -18.5883            
0.483398            35584               -13.5051            -7.73354            5.73871             9.75731             -34.2112            -28.8004            
0.486876            35840               -17.385             -6.92684            9.75994             8.54808             -53.8922            -26.3516            
0.490354            36096               -19.1745            -6.90076            10.7752             9.99543             -59.4181            -25.9633            
0.493831            36352               -13.8552            -6.31699            4.80918             9.42152             -30.7836            -23.8624            
0.497309            36608               -8.41127            -6.58552            -0.884099           9.60764             -3.29137            -24.9265            
0.500787            36864               -11.3973            -5.81016            3.59843             8.00579             -24.5092            -22.1035            
0.504265            37120               -9.35093            -1.8507             0.308942            3.25043             -9.39984            -8.06787            
0.507742            37376               -5.72671            1.09939             -2.02933            -1.58503            2.67122             2.729               
0.51122             37632               -2.5846             -2.44494            -5.47319            0.308987            19.504              -10.4837            
0.514698            37888               -1.39105            -2.92811            -9.93004            -0.238821           39.3809             -12.7862            
0.518175            38144               8.9378              -4.26747            -21.271             0.204563            94.5431             -17.4985            
0.521653            38400               10.3036             -2.80069            -20.5811            0.0061186           92.0716             -10.9979            
0.525131            38656               11.6207             -2.88773            -23.1296            -0.809165           104.025             -11.5394            
0.528608            38912               11.8518             -5.25012            -22.7914            4.00488             103.229             -19.2851            
0.532086            39168               14.2349             -1.95648            -18.6974            1.76652             87.6972             -6.49215            
0.535564            39424               14.0603             -3.45355            -16.8636            4.69359             79.9913             -10.9934            
0.539041            39680               6.50109             0.312379            -2.52002            0.186802            14.0605             2.54881             
0.542519            39936               -6.13093            0.00250118          10.0385             0.901391            -47.9957            1.33709             
0.545997            40192               -6.59552            1.02983             12.8622             0.848941            -60.4805            4.72858             
0.549474            40448               -9.3647             3.24135             16.0752             -0.75763            -76.1707            11.6371             
0.552952            40704               -11.13              2.43077             17.0489             0.640326            -81.9246            8.35395             
0.55643             40960               -18.3729            4.3619              20.4541             -1.46043            -100.877            15.1294             
0.559907            41216               -24.4532            5.13251             17.1356             -3.67016            -90.3387            17.5494             
0.563385            41472               -23.1938            3.85538             10.6686             -2.73478            -61.6026            13.4093             
0.566863            41728               -26.7844            2.02843             13.6751             -2.40823            -76.5985            7.1133              
0.570341            41984               -31.4873            -0.941755           18.1867             2.08605             -98.7734            -2.67546            
0.573818            42240               -25.7934            -0.665932           16.3155             0.971959            -87.5908            -1.93844            
0.577296            42496               -24.1808            -2.09264            16.0142             1.67631             -85.4124            -7.28402            
0.580774            42752               -25.0335            -1.4961             19.3909             1.03669             -100.455            -5.47404            
0.584251            43008               -33.5177            -4.13395            27.8102             2.74997             -141.657            -15.1526            
0.587729            43264               -38.6601            -5.59973            36.6757             3.84992             -182.83             -20.9782            
0.591207            43520               -41.103             -5.06745            34.9952             2.76358             -177.101            -19.895             
0.594684            43776               -37.7259            -5.06819            31.287              3.86636             -159.617            -19.9464            
0.598162            44032               -35.8369            -4.22687            22.9835             4.69931             -123.213            -16.5219            
0.60164             44288               -27.7363            -4.2899             13.8097             7.00415             -78.7002            -16.2949            
0.605117            44544               -15.3522            -2.68327            -0.136056           6.13                -11.0373            -9.8269             
0.608595            44800               -6.61733            0.88437             -8.12059            2.93328             28.6998             3.07262             
0.612073            45056               3.94364             0.224092            -20.33              3.45357             87.6634             0.601532            
0.61555             45312               12.3907             0.480513            -28.6239            3.01054             128.262             3.21695             
0.619028            45568               17.2864             2.884               -26.9171            0.510124            124.284             11.3234             
0.622506            45824               20.6036             3.14725             -23.1197            -0.00616347         110.201             11.983              
0.625984            46080               20.6664             3.34012             -20.3862            -1.97456            98.563              11.9695             
0.629461            46336               15.0805             1.99224             -15.089             -2.34338            72.4473             7.24662             
0.632939            46592               9.26483             2.7384              -12.1737            -2.9078             55.995              10.5072             
0.636417            46848               -3.96449            0.617844            -4.59197            -0.671513           15.3738             2.23647             
0.639894            47104               -14.4176            -1.69222            4.05838             1.84835             -28.0986            -6.56588            
0.643372            47360               -17.1695            -2.17985            6.29475             0.0423295           -39.6038            -9.04938            
0.64685             47616               -19.7874            -4.32694            7.44063             3.45265             -46.1706            -17.0639            
0.650327            47872               -29.6232            -3.62816            13.6821             2.92371             -79.0596            -14.6456            
0.653805            48128               -30.7219            -1.98814            10.2644             -0.895238           -64.9029            -9.43395            
0.657283            48384               -26.716             -1.26071            7.05893             -0.84727            -48.4461            -6.2859             
0.66076             48640               -28.4197            1.21869             10.1362             -3.63573            -62.45              3.13153             
0.664238            48896               -29.3378            1.79925             13.3167             -4.65332            -76.5103            5.81407             
0.667716            49152               -20.2878            3.02387             11.2384             -3.80783            -61.6313            10.5455             
0.671193            49408               -14.0289            1.8415              11.2867             -2.07912            -57.6204            5.57798             
0.674671            49664               -10.8903            2.93016             12.6895             -1.13453            -61.4312            9.89149             
0.678149            49920               -8.7918             2.32293             17.1462             -0.391031           -79.4746            7.67738             
0.681626            50176               -1.02989            1.14245             11.1834             0.0943554           -49.6697            3.64809             
0.685104            50432               6.81253             1.94951             1.4621              -0.084211           -3.786              7.79941             
0.688582            50688               7.02593             0.683513            -2.90187            -1.09791            14.7636             3.07239             
0.69206             50944               7.60432             -0.90334            -6.21097            0.960264            29.5101             -3.1242             
0.695537            51200               3.34877             0.224228            -4.89035            -1.34275            21.3284             0.432311            
0.699015            51456               -1.70845            -3.11212            -2.13166            0.0189406           5.7901              -12.3775            
0.702493            51712               -1.55473            -0.191776           -4.80522            -4.82952            17.133              -2.51345            
0.70597             51968               -7.93517            0.406513            -2.39698            -4.18844            2.65136             -0.525109           
0.709448            52224               -12.7073            2.89197             1.06774             -7.16238            -14.8976            8.50651             
0.712926            52480               -12.408             2.6384              -1.1924             -6.1327             -4.42123            8.22442             
0.716403            52736               -13.1559            3.00222             -5.19485            -5.16497            12.787              10.3012             
0.719881            52992               -14.1564            5.55465             -5.27479            -5.54779            12.719              20.2146             
0.723359            53248               -14.873             6.22394             -2.44875            -5.29737            0.485117            22.574              
0.726836            53504               -17.2537            4.74622             1.93559             -2.26591            -19.8466            17.6498             
0.730314            53760               -14.7119            3.3244              1.06613             -1.2891             -14.559             12.9935             
0.733792            54016               -14.574             2.12777             -3.11397            -1.89261            3.26387             8.55388             
0.73727             54272               -10.1023            0.387645            -4.2087             0.206446            10.4227             1.85211             
0.740747            54528               -14.979             1.83097             2.10049             -0.96014            -19.5081            7.18756             
0.744225            54784               -13.7565            1.67814             -4.01823            -1.38604            7.50653             6.73389             
0.747703            55040               -14.529             2.6775              -4.16392            -2.95578            7.7709              10.677              
0.75118             55296               -16.6919            3.12363             0.65012             -4.58356            -13.7629            12.2912             
0.754658            55552               -13.2616            5.2206              0.0941453           -6.32363            -9.32359            18.5682             
0.758136            55808               -10.4426            5.61374             -1.02817            -7.87655            -2.87404            19.3614             
0.761613            56064               -6.2711             5.37812             -1.0008             -7.74807            -0.485141           17.9546             
0.765091            56320               -5.17962            4.77992             -2.26526            -8.51369            5.48553             15.7932             
0.768569            56576               -6.25418            5.0458              -3.47031            -9.45442            10.1878             16.7983             
0.772046            56832               -3.41767            5.45537             -3.17378            -9.97974            11.0344             17.9839             
0.775524            57088               1.75487             6.41384             -3.45721            -10.2587            15.7007             21.5805             
0.779002            57344               1.86814             7.37578             1.73573             -9.6263             -6.7183             25.6317             
0.782479            57600               4.46385             9.49796             3.56072             -12.4751            -12.9078            32.7008             
0.785957            57856               3.26399             5.16091             5.97078             -7.58532            -24.1574            16.6353             
0.789435            58112               0.216114            1.64188             10.1171             -4.08022            -44.2411            3.36694             
0.792912            58368               -4.63828            -1.02776            11.7432             -1.95076            -54.5123            -6.31455            
0.79639             58624               -4.17225            0.909929            11.8413             -4.79076            -55.1183            -0.183709           
0.799868            58880               -5.03669            -0.171016           11.4355             -4.25779            -54.3449            -4.75531            
0.803346            59136               -11.7507            2.35378             18.4304             -6.6268             -88.3824            5.04059             
0.806823            59392               -15.94              4.73133             17.6302             -8.77439            -87.5824            14.0287             
0.810301            59648               -20.2334            4.42449             18.5046             -8.45897            -93.7306            13.2566             
0.813779            59904               -19.8616            5.69772             15.2507             -9.17136            -79.6204            17.9563             
0.817256            60160               -15.1331            10.782              3.64586             -12.2878            -26.9342            37.6207             
0.820734            60416               -11.8698            6.33583             -4.30323            -9.1351             9.22125             21.801              
0.824212            60672               -7.48235            6.45101             -8.96896            -8.87557            32.145              22.1236             
0.827689            60928               -9.60923            8.83341             -2.80317            -10.6045            4.35035             30.5089             
0.831167            61184               -8.56369            6.38921             -1.49376            -6.65103            -0.583344           21.6728             
0.834645            61440               -9.20264            4.24047             4.49626             -4.57533            -26.6275            13.5227             
0.838122            61696               -9.93222            3.16641             4.0339              -2.56775            -25.1863            10.2632             
0.8416              61952               -13.8239            7.10601             3.37205             -5.57657            -24.8422            25.479              
0.845078            62208               -21.4094            5.05973             8.10283             -3.87543            -49.8589            17.7417             
0.848555            62464               -16.5094            6.27977             0.172271            -5.70125            -12.9303            22.7435             
0.852033            62720               -10.7397            6.93646             -5.20205            -8.74652            13.9502             25.0318             
0.855511            62976               -13.075             7.12333             -4.81769            -9.15999            11.2348             26.7697             
0.858989            63232               -9.82711            9.42774             -5.75502            -12.2434            17.5018             34.7296             
0.862466            63488               -2.43698            9.86741             -10.8388            -12.4331            44.1231             36.5844             
0.865944            63744               6.94712             10.6857             -18.286             -13.034             81.9854             38.1515             
0.869422            64000               12.6624             8.26634             -19.2148            -8.56644            89.5134             29.2613             
0.872899            64256               20.835              8.52729             -22.7189            -7.58058            109.425             28.9207             
0.876377            64512               20.9414             4.64552             -23.5342            -2.19756            112.365             14.7276             
0.879855            64768               20.1387             5.16317             -22.6819            -2.2                108.068             16.9368             
0.883332            65024               15.2578             4.97759             -18.896             -1.39113            89.0513             16.4252             
0.88681             65280               11.1609             5.17017             -19.121             -1.29999            87.7483             17.4577             
0.890288            65536               1.37824             2.23515             -12.6849            0.266261            54.5123             6.99534             
0.893765            65792               -2.93291            4.37675             -8.7818             -0.825801           34.8839             16.2772             
0.897243            66048               -5.2294             6.04719             -4.49413            -1.46045            14.8857             22.5895             
0.900721            66304               -7.29009            7.99701             -3.10103            -4.434              7.42299             29.905              
0.904198            66560               -17.5585            8.547               3.89138             -5.0342             -29.0503            31.9589             
0.907676            66816               -19.0387            8.69611             6.87612             -5.32871            -42.7167            32.6405             
0.911154            67072               -19.7939            6.60909             7.59632             -5.30405            -46.4265            24.6558             
0.914631            67328               -19.4279            5.84676             7.68184             -4.7387             -46.4417            21.2758             
0.918109            67584               -18.926             5.42868             4.5763              -3.93786            -32.2344            19.0705             
0.921587            67840               -17.588             3.74278             7.83316             -2.78882            -45.0875            12.28               
0.925065            68096               -16.6345            4.43334             9.71826             -3.48056            -52.4384            16.6657             
0.928542            68352               -18.618             7.33345             14.4297             -5.58658            -73.9046            28.2906             
0.93202             68608               -15.373             9.2866              15.3234             -5.83192            -75.9779            35.744              
0.935498            68864               -10.4937            11.3688             14.5521             -7.12266            -69.8407            42.8882             
0.938975            69120               -9.48116            11.1837             17.4839             -8.69866            -82.5421            41.7503             
0.942453            69376               -15.3449            8.4143              23.4726             -7.2603             -112.59             31.4869             
0.945931            69632               -10.8983            9.92387             12.4435             -10.1909            -62.907             36.0831             
0.949408            69888               -4.10994            8.7045              -3.30426            -10.8072            8.52517             31.457              
0.952886            70144               0.661408            6.7157              -12.2357            -9.10695            49.9645             24.4533             
0.956364            70400               5.50908             7.35152             -22.4365            -11.1977            97.3253             26.7568             
0.959841            70656               6.37348             8.93827             -24.9829            -12.9488            109.465             32.7684             
0.963319            70912               7.65606             10.7399             -24.0731            -13.1078            106.868             39.0054             
0.966797            71168               2.0954              6.69831             -13.7363            -8.18384            59.2799             24.3772             
0.970275            71424               0.576124            7.40343             -10.2123            -7.9372             43.3967             27.5932             
0.973752            71680               -2.02934            10.9372             -6.02923            -11.0196            23.8946             41.7411             
0.97723             71936               -8.48853            9.7065              -0.969003           -10.9875            -1.71842            37.2144             
0.980708            72192               -17.6583            6.21904             10.8352             -8.79032            -58.2118            24.5153             
0.984185            72448               -20.9723            9.02637             13.4429             -11.86              -71.2075            34.4092             
0.987663            72704               -24.9671            6.85843             17.4394             -10.6588            -90.7099            25.6022             
0.991141            72960               -28.612             5.71544             20.2409             -10.0041            -104.971            21.0989             
0.994618            73216               -30.7719            3.30398             22.3578             -8.15979            -115.792            11.1657             
0.998096            73472               -25.62              3.22992             18.2631             -9.64052            -95.5153            9.57104             
1.00157             73728               -17.8011            -0.0145219          10.6181             -6.35104            -57.9385            -1.88292            
1.00505             73984               -12.0652            -0.659776           3.96678             -5.14442            -25.9067            -5.49553            
1.00853             74240               -10.4991            0.0713022           4.66936             -5.62485            -28.5086            -3.39529            
1.01201             74496               -18.5702            -0.642042           13.9704             -2.37577            -73.5971            -5.40652            
1.01548             74752               -20.5711            2.28462             15.8398             -3.51388            -83.1553            6.11532             
1.01896             75008               -18.5113            4.57207             9.47716             -5.25943            -54.9151            15.2787             
1.02244             75264               -24.8007            5.58891             13.4484             -5.5798             -76.3537            20.1484             
1.02592             75520               -25.8266            4.18601             8.38662             -2.72112            -55.1803            15.4918             
1.0294              75776               -20.1321            5.51833             -0.0425549          -4.18565            -15.1347            19.8376             
1.03287             76032               -20.3116            4.7482              -5.35745            -4.14421            7.78232             17.623              
1.03635             76288               -20.414             6.42771             -7.10892            -6.87126            15.4768             24.0678             
1.03983             76544               -16.9196            5.66449             -13.2103            -5.78584            44.2105             21.2665             
1.04331             76800               -8.12902            6.19634             -16.2739            -5.49045            62.9505             23.1046             
1.04678             77056               -8.25306            4.39862             -10.6933            -3.84602            38.8086             16.2011             
1.05026             77312               -7.67858            5.32842             -6.74976            -5.68959            22.2469             19.2181             
1.05374             77568               -10.4264            5.86998             -1.64539            -4.65183            -1.31949            21.8183             
1.05722             77824               -8.93547            7.04363             4.73169             -6.52505            -27.4461            25.439              
1.06069             78080               -7.56074            3.9574              2.24526             -3.78589            -15.7296            14.2433             
1.06417             78336               -9.62683            4.04523             3.73841             -5.18527            -23.5684            14.1199             
1.06765             78592               -9.66313            3.18194             5.84694             -3.68883            -32.5562            11.0037             
1.07113             78848               -8.35725            1.02028             5.98731             -0.286477           -32.1879            2.92898             
1.07461             79104               -6.218              -2.33056            8.58731             1.86443             -42.0548            -9.89228            
1.07808             79360               -6.87634            -5.58014            10.918              6.80472             -52.5552            -21.3035            
1.08156             79616               -15.2161            -6.20677            20.8273             8.49158             -100.398            -23.3521            
1.08504             79872               -16.1262            -6.8306             19.5686             10.7892             -95.7574            -24.9458            
1.08852             80128               -17.6252            -7.12585            19.3315             10.3585             -95.6164            -25.869             
1.09199             80384               -14.4898            -6.5806             12.3042             9.17749             -63.6938            -23.9617            
1.09547             80640               -16.3698            -5.88048            13.1327             5.95262             -68.7789            -21.6873            
1.09895             80896               -15.3707            -6.85142            9.52919             7.0131              -52.7206            -25.1855            
1.10243             81152               -11.6133            -4.42655            2.31701             2.77944             -19.3007            -16.6883            
1.1059              81408               -19.8472            -1.62951            7.01611             0.49704             -44.2325            -6.49528            
1.10938             81664               -21.4434            1.36018             7.88866             -1.46913            -48.6535            4.40153             
1.11286             81920               -17.8436            3.69009             5.71465             -4.18965            -36.965             11.9579             
1.11634             82176               -12.2933            3.51535             -0.25481            -6.51235            -7.97563            11.9236             
1.11981             82432               -13.3855            3.50442             4.4608              -6.72211            -29.2809            12.1025             
1.12329             82688               -11.4889            4.5931              2.95999             -6.85484            -21.7104            16.7792             
1.12677             82944               -5.04151            5.76725             -2.66828            -9.59737            6.54183             20.7853             
1.13025             83200               -5.92346            2.23503             0.422649            -5.51721            -7.15699            8.25379             
1.13373             83456               -6.44143            3.91125             4.90624             -7.40756            -26.7083            14.7133             
1.1372              83712               -6.85596            3.48838             8.53021             -5.1376             -43.1139            13.5109             
1.14068             83968               -8.79633            3.62445             14.6499             -4.83024            -70.8092            13.9569             
1.14416             84224               -18.6385            2.91329             20.3003             -4.30881            -101.099            10.501              
1.14764             84480               -16.9627            3.11237             17.4824             -1.93989            -87.8288            11.8455             
1.15111             84736               -23.5832            3.4503              24.0846             -2.34566            -120.256            13.0913             
1.15459             84992               -24.0422            -0.843394           21.3358             3.65887             -108.545            -2.02332            
1.15807             85248               -26.6669            0.699026            23.376              0.912059            -119.237            3.6959              
1.16155             85504               -28.7016            2.89013             21.4675             0.517579            -112.087            12.6545             
1.16502             85760               -24.5717            5.04214             12.4821             -2.24225            -71.375             19.9869             
1.1685              86016               -25.2494            1.47187             10.9997             1.66806             -65.3323            6.38126             
1.17198             86272               -29.9239            2.66976             13.4763             -1.24341            -79.0034            8.96362             
1.17546             86528               -26.7428            3.13363             9.20564             -1.63104            -58.7165            10.1855             
1.17894             86784               -20.9096            3.99544             2.1407              -2.52454            -24.8273            12.8524             
1.18241             87040               -15.5331            5.33284             -5.90662            -6.18871            12.9961             16.9077             
1.18589             87296               -12.6973            5.97822             -8.90333            -5.70012            28.2537             19.8456             
1.18937             87552               -10.5747            5.89207             -12.7021            -7.75185            46.3529             18.9468             
1.19285             87808               -8.73236            4.97572             -13.0684            -7.6587             49.3113             16.2489             
1.19632             88064               -6.12101            7.83724             -13.5729            -9.5688             53.4141             27.4135             
1.1998              88320               -6.6175             6.61921             -7.82588            -8.33268            28.6149             22.4822             
1.20328             88576               -7.62143            5.75312             0.805457            -8.41511            -9.12115            20.1545             
1.20676             88832               -7.35459            6.98584             0.0923271           -7.18082            -6.10232            25.6513             
1.21023             89088               -6.61524            8.75149             1.81065             -9.82456            -13.3372            31.7996             
1.21371             89344               -9.4174             6.31596             3.26277             -5.47781            -21.8666            24.2899             
1.21719             89600               0.637786            3.39468             -8.65633            -3.56549            35.5785             13.687              
1.22067             89856               7.25797             2.67572             -16.1121            -4.37943            71.8148             10.447              
1.22415             90112               9.97997             1.22146             -17.0663            -3.30508            78.0938             4.24476             
1.22762             90368               10.3538             -1.47038            -14.9724            -0.195998           69.4295             -5.87523            
1.2311              90624               11.0833             -1.25583            -15.0784            -1.20642            70.1652             -6.40293            
1.23458             90880               11.4102             -1.03377            -13.5098            -0.584141           63.771              -6.06077            
1.23806             91136               -0.142124           0.49128             -1.6953             -2.18544            5.68108             -0.728749           
1.24153             91392               -8.74234            -0.755287           7.4119              -0.427227           -38.7193            -4.42012            
1.24501             91648               -10.7174            0.313327            8.78374             0.44389             -46.1963            -1.26712            
1.24849             91904               -12.7663            1.87833             8.75072             -1.71865            -46.7117            4.66728             
1.25197             92160               -22.1367            0.288127            15.7241             -0.207469           -82.0023            -0.732106           
1.25544             92416               -27.5247            1.19037             19.5336             -1.72296            -101.695            3.07865             
1.25892             92672               -25.8831            2.21166             18.3558             -5.08558            -95.7294            6.33408             
1.2624              92928               -27.0387            0.247331            19.4283             -2.74462            -101.29             0.688076            
1.26588             93184               -28.591             2.864               16.5225             -6.60823            -90.2539            10.9144             
1.26936             93440               -25.479             4.99757             13.5741             -7.61938            -75.5032            17.8602             
1.27283             93696               -32.6489            6.69302             19.4289             -9.71932            -105.501            25.0988             
1.27631             93952               -28.1789            4.94245             20.4342             -7.795              -107.228            19.095              
1.27979             94208               -28.0401            6.18851             17.2194             -8.25654            -93.2665            22.7532             
1.28327             94464               -33.0839            5.52866             15.1493             -7.40512            -87.1567            20.645              
1.28674             94720               -33.8153            7.01814             14.3749             -7.43953            -84.0148            25.3947             
1.29022             94976               -23.513             7.08792             8.00799             -6.493              -50.5049            26.0617             
1.2937              95232               -19.2558            4.79096             6.94473             -2.93615            -43.3731            17.8605             
1.29718             95488               -16.4442            3.06039             5.47579             0.303783            -35.716             11.8073             
1.30065             95744               -13.8405            3.59615             3.98541             -0.122654           -28.2908            14.0756             
1.30413             96000               -13.1542            5.01202             4.38704             -3.05759            -30.0457            19.4167             
1.30761             96256               -10.898             7.82614             0.07606             -5.15053            -10.2799            30.142              
1.31109             96512               -6.86247            9.78424             -5.21997            -6.98732            15.2888             37.3309             
1.31457             96768               -6.05375            11.0077             -7.23828            -7.44334            24.9638             42.3398             
1.31804             97024               -12.8877            11.0228             -1.48344            -7.3709             -3.72735            42.3093             
1.32152             97280               -13.9035            8.89873             -4.98645            -5.21451            10.9944             34.1214             
1.325               97536               -7.76231            8.13646             -9.79354            -4.21585            35.4402             31.6823             
1.32848             97792               -11.7124            10.2135             -5.37267            -7.27948            14.0914             38.883              
1.33195             98048               -19.3147            10.6707             1.99046             -7.1794             -22.519             40.9825             
1.33543             98304               -21.941             8.46864             -0.826388           -6.43758            -12.4585            33.0252             
1.33891             98560               -16.9415            8.1152              -3.88239            -7.23162            4.43383             31.7924             
1.34239             98816               -17.101             8.67525             -3.68396            -9.69391            3.62912             33.3079             
1.34586             99072               -23.6735            8.80644             3.31486             -10.802             -30.0041            33.6875             
1.34934             99328               -24.0699            6.08352             9.6348              -9.42733            -57.3073            24.0676             
1.35282             99584               -27.8641            5.87183             18.8852             -10.735             -99.9246            22.3815             
1.3563              99840               -29.5055            4.69992             24.6737             -8.99617            -125.822            17.1508             
1.35978             100096              -31.6274            4.55303             21.7463             -8.51642            -114.42             15.5549             
1.36325             100352              -37.1271            4.2016              27.2147             -8.8438             -141.665            13.3669             
1.36673             100608              -39.3628            2.68659             26.6427             -6.62581            -141.09             8.34862             
1.37021             100864              -33.9979            0.211298            20.263              -3.32962            -110.445            -0.459394           
1.37369             101120              -30.7202            2.82209             12.2427             -6.67719            -74.15              7.40733             
1.37716             101376              -21.2568            -1.02523            2.30522             -2.73462            -25.294             -7.48369            
1.38064             101632              -13.8314            -0.504528           -3.21187            -1.74637            3.01442             -5.59676            
1.38412             101888              -6.01583            -2.69928            -8.1475             1.01808             28.9966             -13.1456            
1.3876              102144              4.28002             -2.0699             -14.1983            2.30373             61.2776             -9.73388            
1.39107             102400              8.16772             -2.41716            -14.2729            3.48008             63.9609             -11.2829            
1.39455             102656              8.37851             -4.65093            -14.6628            6.24562             65.5368             -19.025             
1.39803             102912              6.76237             -2.49173            -16.4228            5.15522             72.0203             -10.8572            
1.40151             103168              8.10024             -1.3384             -21.8784            6.48212             96.4411             -5.68025            
1.40499             103424              -0.371163           -0.974006           -10.5713            5.34454             42.8738             -4.23241            
1.40846             103680              -5.74842            -2.28083            -6.54016            7.16826             22.9488             -8.87463            
1.41194             103936              -7.28541            2.09262             -4.6186             3.87537             14.2717             6.92454             
1.41542             104192              -12.7883            1.97853             2.96453             3.2957              -21.6684            6.36619             
1.4189              104448              -13.8398            2.79103             4.94433             1.35987             -31.1928            9.09704             
1.42237             104704              -7.60735            3.19829             2.38681             1.58004             -16.2154            11.3495             
1.42585             104960              -6.13068            3.51877             5.69261             1.16319             -29.4817            12.5287             
1.42933             105216              -5.52432            3.43539             4.6641              1.75165             -24.6818            12.6997             
1.43281             105472              -8.51616            2.38669             8.87208             1.57953             -44.5598            9.22126             
1.43628             105728              -8.29173            0.640329            2.51689             2.47785             -17.5779            2.70838             
1.43976             105984              -1.86701            1.17497             -3.41195            -1.08291            11.6588             4.78046             
1.44324             106240              -1.50305            -0.697072           -6.51755            -1.68283            25.2236             -2.25404            
1.44672             106496              3.62578             0.0591581           -12.3672            -5.08227            54.0223             -0.344124           
1.4502              106752              1.85457             -1.46793            -9.26345            -4.25399            39.6846             -6.31641            
1.45367             107008              -4.10975            1.92184             -1.00431            -9.11239            0.625186            5.00476             
1.45715             107264              -10.0379            5.01504             8.39085             -11.0903            -43.5542            15.4717             
1.46063             107520              -16.6818            4.54928             15.7733             -10.2087            -79.5234            13.2145             
1.46411             107776              -22.7479            -0.100445           20.7323             -4.85352            -104.93             -2.91313            
1.46758             108032              -19.1556            4.7518              13.5516             -8.58239            -71.9123            14.2789             
1.47106             108288              -27.1809            5.3759              14.7037             -8.93045            -81.6605            17.2748             
1.47454             108544              -36.9692            5.29141             16.7486             -8.29121            -96.7925            17.9029             
1.47802             108800              -32.079             10.6131             6.94553             -11.0942            -51.4933            38.5636             
1.48149             109056              -23.3526            9.0081              -0.968325           -7.40543            -11.5719            34.3103             
1.48497             109312              -15.9184            11.2363             -5.16724            -10.4416            10.9337             43.5371             
1.48845             109568              -8.00542            9.73285             -9.55459            -7.92037            34.7015             39.2347             
1.49193             109824              8.02069             9.60814             -23.1352            -9.03396            102.87              38.3385             
1.49541             110080              19.97               11.6432             -32.9454            -12.5646            152.503             46.0236             
1.49888             110336              24.3664             13.4192             -33.2094            -16.9053            156.514             51.9107             
1.50236             110592              25.3012             13.5738             -29.809             -18.3174            142.991             50.7082             
1.50584             110848              21.8229             11.0079             -22.4301            -18.0107            109.413             40.1434             
1.50932             111104              16.942              12.0337             -13.9902            -20.4633            69.868              44.0023             
1.51279             111360              12.3973             13.7099             -8.05389            -20.4575            41.1206             49.9267             
1.51627             111616              2.72447             13.4553             0.677915            -18.9629            -2.88523            48.5504             
1.51975             111872              -2.70513            13.4382             3.00384             -17.9052            -16.0444            47.9613             
1.52323             112128              -9.7664             12.7563             4.87976             -16.8346            -28.4547            44.196              
1.5267              112384              -22.3714            10.8238             14.483              -14.6085            -77.5805            37.5311             
1.53018             112640              -31.8416            6.61201             20.3564             -10.49              -108.41             21.3892             
1.53366             112896              -40.466             5.99664             26.3553             -10.2652            -139.04             19.5196             
1.53714             113152              -41.5368            5.33561             29.2413             -9.7032             -151.833            17.4362             
1.54062             113408              -39.7178            2.37885             32.0947             -5.79007            -162.713            7.40361             
1.54409             113664              -38.9984            3.70707             31.6445             -7.18374            -160.356            12.1559             
1.54757             113920              -37.3411            1.54883             32.6698             -5.06146            -164.189            4.22856             
1.55105             114176              -32.8181            2.57641             30.4495             -4.7918             -152.17             7.87087             
1.55453             114432              -31.0013            1.97924             29.3554             -4.06093            -146.243            5.22029             
1.558               114688              -26.9995            -1.72606            29.4142             -0.97849            -144.326            -8.21704            
1.56148             114944              -21.5287            -3.38262            24.342              -0.659732           -119.543            -15.0915            
1.56496             115200              -11.951             -4.54665            16.9555             1.82393             -82.1664            -19.7395            
1.56844             115456              -12.4864            -2.29729            16.2371             -1.07575            -79.2825            -12.0452            
1.57191             115712              -14.2042            -2.84874            20.2544             0.745777            -97.7414            -13.5591            
1.57539             115968              -15.0746            -2.63167            16.8846             0.307527            -83.954             -12.9617            
1.57887             116224              -17.8577            -1.35851            11.9143             -0.753491           -64.9798            -8.431              
1.58235             116480              -22.179             1.20322             9.45254             -2.80866            -57.4421            2.04018             
1.58582             116736              -21.8157            1.33284             2.32334             -3.40561            -26.4534            2.74939             
1.5893              116992              -18.0081            1.72645             -5.61476            -4.69674            10.4434             4.02864             
1.59278             117248              -19.3696            5.1516              -6.13885            -8.27391            11.9497             16.675              
1.59626             117504              -21.3388            3.70241             -6.41558            -8.22071            11.9222             10.931              
1.59974             117760              -14.46              2.01376             -12.1319            -6.26642            40.6951             5.0963              
1.60321             118016              -4.4159             3.2065              -23.1356            -8.90263            94.2774             9.44051             
1.60669             118272              1.746               2.59577             -29.4               -7.9512             124.995             6.94681             
1.61017             118528              10.0333             1.74393             -36.7748            -4.81909            162.241             3.91344             
1.61365             118784              10.1271             0.911525            -36.2232            -2.35138            160.585             1.59446             
1.61712             119040              13.1741             3.34467             -31.6792            -3.67134            143.625             11.558              
1.6206              119296              16.4199             6.96247             -24.6381            -5.20222            115.546             25.1074             
1.62408             119552              8.81357             5.72312             -9.65196            -4.0375             46.105              20.8688             
1.62756             119808              -2.02404            9.07182             7.8264              -5.08217            -35.7552            34.0926             
1.63103             120064              -15.0016            13.3804             21.7411             -11.1324            -104.219            50.2117             
1.63451             120320              -23.4133            7.59823             24.8398             -7.39941            -123.235            29.4968             
1.63799             120576              -31.3581            8.15164             25.171              -8.44877            -129.503            31.7634             
1.64147             120832              -42.2885            8.79342             33.0188             -7.76248            -170.022            34.3503             
1.64495             121088              -47.7265            9.15553             34.9133             -8.69044            -181.317            35.1202             
1.64842             121344              -42.9103            8.67395             31.0516             -8.29207            -161.788            32.6406             
1.6519              121600              -31.501             5.50547             21.4447             -5.57456            -113.378            21.0015             
1.65538             121856              -33.4631            2.94064             23.0359             -2.0072             -121.787            11.4012             
1.65886             122112              -31.2022            5.69593             18.3592             -4.78954            -100.54             21.0155             
1.66233             122368              -23.6594            6.42938             10.0908             -4.69224            -60.7206            24.1583             
1.66581             122624              -6.66108            6.64059             -5.9274             -4.5491             18.817              25.7134             
1.66929             122880              -8.43674            5.48867             -6.88498            -3.835              22.0791             21.001              
1.67277             123136              -2.41054            5.27352             -12.6199            -5.18849            50.812              19.3153             
1.67624             123392              3.24409             5.0857              -18.9096            -5.00982            81.178              19.1976             
1.67972             123648              5.81624             4.90009             -22.9343            -5.41222            100.188             18.4619             
1.6832              123904              -1.63772            4.05582             -15.292             -7.94308            63.1556             14.2829             
1.68668             124160              -9.71964            4.65903             -3.01406            -7.89481            6.27377             16.7364             
1.69016             124416              -15.7057            5.63498             4.33501             -8.31262            -28.7064            20.5214             
1.69363             124672              -17.5123            5.04063             4.12775             -8.90093            -28.4977            18.292              
1.69711             124928              -18.3364            5.12007             6.1895              -9.37184            -37.7299            18.5649             
1.70059             125184              -14.4964            7.24344             7.49658             -10.669             -41.4679            25.6772             
1.70407             125440              -9.36525            8.49655             7.32012             -10.7451            -38.1505            30.4045             
1.70754             125696              -7.75456            8.48374             10.7106             -11.0259            -52.0336            31.8583             
1.71102             125952              -4.40893            6.9258              7.21429             -7.8662             -35.371             26.7195             
1.7145              126208              -4.88764            7.5853              6.08426             -7.9327             -30.8517            27.5831             
1.71798             126464              -11.9781            4.95339             6.37708             -3.65492            -36.4585            17.327              
1.72145             126720              -12.2372            4.39263             10.0135             -3.59737            -51.7594            15.1954             
1.72493             126976              -16.9921            3.94568             19.7983             -2.95328            -96.5747            13.4269             
1.72841             127232              -26.304             5.07458             35.9396             -4.86919            -171.624            17.5653             
1.73189             127488              -34.0993            6.15367             42.0043             -6.8275             -203.108            22.4498             
1.73537             127744              -35.1785            7.21229             43.0861             -9.04346            -208.154            25.7775             
1.73884             128000              -41.4621            4.21232             43.3798             -7.5284             -213.552            14.9101             
1.74232             128256              -42.4805            3.7307              40.677              -8.23638            -202.854            12.9                
1.7458              128512              -40.3929            4.3911              35.3406             -9.66906            -178.607            15.5123             
1.74928             128768              -40.695             6.05418             31.048              -9.91432            -160.512            22.1855             
1.75275             129024              -36.7659            6.44664             24.2717             -8.46625            -129.044            22.9151             
1.75623             129280              -30.3591            9.12174             10.9163             -9.65721            -68.0985            32.7277             
1.75971             129536              -26.3396            6.86956             4.23866             -5.43865            -37.1135            25.3988             
1.76319             129792              -18.1046            8.19132             -6.79134            -5.5925             15.1068             29.9546             
1.76666             130048              -3.55332            6.12602             -22.0863            -2.57319            89.996              22.8998             
1.77014             130304              0.643544            7.70921             -24.7286            -5.65765            104.023             28.2972             
1.77362             130560              5.32972             9.27249             -25.3836            -6.81341            110.11              34.4452             
1.7771              130816              7.42437             9.67951             -26.7289            -7.79999            117.404             35.3898             
1.78058             131072              4.68569             8.78843             -24.3269            -6.76308            105.813             31.693              
1.78405             131328              0.738378            9.06688             -20.1042            -7.23886            85.6503             33.3348             
1.78753             131584              -4.30819            6.49943             -15.5788            -3.51224            63.3715             25.4774             
1.79101             131840              -7.96209            7.8589              -9.37402            -5.99965            34.3513             31.1458             
1.79449             132096              -7.84533            7.89436             -1.91267            -7.95257            2.72955             30.9329             
1.79796             132352              -14.491             5.06206             6.07476             -4.07219            -35.5289            20.1086             
1.80144             132608              -13.3439            3.29924             4.77225             -3.68573            -29.7973            13.2626             
1.80492             132864              -12.7653            -1.60007            3.7559              -1.05499            -25.2924            -5.44575            
1.8084              133120              -12.7827            -4.75757            6.76735             2.14943             -38.6737            -17.8904            
1.81187             133376              -15.444             -5.36418            6.87596             1.61515             -41.1984            -21.5539            
1.81535             133632              -17.0884            -4.23467            9.75424             0.939982            -54.8149            -17.6693            
1.81883             133888              -16.8125            -1.38142            7.17177             -2.88236            -43.4652            -7.65585            
1.82231             134144              -17.8607            -2.26166            7.5872              -1.24499            -45.9844            -11.1761            
1.82579             134400              -17.9569            -1.60061            10.8089             -2.38364            -59.8536            -8.91983            
1.82926             134656              -19.5278            -0.923109           11.1857             -3.03276            -62.6106            -6.34273            
1.83274             134912              -19.7906            -2.65622            13.4306             -1.4306             -72.97              -12.1609            
1.83622             135168              -17.9151            -2.06549            12.907              -2.03697            -69.2644            -10.245             
1.8397              135424              -12.7367            -0.72903            6.90793             -2.1563             -40.0942            -4.91093            
1.84317             135680              -11.518             1.44606             0.723865            -4.44696            -12.7392            2.72485             
1.84665             135936              -12.6313            1.75941             -1.61916            -4.21051            -3.05146            3.81031             
1.85013             136192              -10.336             1.07755             -6.53893            -2.76611            19.6022             1.41228             
1.85361             136448              -5.02588            2.71063             -9.25712            -6.29573            34.5988             6.88761             
1.85708             136704              -2.66059            -0.638865           -13.2546            -2.09696            53.2054             -5.40934            
1.86056             136960              0.873362            0.292204            -16.6173            -5.43493            69.8247             -2.89884            
1.86404             137216              6.99122             -0.735904           -21.7637            -4.07269            95.9041             -5.5507             
1.86752             137472              2.51488             0.698672            -19.9996            -5.98211            86.1605             0.568499            
1.871               137728              -4.41539            1.52975             -10.0198            -6.90558            39.6078             4.18704             
1.87447             137984              -3.70063            2.06632             -10.2859            -8.53072            41.1581             7.06369             
1.87795             138240              2.13321             3.26283             -7.49529            -11.0883            32.3223             11.2171             
1.88143             138496              -5.28808            6.62096             4.53192             -13.28              -24.1105            24.0808             
1.88491             138752              -12.8069            5.55336             11.9192             -11.3054            -60.7337            19.908              
1.88838             139008              -15.9238            4.42812             12.9394             -9.48701            -67.8317            15.2732             
1.89186             139264              -18.3824            3.81805             11.9887             -8.67833            -65.3362            12.3571             
1.89534             139520              -24.7137            0.532304            10.5963             -5.05105            -62.9372            -0.344296           
1.89882             139776              -26.9469            -2.15482            8.90271             -1.53279            -56.8194            -10.335             
1.90229             140032              -24.0589            -0.22008            7.63803             -0.764662           -49.6085            -2.42084            
1.90577             140288              -20.671             2.51084             3.03499             -1.28864            -27.9614            8.05404             
1.90925             140544              -20.4169            7.38539             3.41672             -5.61527            -29.3554            26.1762             
1.91273             140800              -14.292             7.81359             0.805843            -6.79076            -14.2674            28.089              
1.91621             141056              -6.18664            4.96849             -4.83297            -3.39802            14.9828             18.1147             
1.91968             141312              -3.77101            3.87404             -8.5429             -2.96627            32.6612             13.9447             
1.92316             141568              -0.873799           0.615025            -11.4386            -0.883855           46.8893             1.87629             
1.92664             141824              -4.82881            -0.384264           -9.6563             0.509744            37.2006             -1.47353            
1.93012             142080              -9.72778            -1.67873            -4.62953            2.18349             12.8957             -5.69719            
1.93359             142336              -5.36792            -2.11927            -8.04109            4.79189             30.8203             -7.70459            
1.93707             142592              -7.69287            0.329433            -1.47129            3.16492             1.15548             1.5111              
1.94055             142848              -7.16728            -0.852697           1.69493             6.19014             -12.1784            -2.63558            
1.94403             143104              -4.16071            -1.5561             3.08582             5.79501             -16.7248            -6.2196             
1.9475              143360              -2.23425            -2.365              -0.0458016          4.49863             -2.51412            -8.98197            
1.95098             143616              0.784427            -4.23631            -2.53031            6.87905             9.85488             -15.7205            
1.95446             143872              -2.53355            -3.02461            -1.16841            4.81455             1.54258             -11.7875            
1.95794             144128              -0.512835           -1.9096             -2.6131             1.44812             8.79081             -8.53629            
1.96142             144384              -1.75015            0.74945             -0.649773           -2.08271            -0.763761           1.60288             
1.96489             144640              -2.15765            1.95426             0.137839            -3.31614            -4.38299            6.49074             
1.96837             144896              -1.33221            1.6191              -3.73454            -4.6767             12.9432             5.18117             
1.97185             145152              1.42533             3.85039             -6.79309            -7.03863            27.7928             13.0904             
1.97533             145408              -1.99883            4.80103             -4.06629            -6.30416            13.9777             17.2114             
1.9788              145664              -8.58653            4.20266             0.892               -5.79871            -11.2916            15.2266             
1.98228             145920              -14.3423            8.14465             1.19795             -9.04304            -16.3592            29.6147             
1.98576             146176              -17.2669            4.77331             6.50768             -5.67181            -40.6392            17.512              
1.98924             146432              -19.5807            5.97022             5.33298             -5.29125            -36.6861            22.0548             
1.99271             146688              -24.6504            2.15327             9.753               -1.77425            -58.446             8.18011             
1.99619             146944              -28.4302            0.588656            11.5138             0.687236            -68.1457            3.19619             
1.99967             147200              -24.9982            -0.852912           10.9058             1.41254             -63.3613            -2.20988            
