#Time               nTime               force-x             force-y             force-z             moment-x            moment-y            moment-z            
0                   0                   0.000247058         0.000321804         0.000341648         -0.000460804        0.000139013         0.000203634         
0.00347769          256                 -51.7499            154.746             252.751             -298.641            -13.3928            -64.6962            
0.00695537          512                 -218.882            -114.245            -215.573            230.316             -102.981            -198.71             
0.0104331           768                 -105.854            -100.775            -303.313            288.114             -39.3118            -96.8967            
0.0139107           1024                -86.4852            -58.0453            -82.5941            86.3448             -26.3782            -77.0735            
0.0173884           1280                175.706             -74.8991            -204.59             210.545             58.9519             151.142             
0.0208661           1536                -135.579            11.5639             129.416             -112.724            -57.5769            -117.184            
0.0243438           1792                -54.9572            22.9753             18.7935             -25.6709            -29.1314            -46.6322            
0.0278215           2048                121.463             -41.4237            -74.9497            80.4794             47.45               103.104             
0.0312992           2304                6.47691             19.5589             6.69706             -14.6221            -0.7285             5.91097             
0.0347769           2560                -5.94473            -33.2551            -20.4855            28.0468             0.107517            -6.15765            
0.0382545           2816                30.2047             2.49592             0.56894             -1.82933            9.92756             25.6474             
0.0417322           3072                17.4068             -2.51422            -1.50463            2.07291             4.87885             15.1536             
0.0452099           3328                22.4366             -5.89409            -9.45165            9.71627             8.29945             19.2514             
0.0486876           3584                24.5021             3.31465             3.1364              -3.88097            7.88851             21.5645             
0.0521653           3840                25.6966             -4.81811            -5.3578             6.35356             9.54358             22.3399             
0.055643            4096                21.5182             -5.62154            -5.47434            6.77264             8.28006             18.7636             
0.0591207           4352                18.5799             -3.7446             -2.3274             3.61602             7.00616             16.0512             
0.0625984           4608                24.8421             -5.04511            -7.75895            8.96079             9.67932             21.0096             
0.066076            4864                19.7754             -5.51841            -5.94576            7.83557             7.48038             16.2351             
0.0695537           5120                15.2658             -5.29228            -2.48597            4.94257             5.30172             12.0643             
0.0730314           5376                12.9396             -4.9008             -1.754              4.35443             3.78116             9.73161             
0.0765091           5632                12.3203             -5.6333             -1.39754            4.5402              3.36162             8.82915             
0.0799868           5888                10.7041             -6.8095             -1.27776            5.17108             2.31547             7.4575              
0.0834645           6144                7.86393             -7.70105            -1.05233            5.53361             0.765194            4.87082             
0.0869422           6400                8.58967             -10.5125            -3.13666            8.42886             1.17521             4.67349             
0.0904198           6656                7.91724             -12.9033            -3.28867            9.81676             0.627768            3.858               
0.0938975           6912                1.62191             -15.983             -3.7007             11.6813             -2.08131            -1.24364            
0.0973752           7168                0.427249            -17.4526            -3.16323            11.8968             -2.67277            -2.15253            
0.100853            7424                0.11084             -18.5627            -4.55224            13.2446             -2.27884            -2.39867            
0.104331            7680                -4.64458            -17.799             -3.86563            12.2037             -4.01349            -6.22427            
0.107808            7936                -5.55362            -18.3651            -5.58276            13.7895             -4.10824            -6.43306            
0.111286            8192                -4.65868            -16.0997            -7.37147            13.5363             -2.75725            -5.45206            
0.114764            8448                -1.17405            -15.228             -10.1847            14.9166             -0.249263           -2.76053            
0.118241            8704                0.0146163           -15.3564            -11.422             16.2211             -0.0683095          -1.82053            
0.121719            8960                -0.0156439          -14.9391            -11.6268            16.3718             -0.0686196          -1.60696            
0.125197            9216                -1.28795            -15.1012            -10.8966            15.7593             -0.850964           -2.82175            
0.128674            9472                -4.34059            -17.8975            -14.8064            20.2524             -2.3747             -5.77938            
0.132152            9728                -6.68724            -20.3401            -19.6735            25.8454             -4.20879            -7.81022            
0.13563             9984                -9.39469            -19.7445            -21.5025            26.8597             -5.23813            -10.1868            
0.139107            10240               -11.606             -18.9398            -23.3935            27.4619             -5.05372            -11.8026            
0.142585            10496               -9.74259            -19.8864            -24.6443            28.5123             -3.4594             -10.2933            
0.146063            10752               -10.367             -19.8404            -26.7693            29.8101             -2.80905            -10.5798            
0.149541            11008               -11.7602            -17.8723            -27.9069            29.7593             -3.08968            -11.4045            
0.153018            11264               -11.7319            -16.0862            -25.5267            27.1092             -3.81005            -11.2524            
0.156496            11520               -13.5458            -18.9846            -30.3981            32.5477             -4.52912            -12.9267            
0.159974            11776               -12.0427            -18.2008            -30.5757            32.1809             -3.32073            -11.6882            
0.163451            12032               -11.7282            -17.8913            -29.5694            30.9893             -2.85709            -11.3165            
0.166929            12288               -9.77875            -17.3743            -28.2988            30.2064             -2.86296            -9.2525             
0.170407            12544               -11.6355            -17.9658            -24.6564            27.7431             -4.70056            -10.9408            
0.173884            12800               -15.6038            -21.2891            -29.2676            32.7813             -5.96087            -14.6054            
0.177362            13056               -17.2579            -20.3267            -29.8186            32.791              -6.82583            -15.8424            
0.18084             13312               -16.1417            -21.0714            -30.9913            34.1833             -6.58657            -14.9019            
0.184317            13568               -17.6659            -23.6295            -31.5248            35.6323             -6.96958            -16.5464            
0.187795            13824               -18.5559            -22.5338            -32.3161            35.4865             -6.85584            -17.1378            
0.191273            14080               -17.4363            -21.4855            -33.971             35.8917             -5.32397            -16.2588            
0.19475             14336               -15.1166            -21.2588            -32.5953            34.4525             -3.90669            -14.3361            
0.198228            14592               -14.5622            -21.2931            -34.8584            36.3263             -3.73926            -13.8752            
0.201706            14848               -15.0708            -21.0442            -33.2728            35.0814             -4.22064            -14.1158            
0.205183            15104               -13.906             -19.9862            -31.6382            33.6867             -4.23296            -12.8432            
0.208661            15360               -11.145             -21.5586            -32.2772            35.5138             -3.96158            -10.5953            
0.212139            15616               -13.1726            -20.9526            -29.6952            33.3304             -5.03783            -12.2652            
0.215617            15872               -13.0099            -21.2589            -28.5963            32.8939             -5.83406            -12.1119            
0.219094            16128               -14.3088            -21.8539            -29.1359            33.6418             -6.77261            -13.4178            
0.222572            16384               -15.0873            -23.4139            -32.0756            36.3251             -6.45171            -14.3238            
0.22605             16640               -16.8286            -23.4202            -34.3724            37.7502             -6.06639            -15.6908            
0.229527            16896               -18.7175            -22.8188            -37.2754            39.2661             -5.65627            -17.0763            
0.233005            17152               -15.3614            -22.5683            -38.4487            40.2552             -4.24447            -14.4722            
0.236483            17408               -16.1241            -24.0095            -36.4835            39.8803             -5.8145             -15.0802            
0.23996             17664               -16.9725            -24.9904            -35.29              39.3597             -6.18664            -16.0739            
0.243438            17920               -18.9485            -25.881             -36.6518            40.7472             -6.71981            -17.7201            
0.246916            18176               -15.6679            -27.2583            -37.3351            41.6838             -5.01447            -15.1755            
0.250393            18432               -14.5119            -24.4933            -34.1549            37.805              -4.74417            -14.1059            
0.253871            18688               -16.8459            -27.0258            -37.6472            41.5214             -5.18838            -16.33              
0.257349            18944               -13.6813            -24.8729            -40.3664            42.8493             -3.77276            -13.3163            
0.260826            19200               -9.6705             -23.3058            -38.1264            40.4969             -2.24318            -10.0889            
0.264304            19456               -8.66981            -22.8979            -36.7682            39.9518             -2.93455            -9.41467            
0.267782            19712               -11.0321            -24.1288            -33.4776            38.3446             -4.79074            -11.7015            
0.27126             19968               -8.67466            -27.7164            -35.9346            42.4744             -4.23336            -9.72407            
0.274737            20224               -11.5985            -27.1988            -35.2362            41.4016             -4.82627            -12.2538            
0.278215            20480               -12.1654            -28.974             -37.494             43.3338             -3.79645            -12.9175            
0.281693            20736               -12.016             -30.372             -37.4511            43.6304             -3.03987            -13.0156            
0.28517             20992               -9.9709             -30.6026            -40.1591            45.8935             -2.00824            -10.9699            
0.288648            21248               -10.11              -28.4018            -40.2836            44.632              -1.53078            -10.7217            
0.292126            21504               -10.0042            -24.8124            -38.4185            41.3174             -1.14062            -10.3756            
0.295603            21760               -8.42345            -21.1897            -34.1833            36.7267             -1.5591             -8.78478            
0.299081            22016               -6.23833            -22.2667            -30.6764            34.5164             -1.21859            -7.41517            
0.302559            22272               -8.5474             -21.1669            -28.5012            32.5661             -3.1836             -9.27727            
0.306036            22528               -11.1819            -26.0578            -34.662             39.5715             -4.45679            -11.8145            
0.309514            22784               -13.0828            -27.5456            -32.6983            38.419              -5.0559             -13.5716            
0.312992            23040               -14.7287            -27.7897            -33.5601            38.7559             -4.93899            -14.8508            
0.316469            23296               -13.6975            -27.6036            -37.545             41.2326             -2.75369            -13.7299            
0.319947            23552               -12.3173            -23.7575            -38.0443            39.523              -1.87979            -12.0464            
0.323425            23808               -12.1583            -26.604             -40.5832            43.1747             -1.93038            -12.0779            
0.326903            24064               -11.5736            -26.5648            -37.6635            41.4535             -3.02201            -11.9791            
0.33038             24320               -14.1488            -26.975             -36.3045            40.7323             -4.60459            -14.1089            
0.333858            24576               -11.2058            -26.5074            -36.8457            40.5612             -2.47824            -11.2901            
0.337336            24832               -6.3575             -24.6799            -35.4052            39.1242             -0.825391           -7.03987            
0.340813            25088               -2.58588            -20.2904            -31.3576            33.9268             0.250063            -3.47938            
0.344291            25344               -5.04462            -23.5455            -34.0222            37.7786             -1.21509            -5.76119            
0.347769            25600               -11.2212            -27.7517            -34.9749            40.4635             -4.15959            -11.6813            
0.351246            25856               -11.7402            -29.7363            -36.7525            42.6476             -3.90802            -12.1969            
0.354724            26112               -12.2697            -30.8859            -36.9579            42.7502             -3.16783            -12.8629            
0.358202            26368               -11.0281            -31.5145            -40.1214            45.3611             -1.94138            -11.8537            
0.361679            26624               -6.54298            -27.6317            -40.32              43.5055             0.6881              -7.74408            
0.365157            26880               -6.30151            -25.7705            -40.8987            43.0512             1.55956             -7.02915            
0.368635            27136               -4.46705            -24.7769            -38.8201            41.6495             1.09966             -5.41222            
0.372112            27392               -3.42692            -25.4804            -38.4725            41.9043             0.717403            -4.64823            
0.37559             27648               -2.87667            -26.1802            -35.7242            40.3346             0.169593            -4.45374            
0.379068            27904               -5.37226            -27.3132            -38.3341            42.8745             -0.767006           -6.64427            
0.382546            28160               -5.90519            -27.651             -40.8474            44.6841             -0.540783           -7.43643            
0.386023            28416               -7.45723            -27.7098            -39.3247            43.8731             -1.93639            -8.95917            
0.389501            28672               -10.088             -29.4476            -38.0968            43.7888             -3.24453            -11.215             
0.392979            28928               -8.71645            -30.2511            -41.3818            46.1329             -1.68484            -9.88919            
0.396456            29184               -12.0344            -28.0138            -40.0367            44.0672             -3.09707            -12.2994            
0.399934            29440               -10.8961            -27.1952            -40.1831            44.0845             -3.15331            -11.1823            
0.403412            29696               -13.0727            -26.1458            -39.1428            42.6781             -3.62198            -12.8794            
0.406889            29952               -9.20265            -24.3593            -40.7419            43.174              -1.81692            -9.15159            
0.410367            30208               -5.27926            -20.3369            -38.929             39.8284             -0.0125717          -5.2619             
0.413845            30464               -5.61826            -20.64              -38.8605            39.7427             0.122367            -5.53531            
0.417322            30720               -8.03167            -21.9533            -38.1716            40.1283             -1.49905            -7.69688            
0.4208              30976               -7.09285            -22.0741            -33.4408            36.5886             -1.93444            -7.37722            
0.424278            31232               -11.9108            -27.4753            -36.3897            41.1801             -4.15559            -12.2776            
0.427755            31488               -14.5639            -26.4336            -33.5649            38.232              -5.30774            -14.2866            
0.431233            31744               -13.3204            -28.112             -36.1839            40.8928             -4.20278            -13.159             
0.434711            32000               -13.3134            -26.5271            -37.3737            41.204              -4.04914            -12.6988            
0.438188            32256               -9.87004            -26.3035            -36.032             40.0511             -2.18548            -9.88582            
0.441666            32512               -8.56041            -26.2992            -35.6128            39.7327             -1.84828            -9.06815            
0.445144            32768               -13.5957            -30.5114            -38.4517            44.0187             -4.38339            -13.6747            
0.448622            33024               -11.6031            -28.9216            -36.8436            42.2472             -3.81633            -11.8024            
0.452099            33280               -10.5977            -27.9669            -37.9552            42.5719             -2.99736            -10.9395            
0.455577            33536               -7.9025             -27.593             -39.5017            43.7154             -1.64251            -8.67299            
0.459055            33792               -7.75783            -25.6697            -37.2147            41.1076             -1.8757             -8.46576            
0.462532            34048               -5.44302            -24.86              -34.4146            38.5042             -1.05126            -6.43837            
0.46601             34304               -5.25136            -25.6256            -35.6694            40.1588             -1.48371            -6.11968            
0.469488            34560               -3.53263            -23.706             -35.8679            39.2724             -0.402132           -4.80684            
0.472965            34816               -3.63216            -24.1585            -37.5123            40.5298             0.133498            -4.99397            
0.476443            35072               -5.15352            -25.022             -36.948             41.1358             -1.46427            -6.22324            
0.479921            35328               -9.26171            -25.721             -35.0754            39.9628             -3.31072            -9.8183             
0.483398            35584               -5.72342            -23.9432            -35.7607            39.5661             -1.60613            -6.76561            
0.486876            35840               -6.88667            -24.7986            -38.4347            41.4352             -0.960728           -7.67919            
0.490354            36096               -7.54471            -23.9733            -37.6576            40.321              -1.23876            -8.17092            
0.493831            36352               -6.07392            -21.897             -35.183             37.703              -1.36399            -6.57691            
0.497309            36608               -8.87286            -25.6578            -35.6175            39.7551             -2.92053            -9.40398            
0.500787            36864               -13.9152            -25.3387            -35.0792            39.137              -5.03623            -13.6021            
0.504265            37120               -17.1176            -25.8689            -38.7961            42.1743             -5.59772            -16.2476            
0.507742            37376               -12.8502            -23.2639            -40.9877            42.6938             -3.33673            -12.4219            
0.51122             37632               -9.91281            -19.9387            -40.7605            41.6014             -2.74764            -9.44323            
0.514698            37888               -12.7548            -20.9093            -38.9673            40.7223             -4.51036            -12.1517            
0.518175            38144               -14.4767            -25.6581            -38.6852            42.5136             -5.0869             -14.333             
0.521653            38400               -11.7444            -28.9013            -38.172             43.6007             -4.16739            -12.4098            
0.525131            38656               -15.4251            -27.8717            -32.5602            38.6469             -6.04592            -15.319             
0.528608            38912               -11.3312            -28.6229            -36.8845            41.9977             -3.08781            -11.7902            
0.532086            39168               -7.7237             -25.2692            -36.7307            40.3313             -1.26089            -8.45438            
0.535564            39424               -10.8385            -25.7697            -39.142             42.923              -3.45669            -11.0253            
0.539041            39680               -11.0145            -27.2704            -38.8685            43.6068             -4.13686            -11.3783            
0.542519            39936               -16.5531            -30.3218            -39.6827            45.6496             -6.50372            -16.0245            
0.545997            40192               -14.3142            -27.7975            -43.998             47.3539             -4.05727            -13.9881            
0.549474            40448               -9.89062            -24.2708            -42.6451            44.4111             -1.40039            -9.95857            
0.552952            40704               -6.84985            -25.8062            -41.0067            44.3406             -0.882366           -7.56302            
0.55643             40960               -6.23664            -25.7469            -37.0452            41.6217             -1.94134            -7.08884            
0.559907            41216               -10.8004            -28.1999            -37.5455            42.474              -2.74599            -11.187             
0.563385            41472               -7.9588             -25.0844            -37.1465            40.4177             -0.97364            -8.36699            
0.566863            41728               -7.62503            -24.1492            -35.407             38.9007             -1.62004            -7.86904            
0.570341            41984               -8.64873            -26.38              -37.6209            41.4923             -1.70797            -8.91279            
0.573818            42240               -8.9976             -25.0044            -39.555             42.7098             -1.8832             -8.8028             
0.577296            42496               -7.49571            -22.2628            -36.1822            38.826              -1.6454             -7.19211            
0.580774            42752               -6.86136            -20.781             -34.6309            37.206              -1.99674            -6.67924            
0.584251            43008               -5.42496            -22.2906            -34.563             38.1107             -2.11668            -5.61558            
0.587729            43264               -8.97565            -25.4897            -37.9818            41.9018             -2.96775            -9.10621            
0.591207            43520               -10.2896            -25.0206            -38.3548            41.8243             -2.99021            -10.3017            
0.594684            43776               -8.73991            -23.3651            -36.6672            39.5115             -1.70385            -8.71669            
0.598162            44032               -8.233              -24.283             -37.5422            40.5931             -1.62997            -8.40925            
0.60164             44288               -9.74748            -24.1358            -37.1406            40.5687             -3.05259            -9.9191             
0.605117            44544               -12.2413            -27.5028            -36.7999            41.9909             -4.70689            -12.2799            
0.608595            44800               -12.9679            -28.6449            -36.6525            42.3142             -4.98504            -12.9862            
0.612073            45056               -12.0703            -26.9517            -34.9199            39.7218             -3.7307             -12.0137            
0.61555             45312               -8.8279             -25.8459            -35.9857            39.6201             -1.64477            -9.15803            
0.619028            45568               -5.54624            -25.3989            -36.4567            40.0521             -1.02612            -6.28593            
0.622506            45824               -9.64456            -27.6805            -37.4408            41.8233             -2.41789            -10.0621            
0.625984            46080               -8.42847            -28.1778            -40.8182            44.8664             -1.61064            -9.20267            
0.629461            46336               -11.4898            -26.562             -40.7618            43.7307             -2.33138            -11.4491            
0.632939            46592               -6.87094            -25.5795            -39.6666            43.0661             -1.59233            -7.42473            
0.636417            46848               -9.41393            -26.1081            -38.5969            42.1378             -2.46289            -10.1512            
0.639894            47104               -7.8328             -24.8521            -37.1338            40.051              -1.16785            -8.7343             
0.643372            47360               -5.85222            -22.7374            -36.0342            38.3799             -0.508749           -6.61336            
0.64685             47616               -5.97588            -23.1291            -41.2887            43.127              -1.21447            -6.62346            
0.650327            47872               -7.6642             -24.3448            -43.3183            45.5776             -2.15152            -7.85035            
0.653805            48128               -10.97              -26.3992            -44.9603            47.8447             -3.29814            -11.0843            
0.657283            48384               -11.0444            -25.5959            -41.6544            45.173              -4.27125            -11.2221            
0.66076             48640               -12.1023            -26.3697            -42.5243            46.2689             -4.90347            -12.0395            
0.664238            48896               -12.7919            -25.6291            -42.7269            45.6565             -4.18448            -12.2758            
0.667716            49152               -5.92171            -22.9776            -41.3222            42.842              -0.451728           -6.0806             
0.671193            49408               -3.86702            -20.443             -38.2151            39.307              0.200102            -4.53095            
0.674671            49664               -3.19435            -21.8736            -37.334             39.8287             -0.630278           -4.26638            
0.678149            49920               -9.23247            -23.8028            -38.3889            41.6174             -3.61543            -9.19415            
0.681626            50176               -15.1797            -26.5032            -39.5464            43.2101             -5.39073            -14.6125            
0.685104            50432               -14.4533            -26.5773            -40.5438            43.5476             -3.9912             -13.8732            
0.688582            50688               -15.1525            -27.1466            -44.3593            46.6069             -3.16608            -14.72              
0.69206             50944               -15.9727            -24.1215            -40.9004            42.7602             -4.11122            -14.9531            
0.695537            51200               -13.1859            -23.6128            -38.748             41.0003             -3.78116            -12.7737            
0.699015            51456               -8.76913            -23.7248            -38.2332            40.6312             -1.98796            -8.93108            
0.702493            51712               -11.8985            -24.2052            -38.2188            41.0634             -3.70538            -11.4298            
0.70597             51968               -10.2843            -22.7092            -39.5709            41.1356             -2.45018            -9.84445            
0.709448            52224               -14.2862            -25.3444            -43.1813            45.0287             -3.23854            -13.5611            
0.712926            52480               -11.2231            -25.6649            -39.9343            43.1806             -3.30542            -11.0332            
0.716403            52736               -12.9029            -29.134             -41.4529            46.135              -4.47771            -12.8023            
0.719881            52992               -13.9233            -26.9417            -38.651             42.5816             -4.43092            -13.3946            
0.723359            53248               -10.6922            -26.9726            -41.0987            44.2252             -2.0508             -10.5856            
0.726836            53504               -9.45866            -24.7243            -38.587             41.4936             -1.90868            -9.5062             
0.730314            53760               -8.9645             -26.6684            -37.2799            41.852              -2.95762            -9.13349            
0.733792            54016               -15.8289            -27.5031            -36.0186            40.77               -5.52262            -15.0747            
0.73727             54272               -9.20534            -25.8224            -39.5984            42.5166             -1.64189            -8.92463            
0.740747            54528               -4.88737            -23.1632            -41.539             42.8393             0.716561            -4.92566            
0.744225            54784               -10.6476            -23.9295            -40.6787            42.9501             -2.72022            -10.2788            
0.747703            55040               -11.0347            -28.2202            -42.9773            46.9662             -3.33786            -11.3778            
0.75118             55296               -13.0879            -28.4359            -38.9895            44.3132             -4.78831            -13.1367            
0.754658            55552               -13.1424            -27.7171            -37.1153            42.2201             -4.63846            -13.0762            
0.758136            55808               -11.3885            -27.5484            -36.9809            41.8951             -3.48832            -11.7722            
0.761613            56064               -8.62077            -25.1142            -31.9614            36.7659             -2.28717            -9.48442            
0.765091            56320               -9.0654             -28.9706            -35.3314            41.5297             -2.95747            -9.7616             
0.768569            56576               -9.92173            -25.6941            -32.4927            37.4652             -2.71336            -10.5175            
0.772046            56832               -9.14674            -27.3813            -33.8516            39.3311             -2.07679            -9.97852            
0.775524            57088               -11.4424            -27.2126            -34.556             40.0382             -3.28554            -11.7155            
0.779002            57344               -10.6059            -27.8858            -34.2931            40.3301             -3.61523            -10.9903            
0.782479            57600               -10.0464            -27.1495            -36.6522            41.4305             -2.95565            -10.2627            
0.785957            57856               -8.68301            -25.6174            -34.3642            38.7629             -2.20591            -9.11035            
0.789435            58112               -11.0665            -23.9768            -34.0852            37.4875             -2.87796            -10.9129            
0.792912            58368               -10.2666            -25.7509            -37.9242            41.6008             -2.46673            -10.424             
0.79639             58624               -13.2407            -25.8218            -38.1592            41.7408             -3.7108             -12.8685            
0.799868            58880               -13.6059            -27.1146            -41.8876            45.4146             -3.82755            -13.2073            
0.803346            59136               -15.7692            -25.9502            -40.3451            43.6476             -4.6085             -15.0311            
0.806823            59392               -13.7819            -26.4844            -40.0662            43.5648             -3.76904            -13.4227            
0.810301            59648               -12.0993            -26.4887            -40.3448            44.3189             -4.11665            -11.8797            
0.813779            59904               -15.2041            -28.0009            -38.913             44.1977             -6.12346            -14.6098            
0.817256            60160               -11.7363            -27.8037            -37.7313            42.8056             -4.28782            -11.8462            
0.820734            60416               -14.4348            -28.2058            -37.2761            42.1105             -4.40923            -14.352             
0.824212            60672               -14.9525            -27.5245            -37.5245            42.1489             -4.56837            -14.6843            
0.827689            60928               -10.5816            -27.7776            -39.5326            44.165              -3.19834            -10.8548            
0.831167            61184               -9.67718            -26.6101            -36.2278            41.0536             -3.23725            -10.3324            
0.834645            61440               -11.0016            -27.9768            -36.3338            41.8673             -3.93987            -11.3084            
0.838122            61696               -10.5267            -27.0543            -36.7168            41.2387             -2.81473            -10.8904            
0.8416              61952               -6.63016            -24.9895            -38.0626            41.0839             -0.217082           -7.2224             
0.845078            62208               -7.32562            -23.4695            -38.6552            41.2046             -0.794523           -7.76261            
0.848555            62464               -8.50604            -24.7203            -36.8518            40.7623             -2.41686            -8.99769            
0.852033            62720               -11.7115            -26.3889            -36.6189            41.2421             -3.85406            -11.8821            
0.855511            62976               -7.57594            -23.9011            -35.6377            38.9126             -1.58703            -8.13885            
0.858989            63232               -8.37657            -24.444             -37.0078            40.1514             -1.56209            -8.90055            
0.862466            63488               -7.6531             -21.4563            -36.048             37.913              -1.13102            -7.98491            
0.865944            63744               -12.4687            -27.2119            -43.2239            46.3394             -2.70736            -12.5051            
0.869422            64000               -14.1909            -26.9511            -44.9047            47.8341             -3.78748            -14.1676            
0.872899            64256               -13.9848            -24.8072            -38.8358            42.3738             -5.10864            -14.0528            
0.876377            64512               -12.8639            -29.6735            -41.5573            46.8156             -4.94643            -13.2682            
0.879855            64768               -17.1575            -30.5628            -38.1386            44.2251             -6.48429            -16.9675            
0.883332            65024               -14.9689            -28.2728            -35.8386            40.9422             -4.84289            -14.8188            
0.88681             65280               -13.0537            -26.5812            -37.9911            41.7588             -3.27503            -13.0478            
0.890288            65536               -11.0526            -22.9869            -38.4722            40.5319             -1.9864             -10.8577            
0.893765            65792               -9.40022            -22.0832            -37.6129            39.1643             -1.03566            -9.54225            
0.897243            66048               -8.80493            -23.719             -36.6999            39.4732             -1.28586            -9.45153            
0.900721            66304               -6.58228            -25.8371            -34.8635            39.6232             -1.57929            -7.7358             
0.904198            66560               -14.6901            -29.5291            -34.3063            40.9661             -5.81254            -14.9521            
0.907676            66816               -14.6571            -27.8279            -32.1935            38.2385             -5.52679            -14.8771            
0.911154            67072               -12.6667            -28.1529            -33.7643            39.672              -4.33573            -13.0892            
0.914631            67328               -12.8198            -25.7124            -34.0073            38.5059             -3.9343             -12.8512            
0.918109            67584               -12.2907            -28.2703            -38.2203            42.9451             -3.39756            -12.3633            
0.921587            67840               -10.7203            -26.297             -35.8774            40.1319             -2.80106            -10.9768            
0.925065            68096               -6.97285            -25.3453            -34.941             38.7897             -0.664175           -7.78578            
0.928542            68352               -7.54055            -24.2846            -35.5999            38.8081             -0.723242           -8.33791            
0.93202             68608               -7.98865            -25.2017            -35.3318            39.7439             -2.13442            -8.99709            
0.935498            68864               -11.2624            -28.1592            -36.8492            42.5457             -4.03679            -12.0878            
0.938975            69120               -13.0634            -30.2065            -37.1123            43.9876             -5.18525            -13.6563            
0.942453            69376               -15.1442            -30.2347            -40.406             46.0774             -5.24217            -15.3677            
0.945931            69632               -13.1744            -27.6094            -42.8064            46.2401             -3.28674            -13.1274            
0.949408            69888               -13.894             -28.6638            -44.8931            48.3917             -3.3                -14.0893            
0.952886            70144               -11.1149            -27.1099            -41.6294            45.4674             -3.25768            -11.4745            
0.956364            70400               -10.9994            -26.7337            -39.263             43.47               -3.43011            -11.169             
0.959841            70656               -11.4415            -25.794             -39.1462            42.7442             -3.07765            -11.2379            
0.963319            70912               -8.38477            -23.1096            -39.7655            41.5801             -0.929886           -8.74312            
0.966797            71168               -5.04497            -21.8482            -38.0308            40.279              -0.417877           -5.71594            
0.970275            71424               -5.93641            -23.3618            -32.3441            36.7367             -1.7347             -6.78633            
0.973752            71680               -2.48787            -23.3478            -29.0849            34.5075             -1.01715            -3.65778            
0.97723             71936               -2.76812            -21.9318            -29.1503            33.5226             -0.432104           -3.94876            
0.980708            72192               1.07577             -21.7683            -31.4586            34.881              2.17148             -0.69893            
0.984185            72448               -1.78866            -22.2892            -34.155             37.4268             0.927791            -3.19828            
0.987663            72704               -7.16241            -25.0452            -36.9743            41.2405             -2.10836            -7.97969            
0.991141            72960               -11.0465            -26.7303            -36.6577            41.533              -3.96712            -11.2635            
0.994618            73216               -6.54021            -23.2553            -35.4145            38.682              -1.60209            -7.04549            
0.998096            73472               -5.81095            -22.3251            -37.9076            40.2443             -0.959213           -6.43597            
1.00157             73728               -6.053              -20.3175            -38.0621            39.2954             -0.86428            -6.41378            
1.00505             73984               -7.45792            -22.2233            -36.8738            39.8076             -2.28455            -7.72709            
1.00853             74240               -11.2896            -24.5765            -36.9608            41.0796             -4.29283            -11                 
1.01201             74496               -10.5169            -24.6434            -33.7931            38.3083             -4.23267            -10.6699            
1.01548             74752               -11.1581            -25.3084            -34.1541            38.6347             -3.90112            -11.1162            
1.01896             75008               -7.25369            -22.3072            -34.7629            37.3352             -1.09563            -7.28445            
1.02244             75264               -3.19012            -20.9736            -33.9057            35.6293             1.39294             -3.74105            
1.02592             75520               -2.76863            -19.7484            -34.0099            35.2598             1.61459             -3.31655            
1.0294              75776               -9.02305            -20.6538            -39.5902            40.6024             -1.74912            -8.73081            
1.03287             76032               -18.1148            -21.9939            -39.6284            41.2051             -5.95117            -16.7957            
1.03635             76288               -19.1167            -23.6088            -41.2076            43.6305             -6.96295            -17.8019            
1.03983             76544               -18.4473            -25.6256            -41.4343            45.0129             -7.09561            -17.1452            
1.04331             76800               -18.6277            -22.9825            -37.1658            39.9929             -6.74359            -17.1302            
1.04678             77056               -14.7709            -20.6152            -36.4199            38.0105             -4.35326            -13.4897            
1.05026             77312               -11.9572            -20.8453            -38.7072            40.0665             -3.30046            -10.9244            
1.05374             77568               -10.6652            -22.7849            -38.597             40.8177             -2.9084             -10.376             
1.05722             77824               -13.0499            -24.4396            -37.0403            40.5224             -4.26482            -12.6239            
1.06069             78080               -10.4216            -24.2024            -33.6288            37.5098             -2.93414            -10.3147            
1.06417             78336               -8.5425             -23.6732            -36.4843            39.4237             -2.05999            -8.46333            
1.06765             78592               -8.1088             -22.4077            -36.7906            39.1443             -1.89669            -7.99714            
1.07113             78848               -6.65419            -22.2112            -36.9437            39.6006             -1.8905             -6.82941            
1.07461             79104               -10.7461            -25.5754            -37.5062            41.6259             -3.96302            -10.6238            
1.07808             79360               -9.91876            -25.6634            -39.7614            43.5439             -3.26186            -9.67068            
1.08156             79616               -10.1284            -23.5641            -38.6109            41.7143             -3.3956             -9.70252            
1.08504             79872               -10.5327            -22.7107            -34.8788            38.4534             -4.31164            -10.2768            
1.08852             80128               -12.11              -25.0008            -35.1176            39.8642             -5.7873             -11.5973            
1.09199             80384               -17.1274            -27.316             -37.6137            42.5535             -7.04851            -15.6924            
1.09547             80640               -15.0911            -27.2531            -40.8099            44.1912             -4.45572            -13.8633            
1.09895             80896               -12.0875            -25.2365            -41.0456            43.3236             -2.66706            -11.6192            
1.10243             81152               -12.1532            -26.8616            -41.2612            44.7286             -3.50587            -11.9166            
1.1059              81408               -12.4966            -30.2275            -38.4458            44.4182             -4.4491             -12.6394            
1.10938             81664               -15.5545            -30.4643            -39.2933            44.9382             -5.19348            -15.0305            
1.11286             81920               -12.4744            -28.3206            -38.2769            42.8026             -3.13612            -12.1645            
1.11634             82176               -9.32091            -26.4965            -38.0974            41.6652             -1.6357             -9.55536            
1.11981             82432               -14.6452            -28.2276            -39.5134            43.8843             -4.62553            -13.7143            
1.12329             82688               -15.2827            -26.5996            -40.0889            43.6738             -5.18566            -14.1566            
1.12677             82944               -10.8059            -24.9712            -40.486             43.2481             -3.21339            -10.3087            
1.13025             83200               -9.23096            -24.5495            -39.0722            42.3117             -3.12392            -9.05343            
1.13373             83456               -9.38793            -24.9561            -34.3339            38.7925             -3.43247            -9.3645             
1.1372              83712               -9.13222            -25.4481            -36.3363            40.5039             -2.9735             -9.12782            
1.14068             83968               -10.1739            -24.3588            -39.0681            41.904              -2.67049            -9.98839            
1.14416             84224               -7.41903            -21.7588            -34.9671            37.9524             -2.37924            -7.44796            
1.14764             84480               -9.26613            -26.2045            -33.7763            39.3089             -4.01731            -9.43774            
1.15111             84736               -11.0409            -27.7703            -38.6085            43.532              -3.66466            -11.0883            
1.15459             84992               -11.458             -25.6301            -37.0354            40.9883             -3.05247            -11.1818            
1.15807             85248               -8.87045            -23.3564            -34.4362            37.9166             -2.29138            -8.74533            
1.16155             85504               -9.66237            -23.1201            -31.9227            36.1546             -3.36108            -9.26731            
1.16502             85760               -11.4495            -24.474             -33.8387            38.2528             -4.04669            -10.8419            
1.1685              86016               -9.44415            -24.7354            -33.417             38.0407             -3.1376             -9.40769            
1.17198             86272               -11.1497            -26.1597            -36.9039            41.1795             -3.03902            -11.0258            
1.17546             86528               -10.1918            -25.3556            -36.2347            40.3037             -2.44565            -10.5828            
1.17894             86784               -10.7197            -25.8427            -33.7094            38.577              -3.12               -11.3175            
1.18241             87040               -11.5483            -27.0363            -35.764             41.2636             -4.38326            -11.7944            
1.18589             87296               -10.4147            -26.5394            -35.1211            40.1349             -3.37867            -10.8939            
1.18937             87552               -9.1027             -25.485             -37.7073            41.4751             -1.96544            -9.40064            
1.19285             87808               -6.48477            -21.6624            -36.6921            38.5861             0.0597671           -7.16283            
1.19632             88064               -7.18522            -24.7404            -38.2016            41.8997             -1.59213            -7.66371            
1.1998              88320               -12.5272            -26.8241            -38.1718            42.8623             -4.35649            -12.2533            
1.20328             88576               -14.5869            -26.668             -35.4547            40.8919             -5.956              -14.1728            
1.20676             88832               -14.0472            -28.494             -36.0798            41.9787             -5.25991            -14.0621            
1.21023             89088               -13.56              -29.7002            -39.7763            44.931              -4.18463            -13.9841            
1.21371             89344               -7.33452            -27.7956            -41.0469            44.4959             -0.53679            -8.39418            
1.21719             89600               -8.27228            -25.4328            -40.993             43.4261             -0.978019           -8.86957            
1.22067             89856               -7.2299             -23.0712            -40.0676            41.5861             -0.567654           -7.57054            
1.22415             90112               -12.6281            -23.323             -39.8377            42.2699             -4.02238            -12.0457            
1.22762             90368               -10.0129            -21.9842            -38.0927            40.3861             -3.06423            -9.6733             
1.2311              90624               -9.07271            -23.0354            -36.1125            39.3525             -2.76036            -9.34391            
1.23458             90880               -5.48883            -23.8936            -34.8216            38.9158             -1.78563            -6.53561            
1.23806             91136               -9.51929            -24.0727            -36.6688            40.2636             -3.22775            -9.76602            
1.24153             91392               -10.8939            -23.1277            -41.3639            42.7031             -2.21004            -10.7081            
1.24501             91648               -5.6389             -21.6773            -40.9642            42.0163             0.237955            -6.31653            
1.24849             91904               -5.84114            -23.7087            -38.5271            41.3644             -0.556583           -7.07295            
1.25197             92160               -6.002              -26.8251            -37.6679            42.7119             -1.8964             -7.43624            
1.25544             92416               -13.1204            -30.6318            -37.7842            44.5334             -5.19055            -13.6586            
1.25892             92672               -15.1062            -32.501             -38.746             46.2368             -6.33379            -15.2149            
1.2624              92928               -16.9367            -32.6093            -41.3778            47.8763             -5.8117             -16.6538            
1.26588             93184               -13.1659            -28.9923            -43.1298            47.3095             -3.19995            -12.9564            
1.26936             93440               -11.281             -25.3867            -38.6497            42.0214             -2.53357            -11.417             
1.27283             93696               -5.64994            -25.0635            -34.584             38.5113             -0.533159           -6.91331            
1.27631             93952               -7.50327            -27.461             -34.2938            39.8812             -2.13197            -8.60264            
1.27979             94208               -9.32913            -28.1234            -35.9828            41.1455             -2.38744            -10.3131            
1.28327             94464               -10.751             -26.4787            -37.5418            41.3469             -2.23151            -11.2501            
1.28674             94720               -9.13229            -25.4632            -38.1516            41.6796             -1.74467            -9.50323            
1.29022             94976               -6.90512            -26.0322            -39.7606            43.2926             -0.759767           -7.9061             
1.2937              95232               -5.82836            -22.1702            -36.0106            38.6846             -0.89533            -6.96962            
1.29718             95488               -12.3353            -26.4005            -40.6466            44.627              -4.29881            -12.8914            
1.30065             95744               -12.0432            -25.4276            -40.4144            43.866              -4.0902             -12.3779            
1.30413             96000               -10.4968            -22.8089            -41.6344            43.4348             -2.51674            -10.5967            
1.30761             96256               -8.09169            -22.6205            -40.5585            42.6384             -1.39159            -8.63652            
1.31109             96512               -8.8573             -22.5659            -34.7332            38.1467             -2.48441            -9.58403            
1.31457             96768               -8.70969            -26.9733            -36.1831            41.0621             -2.6502             -10.1179            
1.31804             97024               -11.1487            -31.2977            -34.7064            42.0831             -3.96031            -12.2709            
1.32152             97280               -11.819             -32.0189            -33.2733            41.0832             -3.71321            -12.6444            
1.325               97536               -9.7634             -28.1604            -32.7834            37.8825             -1.24962            -10.6667            
1.32848             97792               -6.55494            -25.4978            -33.2218            36.9887             0.218767            -7.72348            
1.33195             98048               -5.31037            -25.3127            -32.6063            36.9256             -0.255444           -6.62492            
1.33543             98304               -11.1504            -28.2081            -34.3353            39.9046             -3.5944             -11.6849            
1.33891             98560               -14.7044            -26.079             -34.2157            38.5165             -4.87157            -14.4333            
1.34239             98816               -10.6574            -22.8954            -34.0817            36.9634             -2.71513            -10.6799            
1.34586             99072               -8.27434            -23.1085            -32.7601            36.4989             -2.48162            -8.7717             
1.34934             99328               -5.75819            -22.8298            -33.3899            37.186              -1.80636            -6.68712            
1.35282             99584               -9.8175             -22.113             -31.9443            35.487              -3.27747            -10.3088            
1.3563              99840               -14.4187            -25.3673            -35.1672            39.565              -5.07574            -14.4637            
1.35978             100096              -9.53245            -22.9218            -32.0067            35.793              -2.74221            -9.90032            
1.36325             100352              -4.92594            -20.8325            -33.9814            36.0365             0.13565             -5.61086            
1.36673             100608              -4.62727            -17.6278            -31.9636            33.4249             -0.63374            -5.10751            
1.37021             100864              -8.49868            -22.6288            -34.2788            38.1377             -3.40056            -8.71599            
1.37369             101120              -12.2323            -22.5994            -31.7089            35.9555             -5.45155            -11.8567            
1.37716             101376              -12.0534            -22.8461            -32.3707            35.9872             -4.68144            -11.845             
1.38064             101632              -15.2738            -24.9149            -37.7335            40.7548             -4.86316            -14.7215            
1.38412             101888              -13.6558            -23.833             -38.5111            41.029              -3.7608             -13.2801            
1.3876              102144              -14.8774            -25.4323            -35.0224            38.8563             -4.47407            -14.5993            
1.39107             102400              -12.6022            -25.949             -35.1877            39.2113             -3.77259            -12.7717            
1.39455             102656              -11.3762            -25.7496            -35.2817            39.5198             -3.91455            -11.6663            
1.39803             102912              -14.8868            -27.6348            -38.7977            43.2635             -5.28168            -14.5265            
1.40151             103168              -12.2412            -28.1736            -44.1826            47.3418             -2.96655            -12.2829            
1.40499             103424              -13.4897            -28.5313            -43.2731            47.5512             -4.22497            -13.5149            
1.40846             103680              -10.0288            -28.5468            -40.4501            45.8012             -3.82249            -10.616             
1.41194             103936              -8.02551            -30.1921            -41.7886            47.6955             -3.33346            -9.12573            
1.41542             104192              -8.25065            -32.074             -42.4092            48.659              -2.64473            -9.19296            
1.4189              104448              -9.53324            -29.7802            -42.7348            47.3166             -2.14506            -10.162             
1.42237             104704              -11.8092            -29.3053            -46.2779            49.7231             -2.39055            -12.2697            
1.42585             104960              -9.07495            -29.5461            -46.5392            50.8208             -2.60123            -9.79744            
1.42933             105216              -12.1857            -31.2265            -47.3343            51.7753             -3.57569            -12.4605            
1.43281             105472              -15.6832            -31.3525            -48.5314            52.9137             -5.21711            -15.6138            
1.43628             105728              -12.1431            -30.3098            -48.4769            52.3296             -3.17366            -12.3244            
1.43976             105984              -11.3952            -25.9701            -44.6437            46.8794             -2.0887             -11.5256            
1.44324             106240              -8.52326            -26.1832            -42.3309            45.4019             -1.52494            -9.22291            
1.44672             106496              -7.4374             -26.5254            -38.3095            42.6714             -1.99655            -8.39657            
1.4502              106752              -10.1525            -28.8555            -36.2012            41.8592             -3.10482            -11.0712            
1.45367             107008              -13.7798            -30.6569            -39.4096            45.0669             -4.23813            -14.1064            
1.45715             107264              -11.83              -27.3824            -37.2002            41.9657             -3.6897             -11.9401            
1.46063             107520              -8.76223            -25.9472            -33.6416            38.5372             -2.59154            -9.32262            
1.46411             107776              -6.81559            -25.0563            -34.8114            39.1758             -1.8324             -7.34407            
1.46758             108032              -5.83799            -24.7453            -37.5308            41.4377             -1.69486            -6.55492            
1.47106             108288              -7.3885             -23.2178            -34.3888            38.3994             -2.8546             -8.04691            
1.47454             108544              -7.3302             -22.4136            -29.9858            34.5292             -3.18202            -7.71629            
1.47802             108800              -10.2621            -25.3898            -31.1328            36.4631             -3.96318            -10.4548            
1.48149             109056              -8.41189            -23.3336            -29.5232            33.8918             -2.56205            -8.95092            
1.48497             109312              -6.38624            -20.4642            -29.3527            32.4393             -1.45678            -7.17856            
1.48845             109568              -4.46215            -20.2983            -30.8438            33.7969             -0.976457           -4.98096            
1.49193             109824              -8.78618            -23.5689            -32.5704            36.5838             -2.59654            -8.86145            
1.49541             110080              -14.0449            -26.4407            -31.8821            37.5307             -5.05706            -13.9114            
1.49888             110336              -12.6373            -26.0966            -30.7997            36.5531             -4.9755             -12.7193            
1.50236             110592              -13.7978            -28.9083            -36.298             41.9499             -4.63294            -14.0754            
1.50584             110848              -11.9451            -27.2983            -38.1669            42.2514             -2.92971            -12.2385            
1.50932             111104              -11.3563            -23.8897            -36.2241            38.7805             -2.04147            -11.3902            
1.51279             111360              -10.6706            -24.4008            -39.2395            41.4988             -1.78938            -10.9309            
1.51627             111616              -12.6967            -26.9258            -43.8728            46.9835             -3.29385            -12.728             
1.51975             111872              -14.5313            -24.6138            -42.1467            44.7468             -4.00389            -14.1018            
1.52323             112128              -14.1564            -24.8925            -42.3437            45.303              -4.31162            -13.7637            
1.5267              112384              -12.5388            -26.5725            -41.8401            45.9068             -4.0382             -12.8298            
1.53018             112640              -11.3844            -28.0196            -40.3669            45.4113             -3.55532            -11.9048            
1.53366             112896              -9.24743            -26.9694            -39.5484            44.1074             -2.35806            -9.85474            
1.53714             113152              -8.55564            -23.0531            -34.0645            37.3739             -1.36706            -8.93815            
1.54062             113408              -8.456              -23.6968            -32.801             36.7961             -1.70223            -9.01525            
1.54409             113664              -10.8088            -26.8386            -34.8628            40.0525             -3.21015            -10.9387            
1.54757             113920              -13.299             -27.6859            -37.1621            42.0713             -4.14927            -13.061             
1.55105             114176              -13.4934            -28.3225            -40.4753            44.4207             -3.25852            -13.2673            
1.55453             114432              -15.2422            -28.0394            -41.8344            45.2641             -3.75774            -14.6193            
1.558               114688              -9.1546             -24.7868            -44.5459            46.1039             -1.04893            -9.08997            
1.56148             114944              -8.88913            -23.7232            -44.2545            45.9649             -2.11954            -9.12163            
1.56496             115200              -14.4735            -25.1773            -45.7258            47.9807             -4.87306            -14.1569            
1.56844             115456              -15.8065            -27.7215            -47.833             51.353              -6.239              -15.2181            
1.57191             115712              -18.7704            -29.6984            -48.4214            52.5431             -7.29058            -18.0888            
1.57539             115968              -16.6137            -27.412             -46.2192            49.2596             -5.59546            -15.9337            
1.57887             116224              -11.9807            -25.7106            -44.2191            46.7986             -3.75986            -11.8167            
1.58235             116480              -7.1107             -25.4728            -42.2124            45.4357             -2.23909            -7.8626             
1.58582             116736              -9.97481            -27.3154            -39.0544            43.9729             -4.05539            -10.247             
1.5893              116992              -11.8033            -30.1748            -40.6725            46.4169             -4.36282            -12.1748            
1.59278             117248              -9.86081            -28.7102            -41.9539            46.4823             -2.5267             -10.1816            
1.59626             117504              -8.40622            -25.4936            -40.7499            43.7228             -1.26918            -8.75329            
1.59974             117760              -4.75246            -23.4349            -37.6493            40.6575             -0.808437           -5.30414            
1.60321             118016              -4.48733            -26.0472            -41.108             44.9216             -1.13036            -5.0951             
1.60669             118272              -4.8997             -24.2787            -38.4617            41.4171             -0.264832           -5.61822            
1.61017             118528              -3.83958            -23.574             -39.4943            41.8888             1.00919             -4.55858            
1.61365             118784              -8.70495            -27.0842            -41.8588            45.8715             -1.66282            -8.93231            
1.61712             119040              -10.4807            -28.8918            -40.6155            45.9387             -3.67314            -10.781             
1.6206              119296              -12.8857            -29.1458            -36.318             42.468              -4.99878            -13.4065            
1.62408             119552              -15.0744            -32.183             -40.7462            47.2269             -5.48707            -15.0475            
1.62756             119808              -13.6814            -28.5384            -39.0031            43.8131             -4.04969            -13.3992            
1.63103             120064              -7.55529            -23.6718            -34.9238            37.7857             -0.746299           -7.72285            
1.63451             120320              -3.47645            -23.0666            -35.447             38.0758             0.856836            -4.26493            
1.63799             120576              -6.10353            -26.0834            -36.4755            40.5811             -0.754362           -6.85188            
1.64147             120832              -7.27536            -27.5704            -34.3156            40.0291             -2.41637            -8.2736             
1.64495             121088              -10.7649            -26.0254            -32.2811            37.7877             -4.44278            -11.0934            
1.64842             121344              -9.61146            -27.3796            -35.4854            40.73               -3.32167            -10.3258            
1.6519              121600              -9.72933            -24.8681            -35.1558            39.1326             -2.6754             -10.1121            
1.65538             121856              -10.7801            -22.3529            -34.227             37.2739             -3.20322            -10.8894            
1.65886             122112              -8.77933            -22.2853            -33.4059            36.5925             -2.78071            -8.92159            
1.66233             122368              -10.4464            -22.0114            -33.3238            36.4461             -3.55256            -10.1911            
1.66581             122624              -12.3587            -22.6191            -32.5066            36.1408             -4.24236            -11.979             
1.66929             122880              -9.83526            -23.4166            -34.7505            38.4019             -3.18417            -10.0791            
1.67277             123136              -11.0063            -25.4543            -34.7753            39.1171             -3.80149            -11.3284            
1.67624             123392              -13.4359            -26.7539            -34.2193            39.284              -4.84333            -13.5052            
1.67972             123648              -12.3192            -24.309             -34.417             37.4853             -2.88548            -12.0698            
1.6832              123904              -7.91946            -21.3918            -32.806             34.7135             -0.500566           -7.98342            
1.68668             124160              -4.50344            -21.5154            -36.4279            38.1451             0.288777            -4.74211            
1.69016             124416              -7.12947            -22.1084            -36.3078            38.7364             -1.95494            -7.10677            
1.69363             124672              -6.80843            -24.3702            -36.7541            40.4833             -2.55377            -6.9761             
1.69711             124928              -9.69595            -23.9606            -36.2956            39.8846             -3.73804            -9.40192            
1.70059             125184              -8.22852            -22.3797            -35.9785            38.6362             -2.57285            -8.33205            
1.70407             125440              -8.74553            -21.8861            -35.8899            38.5192             -2.45835            -8.8123             
1.70754             125696              -9.49557            -22.9751            -35.3454            38.8602             -3.31776            -9.82151            
1.71102             125952              -5.79516            -24.1811            -33.8701            38.7205             -2.63256            -6.80775            
1.7145              126208              -9.14436            -25.569             -32.8488            38.303              -3.87651            -9.67044            
1.71798             126464              -3.85089            -26.8481            -35.2313            40.4761             -0.938732           -5.32664            
1.72145             126720              -3.08656            -24.1199            -34.3731            38.1657             0.000344625         -4.68009            
1.72493             126976              -6.62129            -25.3958            -35.4278            39.4677             -1.01079            -7.61769            
1.72841             127232              -11.7093            -27.2872            -38.1033            42.5045             -3.14367            -12.035             
1.73189             127488              -11.803             -26.0473            -37.4512            41.174              -2.60304            -12.1861            
1.73537             127744              -12.4912            -24.0756            -34.7452            38.2673             -3.30571            -12.611             
1.73884             128000              -9.71534            -24.3146            -32.6823            37.2616             -3.36312            -10.4436            
1.74232             128256              -7.30916            -24.6508            -28.8224            34.3912             -2.59658            -8.14761            
1.7458              128512              -8.09882            -25.3667            -32.4496            37.3136             -2.40475            -8.61155            
1.74928             128768              -7.87216            -24.0684            -33.0728            36.749              -1.46337            -8.22451            
1.75275             129024              -9.57161            -24.397             -36.2944            39.3146             -1.9068             -9.78858            
1.75623             129280              -10.0444            -24.8504            -37.8723            41.4875             -3.3527             -10.2848            
1.75971             129536              -17.2869            -26.6431            -41.6266            45.35               -6.44322            -16.5006            
1.76319             129792              -16.8406            -25.6618            -43.2599            45.9353             -5.48247            -16.0562            
1.76666             130048              -15.6872            -25.4338            -42.2106            44.8827             -4.73896            -15.2828            
1.77014             130304              -10.9587            -22.7359            -37.2973            39.948              -3.20276            -10.8863            
1.77362             130560              -12.6471            -22.6073            -37.2232            39.8494             -4.11482            -12.3805            
1.7771              130816              -16.5773            -24.045             -38.6565            41.3719             -5.1131             -15.8175            
1.78058             131072              -13.8833            -25.6362            -39.6443            43.4716             -5.10059            -13.4585            
1.78405             131328              -13.2852            -26.6431            -36.144             41.2422             -5.43919            -13.2225            
1.78753             131584              -11.9596            -25.9001            -35.0352            40.1315             -5.0978             -11.8166            
1.79101             131840              -16.1258            -26.5215            -40.0603            43.8632             -5.71506            -15.0204            
1.79449             132096              -18.2834            -28.2464            -46.692             49.5284             -5.31414            -16.9575            
1.79796             132352              -14.8578            -25.2371            -42.9992            45.2933             -3.88819            -14.1445            
1.80144             132608              -15.8214            -26.2904            -44.7506            47.7414             -4.8846             -14.9663            
1.80492             132864              -15.7472            -28.0749            -44.6652            48.3057             -4.51488            -14.9848            
1.8084              133120              -10.5447            -25.4528            -39.2593            43.1146             -3.08459            -10.5765            
1.81187             133376              -7.68781            -25.4041            -37.1503            41.05               -1.56529            -8.20789            
1.81535             133632              -3.85435            -26.1694            -35.7857            40.7688             -0.727018           -5.34328            
1.81883             133888              -7.66992            -27.7039            -37.733             43.2386             -3.02217            -8.60101            
1.82231             134144              -9.56709            -28.1804            -36.3817            42.077              -3.38975            -10.2863            
1.82579             134400              -9.64784            -27.1886            -39.4771            43.5218             -2.09513            -10.0565            
1.82926             134656              -9.8513             -25.6033            -43.0504            45.5228             -1.43758            -9.85756            
1.83274             134912              -9.13904            -23.1333            -40.2119            42.2931             -1.43911            -9.31891            
1.83622             135168              -6.59154            -23.3605            -35.3147            38.545              -0.929973           -7.10896            
1.8397              135424              -3.70203            -23.152             -33.3068            36.8291             0.319372            -4.65723            
1.84317             135680              -3.22147            -22.5349            -32.8782            36.3645             0.195395            -4.37622            
1.84665             135936              -4.81112            -23.0806            -37.6313            40.7011             -0.490189           -5.44201            
1.85013             136192              -8.34117            -23.5576            -36.6956            39.9316             -1.97067            -8.81399            
1.85361             136448              -6.51245            -23.0787            -34.3226            37.9523             -1.88743            -7.29377            
1.85708             136704              -9.25838            -24.4208            -35.1899            39.5214             -3.55755            -9.33599            
1.86056             136960              -13.3813            -24.6617            -34.2778            38.405              -4.67491            -12.6866            
1.86404             137216              -10.3693            -23.9747            -35.9203            38.9733             -2.84865            -10.3059            
1.86752             137472              -9.63405            -23.117             -34.5604            37.5219             -2.41342            -9.86114            
1.871               137728              -11.0387            -25.0075            -33.7267            38.09               -3.6475             -10.7203            
1.87447             137984              -12.5225            -24.047             -33.2345            36.9342             -3.787              -11.7802            
1.87795             138240              -10.734             -22.0276            -30.9875            34.0525             -3.00301            -10.3311            
1.88143             138496              -7.49717            -21.2155            -31.3798            34.224              -1.88614            -7.20851            
1.88491             138752              -6.78435            -21.1148            -30.8765            33.8008             -2.14726            -7.07476            
1.88838             139008              -7.77412            -21.4107            -31.4379            34.3916             -2.69257            -8.10101            
1.89186             139264              -11.0658            -22.6111            -36.4004            39.0261             -3.84674            -10.6784            
1.89534             139520              -15.6285            -21.7818            -38.8931            40.6144             -5.32711            -14.5026            
1.89882             139776              -12.1501            -22.7816            -41.2707            43.0925             -3.85478            -11.9669            
1.90229             140032              -12.8224            -23.1565            -40.1217            42.7732             -5.17633            -12.4261            
1.90577             140288              -12.8255            -24.6591            -38.1964            41.7337             -4.87455            -12.6032            
1.90925             140544              -13.1763            -24.8392            -39.0884            42.4867             -4.50704            -12.7892            
1.91273             140800              -11.7903            -24.3822            -39.4266            42.6314             -3.95316            -11.5798            
1.91621             141056              -9.28615            -26.9739            -38.488             43.1464             -2.80999            -9.84596            
1.91968             141312              -11.4789            -26.7604            -40.1458            44.2826             -3.52891            -11.8706            
1.92316             141568              -12.1823            -27.4022            -40.5894            45.1204             -4.2815             -12.3154            
1.92664             141824              -10.799             -26.9952            -40.2534            44.3461             -3.34155            -10.9287            
1.93012             142080              -8.79053            -25.5527            -37.5197            41.7651             -3.11273            -9.23992            
1.93359             142336              -6.65686            -25.6987            -36.0232            40.8875             -2.70162            -7.34053            
1.93707             142592              -6.66192            -27.664             -37.6206            42.7901             -1.94448            -7.45434            
1.94055             142848              -6.46754            -25.3288            -35.7625            39.5896             -0.850117           -7.35759            
1.94403             143104              -4.88204            -22.949             -35.943             39.1825             -0.763515           -5.71186            
1.9475              143360              -7.98251            -25.0089            -37.0389            41.2315             -2.73086            -8.32149            
1.95098             143616              -7.96468            -26.0879            -37.44              41.8912             -2.64364            -8.51013            
1.95446             143872              -9.36858            -27.027             -39.1107            43.8086             -3.33755            -10.0798            
1.95794             144128              -9.19605            -29.3095            -38.3071            44.1208             -3.16086            -10.0057            
1.96142             144384              -8.99185            -26.9151            -37.5091            42.1306             -2.73325            -9.28379            
1.96489             144640              -10.531             -24.208             -36.2701            39.5471             -2.60529            -10.2077            
1.96837             144896              -8.54855            -23.3296            -37.4933            39.8881             -1.41704            -8.52281            
1.97185             145152              -5.2188             -24.2552            -36.3722            39.7163             -0.440224           -5.54051            
1.97533             145408              -7.1865             -24.017             -35.7434            39.2003             -1.76943            -7.04135            
1.9788              145664              -9.50382            -26.2222            -37.9122            41.9126             -2.73361            -9.55003            
1.98228             145920              -6.77432            -22.9307            -36.4509            39.5535             -2.0186             -6.96896            
1.98576             146176              -5.29582            -24.2688            -36.1882            40.2464             -1.77284            -6.08061            
1.98924             146432              -7.81656            -24.8824            -35.9774            40.013              -2.70802            -8.24112            
1.99271             146688              -9.63183            -25.2193            -37.3756            41.2323             -3.30991            -9.8115             
1.99619             146944              -10.2119            -25.3573            -38.9447            42.4456             -2.92239            -10.1852            
1.99967             147200              -9.94602            -25.1981            -39.5094            42.8544             -2.69581            -10.0561            
