#Time               nTime               force-x             force-y             force-z             moment-x            moment-y            moment-z            
0                   0                   3.30734e-07         0                   -1.38908e-05        -5.65556e-06        1.74178e-05         8.46719e-08         
0.00347769          256                 0.00995279          -0.000522395        0.0277567           0.00827645          -0.0276449          0.00467258          
0.00695537          512                 0.374988            -0.00421769         0.0470114           0.0220646           0.208402            -0.154611           
0.0104331           768                 6.04273             0.0983541           3.44039             1.26076             -0.0177437          -2.26439            
0.0139107           1024                -2.69077            0.0355789           -2.42707            -0.996335           1.11571             1.11085             
0.0173884           1280                -3.94108            -0.0624504          -2.34254            -0.87106            0.123724            1.49045             
0.0208661           1536                -5.84243            -0.0594248          -3.07868            -1.18196            -0.311303           2.24405             
0.0243438           1792                3.23129             -0.0617969          0.467011            0.246024            1.72419             -1.36414            
0.0278215           2048                3.14744             -0.00273567         2.06449             0.828178            -0.337752           -1.26193            
0.0312992           2304                -0.334233           0.0240776           0.707233            0.262819            -1.1166             0.152379            
0.0347769           2560                -1.14582            0.0138136           -0.159777           -0.0710412          -0.610368           0.468096            
0.0382545           2816                0.272629            0.00436288          0.118274            0.0482792           0.0507807           -0.106877           
0.0417322           3072                1.1585              0.000329081         0.857036            0.345226            -0.244482           -0.465877           
0.0452099           3328                -0.101078           0.00578686          0.235741            0.0913993           -0.364266           0.0426595           
0.0486876           3584                -0.107908           0.00687365          0.147201            0.0555943           -0.258361           0.0490511           
0.0521653           3840                -0.159206           0.00199052          0.0498544           0.0198824           -0.173794           0.0637484           
0.055643            4096                -0.00313536         0.000475265         0.119427            0.0481897           -0.150109           -0.000592562        
0.0591207           4352                -0.0470699          0.000343633         0.06034             0.0249304           -0.107574           0.0173464           
0.0625984           4608                -0.00168377         6.66429e-05         0.0851345           0.0352003           -0.106226           -0.000703472        
0.066076            4864                -0.138463           -0.000947884        0.0147802           0.00781985          -0.115638           0.0522671           
0.0695537           5120                -0.125259           -0.00109771         0.0247622           0.0118908           -0.118638           0.0465841           
0.0730314           5376                -0.11018            -0.00063286         0.0251464           0.0118479           -0.108288           0.0412015           
0.0765091           5632                -0.0319517          0.000637821         0.0723339           0.0298076           -0.111492           0.0117268           
0.0799868           5888                -0.0584164          -8.38411e-05        0.077797            0.0326055           -0.13711            0.0209586           
0.0834645           6144                -0.0619717          0.000494613         0.0834768           0.0345697           -0.146586           0.022958            
0.0869422           6400                -0.0439366          0.00044153          0.101987            0.0421689           -0.156738           0.0154337           
0.0904198           6656                -0.0343636          0.00126374          0.121281            0.04931             -0.173925           0.012565            
0.0938975           6912                -0.0274028          0.00211389          0.136868            0.0549411           -0.188341           0.0107826           
0.0973752           7168                -0.0199666          0.0027064           0.150599            0.059959            -0.20015            0.008391            
0.100853            7424                -0.0198528          0.00336985          0.153635            0.0607741           -0.203791           0.00915277          
0.104331            7680                -0.0237685          0.00241701          0.153056            0.0613865           -0.205829           0.0093109           
0.107808            7936                -0.00902276         0.00316959          0.162033            0.0643297           -0.206565           0.00463335          
0.111286            8192                -0.000471627        0.00390498          0.161559            0.0635581           -0.199959           0.0023045           
0.114764            8448                -0.0368559          0.0042587           0.145287            0.0567103           -0.205528           0.0174915           
0.118241            8704                -0.0571089          0.00301167          0.126651            0.0502312           -0.19669            0.0237587           
0.121719            8960                -0.0390425          0.00213357          0.122439            0.0492713           -0.178641           0.0154743           
0.125197            9216                -0.0394915          0.0020833           0.12624             0.0508188           -0.183703           0.0155357           
0.128674            9472                0.00350463          0.00222551          0.145249            0.0583142           -0.176879           -0.00135124         
0.132152            9728                -0.0247588          0.00197713          0.135215            0.0544438           -0.184483           0.00959164          
0.13563             9984                -0.032146           0.00244115          0.129687            0.0519583           -0.182788           0.0131188           
0.139107            10240               -0.0241413          0.00273005          0.137134            0.054767            -0.186361           0.0103237           
0.142585            10496               0.017366            0.00294783          0.158759            0.0632364           -0.183844           -0.00594119         
0.146063            10752               -0.0112339          0.00275138          0.156615            0.0624637           -0.201515           0.00506629          
0.149541            11008               -0.0259117          0.00242891          0.140691            0.0564375           -0.192044           0.0104738           
0.153018            11264               -0.0296252          0.00239551          0.137961            0.0553745           -0.191279           0.0119516           
0.156496            11520               -0.0056119          0.00322912          0.151098            0.0599058           -0.190642           0.00356043          
0.159974            11776               0.0185907           0.00237252          0.164045            0.065635            -0.189629           -0.00732711         
0.163451            12032               -0.0108686          0.00133848          0.145824            0.0591845           -0.187905           0.00311064          
0.166929            12288               -0.0512369          0.000911834         0.114575            0.0470631           -0.177567           0.018667            
0.170407            12544               -0.0229915          0.00208726          0.127728            0.0514183           -0.173981           0.00905366          
0.173884            12800               -0.0125393          0.00212447          0.129061            0.0517423           -0.168244           0.0050996           
0.177362            13056               -0.0770128          0.0020742           0.0998052           0.0400547           -0.177591           0.0306818           
0.18084             13312               -0.0294115          0.00135981          0.10894             0.044324            -0.155129           0.0108211           
0.184317            13568               -0.0378158          0.00114632          0.110384            0.0450445           -0.162911           0.0138191           
0.187795            13824               -0.0329719          0.00269036          0.11332             0.0449161           -0.16316            0.014272            
0.191273            14080               -0.0310708          0.00288615          0.112095            0.0442471           -0.160292           0.0136898           
0.19475             14336               -0.00923096         0.00215821          0.124439            0.049706            -0.160188           0.00395383          
0.198228            14592               -0.0394015          0.00189345          0.105146            0.0422146           -0.157549           0.0156854           
0.201706            14848               0.0085895           0.00142298          0.124128            0.0500535           -0.147191           -0.00411601         
0.205183            15104               -0.0167461          0.00158455          0.118182            0.0474639           -0.157837           0.00619604          
0.208661            15360               -0.0568469          0.00243602          0.0900879           0.0356887           -0.151129           0.0234446           
0.212139            15616               -0.0126336          0.00107886          0.107539            0.0437541           -0.141509           0.00383798          
0.215617            15872               -0.00564332         0.00155925          0.106813            0.0430246           -0.135622           0.00190241          
0.219094            16128               -0.0105625          0.00139173          0.106138            0.0428824           -0.13826            0.00361119          
0.222572            16384               0.00978676          -4.58067e-05        0.11331             0.0468258           -0.132751           -0.00666438         
0.22605             16640               -0.0394796          0.00192471          0.0989127           0.0394878           -0.149815           0.0157639           
0.229527            16896               -0.0371725          0.00239567          0.0954937           0.0377383           -0.143761           0.0153415           
0.233005            17152               -0.0456092          0.00103636          0.0870795           0.0354226           -0.139233           0.0167051           
0.236483            17408               0.0265479           -0.000165202        0.115249            0.0476143           -0.123115           -0.0138007          
0.23996             17664               -0.0180639          0.00141058          0.10493             0.0420647           -0.14199            0.00631994          
0.243438            17920               -0.00130442         0.000811291         0.110862            0.0448828           -0.137423           -0.00134923         
0.246916            18176               -0.0141429          0.00155528          0.0984846           0.0393715           -0.131066           0.00515923          
0.250393            18432               -0.0183005          0.000479069         0.0969814           0.0396685           -0.132125           0.00528849          
0.253871            18688               -0.0159569          -0.000217623        0.0946628           0.0391741           -0.127539           0.00363994          
0.257349            18944               -0.00303052         -0.000747955        0.102704            0.0428202           -0.128363           -0.00238373         
0.260826            19200               -0.0105213          0.000341979         0.105663            0.0430498           -0.137314           0.00221952          
0.264304            19456               -0.00786089         -0.000643774        0.102997            0.0428376           -0.132058           -0.000364852        
0.267782            19712               0.00867433          -0.00225395         0.110537            0.0471069           -0.129667           -0.00922035         
0.27126             19968               -0.0135697          -0.000699338        0.108665            0.0451699           -0.143107           0.00176775          
0.274737            20224               0.0141409           -0.000221757        0.118533            0.0488415           -0.135709           -0.00851499         
0.278215            20480               0.0149158           -6.66429e-05        0.124804            0.0511567           -0.142991           -0.00874499         
0.281693            20736               -0.0111497          -0.00129102         0.107201            0.0452421           -0.139575           -0.000120532        
0.28517             20992               -0.0184737          0.00137536          0.101956            0.0410383           -0.138148           0.00700415          
0.288648            21248               0.0169691           -0.00100179         0.106487            0.0448234           -0.118604           -0.0109425          
0.292126            21504               0.013381            -0.00184318         0.110322            0.0470135           -0.12599            -0.0105595          
0.295603            21760               0.00663701          6.41625e-05         0.107773            0.0445859           -0.127511           -0.00479668         
0.299081            22016               -0.0203807          -8.8306e-05         0.0893728           0.0373195           -0.12365            0.00557656          
0.302559            22272               0.0152546           -0.000827166        0.106541            0.0448537           -0.11975            -0.00989609         
0.306036            22528               -0.0180296          -0.000356862        0.100284            0.0419243           -0.135539           0.00394202          
0.309514            22784               0.0201412           0.000977816         0.116257            0.0474247           -0.128232           -0.00957926         
0.312992            23040               -0.0283462          0.000404323         0.098212            0.0407253           -0.140062           0.0085708           
0.316469            23296               -0.0170482          0.000652539         0.106106            0.0437079           -0.1418             0.0044836           
0.319947            23552               -0.00103917         0.000854452         0.116036            0.0475433           -0.14275            -0.00176362         
0.323425            23808               0.0043991           0.00104578          0.125292            0.0509788           -0.150353           -0.00379745         
0.326903            24064               0.00783394          -0.00100064         0.126175            0.053003            -0.148991           -0.00843259         
0.33038             24320               -0.0162553          -0.000164375        0.112462            0.0468237           -0.148965           0.00241712          
0.333858            24576               -0.0102182          0.000596975         0.115351            0.0472379           -0.148253           0.00118306          
0.337336            24832               -0.0399398          0.00238873          0.10594             0.0418709           -0.157714           0.0158626           
0.340813            25088               0.00759052          0.00136891          0.123055            0.0495326           -0.145277           -0.00470457         
0.344291            25344               -0.0442503          -0.00051363         0.0935293           0.0391861           -0.145268           0.0132253           
0.347769            25600               0.0204227           -0.00204394         0.120705            0.0512258           -0.133249           -0.0149727          
0.351246            25856               -0.0212121          -0.000908362        0.100541            0.0421981           -0.137728           0.00364717          
0.354724            26112               0.0211478           -0.000112946        0.117625            0.0482672           -0.128972           -0.0119389          
0.358202            26368               -0.0460607          -0.00041656         0.081552            0.0340399           -0.131718           0.0143492           
0.361679            26624               0.00413418          -0.000880911        0.0939002           0.0392862           -0.111508           -0.00614145         
0.365157            26880               -0.00224949         -9.75666e-05        0.0899205           0.036938            -0.111099           -0.00222897         
0.368635            27136               -0.05133            -0.00075457         0.0676079           0.0285075           -0.118198           0.016314            
0.372112            27392               -0.00649827         -0.00177687         0.0771707           0.0331849           -0.0982207          -0.00317202         
0.37559             27648               -0.00347833         -0.00210579         0.081865            0.0352163           -0.102051           -0.00469812         
0.379068            27904               0.0209535           -0.00070711         0.0916787           0.0379245           -0.0969791          -0.0122853          
0.382546            28160               -0.0338731          -0.000781029        0.0622675           0.0262219           -0.0992549          0.00950228          
0.386023            28416               0.00154486          -0.00129582         0.0722701           0.030667            -0.086509           -0.00525412         
0.389501            28672               -0.00505296         -0.00277519         0.0651513           0.0291115           -0.0823323          -0.00479121         
0.392979            28928               -0.0322939          3.96881e-06         0.0619154           0.0254882           -0.0976349          0.0103473           
0.396456            29184               -0.00070248         0.000371745         0.0856949           0.0348135           -0.104766           -0.00206174         
0.399934            29440               -0.00742631         1.1245e-05          0.0893852           0.0367155           -0.114093           2.77403e-05         
0.403412            29696               -0.0530498          0.000509496         0.0791419           0.0322612           -0.133652           0.01865             
0.406889            29952               0.0092169           -0.000300141        0.108423            0.0446965           -0.125874           -0.00747658         
0.410367            30208               0.0205439           0.000492298         0.122133            0.0495771           -0.134949           -0.0109604          
0.413845            30464               0.0240353           0.00192289          0.136728            0.0542728           -0.150676           -0.010396           
0.417322            30720               0.0382992           0.000972193         0.139348            0.0562339           -0.143724           -0.0177723          
0.4208              30976               -0.00759349         0.00124902          0.117625            0.0473401           -0.149314           0.00124329          
0.424278            31232               -0.0336833          0.00147756          0.111128            0.0445002           -0.159759           0.0118758           
0.427755            31488               -0.0191948          0.00111242          0.112991            0.0454889           -0.151817           0.00571164          
0.431233            31744               0.00578223          0.0021339           0.122739            0.0485147           -0.146197           -0.00256471         
0.434711            32000               -0.0120379          0.000959791         0.113695            0.0459041           -0.147678           0.00281457          
0.438188            32256               -0.0336883          0.00105471          0.103988            0.0418927           -0.150924           0.0117605           
0.441666            32512               -0.0017605          0.00131136          0.114073            0.0457976           -0.140806           -0.000603879        
0.445144            32768               0.0393033           0.000807488         0.136894            0.0552454           -0.140128           -0.0176924          
0.448622            33024               -0.0229518          -0.000272194        0.110879            0.0457271           -0.152006           0.00564011          
0.452099            33280               -0.0482401          0.00090522          0.0894585           0.0362412           -0.14313            0.0176344           
0.455577            33536               -0.00618208         0.000390597         0.110795            0.0452396           -0.13987            0.000169563         
0.459055            33792               0.00561454          0.00100543          0.116062            0.0469093           -0.138049           -0.00352183         
0.462532            34048               -0.00733552         0.00169352          0.122443            0.0488413           -0.155223           0.0024807           
0.46601             34304               -0.00355209         -0.000189841        0.125173            0.0513975           -0.156056           -0.00207461         
0.469488            34560               0.000180912         0.000800046         0.123833            0.0501612           -0.151708           -0.00194299         
0.472965            34816               -0.0106804          0.00134741          0.119476            0.0480424           -0.153955           0.00335311          
0.476443            35072               -0.0118535          0.00224354          0.121172            0.0480556           -0.156861           0.0052602           
0.479921            35328               -0.0136264          0.000271037         0.120161            0.049394            -0.156835           0.00271353          
0.483398            35584               -0.0389879          0.000148169         0.11024             0.0454845           -0.16254            0.0127087           
0.486876            35840               -0.0250822          0.00205138          0.121876            0.0485408           -0.167158           0.00998499          
0.490354            36096               -0.001464           0.00235466          0.136851            0.0543013           -0.169085           0.000955626         
0.493831            36352               -0.0121851          0.0020608           0.132514            0.05286             -0.171248           0.00464016          
0.497309            36608               -0.028609           0.00249506          0.127822            0.0506619           -0.17709            0.0119632           
0.500787            36864               -0.0236338          0.00113111          0.127112            0.0515053           -0.17266            0.00795019          
0.504265            37120               -0.0188862          0.000803188         0.128115            0.0522061           -0.170603           0.00571459          
0.507742            37376               0.0175152           0.00173768          0.149667            0.0600999           -0.171554           -0.00736482         
0.51122             37632               -0.0331789          0.000879422         0.129211            0.0526177           -0.182141           0.0115571           
0.514698            37888               -1.63713e-05        0.000825017         0.139482            0.0568048           -0.171366           -0.0017505          
0.518175            38144               -0.0491665          0.000651547         0.115373            0.0472681           -0.176276           0.0176393           
0.521653            38400               -0.0156131          0.000197448         0.131532            0.0540527           -0.172621           0.00346138          
0.525131            38656               -0.0340215          0.000536947         0.117767            0.0482948           -0.168563           0.0114319           
0.528608            38912               0.00165946          0.00168972          0.137335            0.055204            -0.167689           -0.00099613         
0.532086            39168               -0.0175754          0.00190569          0.135311            0.0540458           -0.178916           0.00699865          
0.535564            39424               -0.0141478          0.00187179          0.126049            0.0504826           -0.164961           0.0057639           
0.539041            39680               -0.0207957          0.001378            0.120022            0.0484666           -0.162198           0.00770211          
0.542519            39936               -0.0336046          -0.000417387        0.115572            0.0481398           -0.165814           0.0101245           
0.545997            40192               -0.0432637          -0.000149657        0.107028            0.0445733           -0.161946           0.0142594           
0.549474            40448               0.00237848          0.000897944         0.133197            0.0542092           -0.162211           -0.00228801         
0.552952            40704               -0.00575858         0.000679328         0.137304            0.0559718           -0.173101           0.000327551         
0.55643             40960               0.02149             0.000216796         0.149921            0.0615299           -0.169514           -0.0112191          
0.559907            41216               -0.0259542          -0.000315355        0.125514            0.0522598           -0.172726           0.0068072           
0.563385            41472               -0.00432071         0.000485518         0.145711            0.0595827           -0.182605           -0.000484567        
0.566863            41728               0.042397            -0.00106083         0.159588            0.066299            -0.16685            -0.0213305          
0.570341            41984               -0.00413633         -0.000736545        0.145732            0.0604751           -0.182661           -0.0022753          
0.573818            42240               -0.0051621          0.000281455         0.140693            0.0576661           -0.177074           -0.000196384        
0.577296            42496               0.000578123         -0.00056291         0.137277            0.0570694           -0.168761           -0.00381638         
0.580774            42752               -0.0445016          -0.00118419         0.120702            0.0510152           -0.18005            0.0132584           
0.584251            43008               -0.0557856          -0.00186352         0.110279            0.0474574           -0.17508            0.0167297           
0.587729            43264               0.013853            0.000655515         0.154504            0.063063            -0.180775           -0.00722332         
0.591207            43520               0.0633417           0.000790786         0.185653            0.0752998           -0.184602           -0.02704            
0.594684            43776               -0.0179213          -0.00022275         0.150371            0.0620942           -0.198303           0.00337644          
0.598162            44032               -0.0867463          -8.20221e-05        0.11889             0.0495541           -0.207841           0.0310086           
0.60164             44288               -0.0247784          0.000781194         0.140668            0.0575451           -0.190942           0.00762772          
0.605117            44544               0.0209236           0.0015141           0.170994            0.0690456           -0.196383           -0.00957752         
0.608595            44800               -0.00702513         0.00135022          0.165217            0.066756            -0.209089           0.00159007          
0.612073            45056               -0.066507           0.000556957         0.124714            0.0512351           -0.200737           0.023909            
0.61555             45312               -0.00211968         -0.000133617        0.146949            0.0606896           -0.182782           -0.0025922          
0.619028            45568               -0.023117           0.00145044          0.141286            0.0570409           -0.190686           0.00803957          
0.622506            45824               -0.0168962          0.00119147          0.141715            0.0574294           -0.186814           0.00494014          
0.625984            46080               -0.0159535          0.00125729          0.138599            0.0560016           -0.182388           0.0049699           
0.629461            46336               -0.0202383          0.00153279          0.131253            0.0527994           -0.176297           0.00724831          
0.632939            46592               -0.0709369          0.00103421          0.104371            0.0424891           -0.178791           0.0267235           
0.636417            46848               -0.0389375          -0.000531159        0.10544             0.0442019           -0.157295           0.0117488           
0.639894            47104               -0.00270011         -8.97943e-05        0.118142            0.0489198           -0.147537           -0.00188093         
0.643372            47360               -0.0130276          0.0010772           0.128452            0.052079            -0.167755           0.00364344          
0.64685             47616               -0.0124419          0.00127548          0.132124            0.0534871           -0.171902           0.0037817           
0.650327            47872               -0.0326357          0.00244148          0.129689            0.0515446           -0.183171           0.0132899           
0.653805            48128               -0.00672317         0.00125497          0.139112            0.0564548           -0.176421           0.000881541         
0.657283            48384               -0.0178873          0.00100047          0.136265            0.0556499           -0.180772           0.00514973          
0.66076             48640               -0.0357529          0.00292601          0.144884            0.0575075           -0.204195           0.0149141           
0.664238            48896               -0.022907           0.00238046          0.145177            0.058216            -0.195363           0.00892165          
0.667716            49152               -0.0114659          0.002863            0.160537            0.0639679           -0.206362           0.00474188          
0.671193            49408               -0.0136097          0.00301481          0.168073            0.0668166           -0.217282           0.00548804          
0.674671            49664               0.0214812           0.00407332          0.179621            0.0705813           -0.206707           -0.00659119         
0.678149            49920               -0.00958484         0.00250068          0.167557            0.0668935           -0.213847           0.003472            
0.681626            50176               0.00638879          0.00304755          0.170261            0.0674574           -0.205906           -0.00184957         
0.685104            50432               -0.0211817          0.00380394          0.153726            0.0602899           -0.204841           0.0101942           
0.688582            50688               -0.0427613          0.00284068          0.145524            0.0576893           -0.209987           0.0174932           
0.69206             50944               -0.0617401          0.00303201          0.121238            0.0478848           -0.193059           0.0255834           
0.695537            51200               0.00998057          0.00292948          0.145168            0.057488            -0.172023           -0.00277973         
0.699015            51456               0.0262572           0.00214647          0.162337            0.0647216           -0.182103           -0.0103075          
0.702493            51712               -0.0357092          0.00132112          0.122238            0.0494331           -0.176086           0.0130177           
0.70597             51968               -0.0399988          0.00299744          0.116329            0.0456636           -0.171695           0.0175512           
0.709448            52224               -0.0162331          0.0012424           0.120049            0.0485563           -0.159485           0.00551702          
0.712926            52480               -0.00466186         0.000689581         0.125908            0.0513131           -0.158593           -0.000109804        
0.716403            52736               0.00863365          0.0013451           0.132597            0.0535288           -0.157524           -0.0041545          
0.719881            52992               -0.0271986          0.00288053          0.118356            0.0465505           -0.165133           0.0123044           
0.723359            53248               -0.0094332          0.000999479         0.125422            0.0509261           -0.161375           0.00249875          
0.726836            53504               -0.0246949          0.000494778         0.120105            0.0491831           -0.165564           0.00792614          
0.730314            53760               -0.0247187          0.00235301          0.131317            0.0521666           -0.179507           0.0106712           
0.733792            54016               0.0245626           0.0012171           0.153662            0.0620389           -0.172355           -0.0111482          
0.73727             54272               -0.0243439          0.00221592          0.138283            0.0551506           -0.18795            0.00983969          
0.740747            54528               -0.00126737         0.00237103          0.145723            0.0579905           -0.18081            0.000806806         
0.744225            54784               -0.0122529          0.00220997          0.140474            0.055968            -0.182098           0.00521148          
0.747703            55040               -0.00742002         0.00317769          0.138718            0.054532            -0.176425           0.00471158          
0.75118             55296               -0.0276783          0.0015222           0.139117            0.0559686           -0.191369           0.0101649           
0.754658            55552               -0.000439711        0.00184434          0.148267            0.0593802           -0.183361           -0.000202554        
0.758136            55808               -0.0283633          0.00188419          0.136173            0.0545154           -0.188189           0.0110168           
0.761613            56064               -0.0364006          0.00197283          0.133765            0.0533833           -0.190885           0.0143827           
0.765091            56320               -0.0405864          0.00227066          0.132478            0.0526523           -0.192199           0.0164508           
0.768569            56576               -0.0142396          0.00180614          0.136135            0.0545273           -0.178055           0.00539959          
0.772046            56832               -0.0553001          0.00142117          0.12737             0.0512173           -0.196336           0.0210861           
0.775524            57088               0.00841256          0.00105322          0.14809             0.0598427           -0.17688            -0.00484615         
0.779002            57344               0.0236131           0.00182086          0.157704            0.0629782           -0.178149           -0.00957097         
0.782479            57600               -0.00783311         0.00192008          0.144026            0.0574139           -0.183432           0.00301952          
0.785957            57856               -0.0477749          0.000747955         0.122812            0.049903            -0.185339           0.0172031           
0.789435            58112               0.00287822          0.00104049          0.131065            0.052929            -0.159645           -0.00231464         
0.792912            58368               -0.0245342          0.00208346          0.129648            0.0513854           -0.177453           0.0103022           
0.79639             58624               -0.00475182         0.000181738         0.130546            0.0532563           -0.164494           -0.000487626        
0.799868            58880               -0.0283214          0.000516441         0.118053            0.0481702           -0.165584           0.00942381          
0.803346            59136               -0.051259           0.000847507         0.105399            0.0428425           -0.16604            0.0190312           
0.806823            59392               -0.0158575          -0.000699503        0.118662            0.049555            -0.157386           0.00252548          
0.810301            59648               5.93668e-05         0.000237467         0.138379            0.0565213           -0.1707             -0.00229933         
0.813779            59904               0.0290529           0.00162622          0.160847            0.064327            -0.178161           -0.012139           
0.817256            60160               -0.0317123          0.000665272         0.128172            0.0521449           -0.180531           0.0106288           
0.820734            60416               -0.0023884          0.000519418         0.138961            0.0565985           -0.173097           -0.00114827         
0.824212            60672               -0.0114525          -9.59129e-06        0.130216            0.0535189           -0.168646           0.00174448          
0.827689            60928               0.0288948           0.00149426          0.151539            0.0607775           -0.166617           -0.0119031          
0.831167            61184               0.0144971           0.000453933         0.145845            0.0593474           -0.169792           -0.00799182         
0.834645            61440               0.00135452          3.80344e-05         0.139232            0.0569748           -0.170919           -0.00337847         
0.838122            61696               0.0162364           0.000383652         0.141467            0.0576182           -0.163197           -0.0087316          
0.8416              61952               -0.0488432          0.00187791          0.113132            0.0450828           -0.174008           0.0195106           
0.845078            62208               -0.00838808         0.000183061         0.130497            0.0534764           -0.166886           0.000715482         
0.848555            62464               -0.00893495         0.000207536         0.126286            0.0517864           -0.162008           0.00114451          
0.852033            62720               -0.0144728          6.97849e-05         0.129593            0.053312            -0.170084           0.00289111          
0.855511            62976               0.0171929           -0.000353886        0.145984            0.060131            -0.167992           -0.0105037          
0.858989            63232               -0.0111861          0.00151625          0.137948            0.0555348           -0.178128           0.00331474          
0.862466            63488               -0.0378634          0.00334604          0.126286            0.0494145           -0.18243            0.0166809           
0.865944            63744               0.00111011          0.000889675         0.142066            0.0577437           -0.174436           -0.00265325         
0.869422            64000               0.0421663           0.00126936          0.163485            0.0659119           -0.172098           -0.0184322          
0.872899            64256               0.0250563           0.00096161          0.158176            0.0640055           -0.177645           -0.0119895          
0.876377            64512               -0.0144141          0.00137238          0.129426            0.0522354           -0.169744           0.00453517          
0.879855            64768               -0.0350979          0.0013016           0.114847            0.0463557           -0.166277           0.0126622           
0.883332            65024               -0.0401184          0.000651547         0.101467            0.0416179           -0.153086           0.0136841           
0.88681             65280               0.0212996           0.00197382          0.131666            0.0526193           -0.147193           -0.00863603         
0.890288            65536               -0.00813937         0.0026505           0.120075            0.0474235           -0.153656           0.00398369          
0.893765            65792               -0.0114394          0.00119345          0.115103            0.0465598           -0.149776           0.00303784          
0.897243            66048               -0.0418903          0.000188022         0.0932079           0.0387012           -0.144022           0.0139719           
0.900721            66304               0.0265274           0.00174479          0.128182            0.0514479           -0.13901            -0.0108783          
0.904198            66560               -0.00905402         0.00142811          0.12398             0.0498964           -0.159099           0.00247207          
0.907676            66816               -0.0199749          0.00262471          0.123161            0.0486614           -0.165664           0.00834795          
0.911154            67072               0.0487922           0.000184219         0.144579            0.0592961           -0.143536           -0.0226614          
0.914631            67328               0.00586111          0.00241552          0.140194            0.0555842           -0.168566           -0.00222347         
0.918109            67584               -0.0164597          0.00353125          0.130359            0.0508375           -0.172006           0.00800141          
0.921587            67840               0.0212098           0.00156537          0.142624            0.0573553           -0.160544           -0.0100892          
0.925065            68096               0.0073208           0.00255244          0.134837            0.0534156           -0.160667           -0.00297097         
0.928542            68352               0.018447            0.00341533          0.143146            0.0559607           -0.163128           -0.00597027         
0.93202             68608               0.0136709           0.00269879          0.141448            0.0557732           -0.164396           -0.004917           
0.935498            68864               -0.0354116          0.00340111          0.11451             0.0444587           -0.165657           0.0154636           
0.938975            69120               -0.0532958          0.00273484          0.104793            0.0411065           -0.166114           0.0215713           
0.942453            69376               0.0308772           0.00202227          0.130072            0.0517658           -0.137834           -0.0130128          
0.945931            69632               0.0355415           0.00271582          0.144542            0.0568287           -0.152666           -0.0135732          
0.949408            69888               0.0112278           0.00224337          0.131816            0.0520399           -0.15407            -0.00452471         
0.952886            70144               -0.00476125         0.00262008          0.119225            0.0466966           -0.14963            0.00230959          
0.956364            70400               -0.0209221          0.00276064          0.103383            0.0402984           -0.14128            0.00906623          
0.959841            70656               -0.00199003         0.00212166          0.109765            0.0433519           -0.135772           0.000772202         
0.963319            70912               0.0281693           0.00167666          0.122351            0.0486552           -0.130076           -0.0118953          
0.966797            71168               -0.0105375          0.00316347          0.107846            0.0415554           -0.139479           0.00581386          
0.970275            71424               -0.0217195          0.00274311          0.100322            0.0389048           -0.137969           0.00959722          
0.973752            71680               -0.0260721          0.00209553          0.0816034           0.0319968           -0.117591           0.0104565           
0.97723             71936               0.00665851          -3.47271e-05        0.0973439           0.040004            -0.114069           -0.0058304          
0.980708            72192               0.0268743           9.62437e-05         0.106159            0.0434337           -0.110677           -0.0134969          
0.984185            72448               -0.0118677          0.00238509          0.102553            0.0401548           -0.133624           0.00512702          
0.987663            72704               0.0281936           0.00263694          0.116063            0.0453761           -0.121881           -0.0105442          
0.991141            72960               0.0379893           0.000854121         0.1309              0.0527187           -0.133564           -0.0171419          
0.994618            73216               -0.0117166          0.00109175          0.101073            0.0405772           -0.131535           0.00307684          
0.998096            73472               -0.00951737         0.00244247          0.107097            0.0419144           -0.13743            0.00456048          
1.00157             73728               0.0115468           0.00264075          0.117666            0.0461196           -0.135568           -0.00379773         
1.00505             73984               -0.00182979         0.00182797          0.119119            0.0472724           -0.146884           0.000178121         
1.00853             74240               0.000315024         0.00132674          0.118603            0.047431            -0.144665           -0.00145616         
1.01201             74496               0.015523            0.00186104          0.126701            0.0502442           -0.143965           -0.00650066         
1.01548             74752               -0.00465211         0.00247058          0.119952            0.0470065           -0.149855           0.00226698          
1.01896             75008               0.0162427           0.0015098           0.130989            0.0521145           -0.148803           -0.00773916         
1.02244             75264               0.0345908           0.00192339          0.131633            0.0520689           -0.1366             -0.0141363          
1.02592             75520               0.0189957           0.00155809          0.123238            0.0488682           -0.13726            -0.00806215         
1.0294              75776               -0.00481913         0.00186683          0.11171             0.0439647           -0.139787           0.00187987          
1.03287             76032               -0.00991227         0.00246215          0.101922            0.0395594           -0.131136           0.00496923          
1.03635             76288               -0.0179703          0.00105984          0.0925229           0.0368949           -0.125128           0.00616169          
1.03983             76544               0.0118145           0.000505362         0.10649             0.04293             -0.121447           -0.00633098         
1.04331             76800               -0.0391416          0.000110465         0.0827962           0.0337814           -0.128034           0.0132072           
1.04678             77056               -0.0299298          0.000716536         0.0885632           0.0355908           -0.128623           0.0105928           
1.05026             77312               0.023285            0.00142761          0.108037            0.0427946           -0.115114           -0.00943531         
1.05374             77568               0.0390027           0.00108084          0.123389            0.0491928           -0.123191           -0.0163599          
1.05722             77824               -0.0416037          0.00230869          0.093641            0.0363516           -0.14332            0.0175899           
1.06069             78080               -0.0501552          0.00027021          0.0870473           0.0354088           -0.141027           0.018113            
1.06417             78336               -0.0307289          -0.000382494        0.0990279           0.0406565           -0.142094           0.00939459          
1.06765             78592               0.0632491           0.000560925         0.147747            0.0593339           -0.13621            -0.0266101          
1.07113             78848               0.0204491           0.00221228          0.14123             0.0552717           -0.158445           -0.00715016         
1.07461             79104               0.0213722           0.000751924         0.141573            0.0566779           -0.158261           -0.00992738         
1.07808             79360               0.0193873           0.000331396         0.134717            0.0542864           -0.151039           -0.00970166         
1.08156             79616               0.0285961           0.000719678         0.143329            0.0573946           -0.155326           -0.0127859          
1.08504             79872               -0.00872312         0.000305433         0.120196            0.0485716           -0.152929           0.00130072          
1.08852             80128               -0.0137744          0.000825017         0.119666            0.047916            -0.155881           0.00427167          
1.09199             80384               -0.0272465          0.000923741         0.10704             0.042695            -0.149714           0.00986283          
1.09547             80640               0.00854105          1.81904e-06         0.124918            0.0505649           -0.146638           -0.00589656         
1.09895             80896               0.00823528          -0.00016884         0.121459            0.0492667           -0.142581           -0.00578103         
1.10243             81152               0.0107495           0.00020489          0.127142            0.0511259           -0.147909           -0.00610294         
1.1059              81408               0.00281207          -0.000633521        0.111626            0.0456395           -0.134241           -0.00386641         
1.10938             81664               0.00277718          -0.000484195        0.114841            0.0468082           -0.138325           -0.00356982         
1.11286             81920               -0.0371517          -0.000521568        0.0958584           0.0392421           -0.142871           0.0123586           
1.11634             82176               -0.0162437          -7.98723e-05        0.105132            0.0426418           -0.139569           0.00486272          
1.11981             82432               0.025562            -0.00031982         0.12792             0.0518345           -0.138365           -0.0122367          
1.12329             82688               0.0246273           -0.000895298        0.133236            0.0543829           -0.145701           -0.0130028          
1.12677             82944               0.00889361          -0.00251358         0.120173            0.0506284           -0.140503           -0.00908852         
1.13025             83200               -0.0334658          -0.00211885         0.101573            0.0430088           -0.147359           0.00854781          
1.13373             83456               -0.00454561         -0.000979635        0.113176            0.0467537           -0.141284           -0.00143491         
1.1372              83712               0.0170087           -0.00081741         0.127703            0.0525315           -0.144118           -0.00992686         
1.14068             83968               -0.0116627          0.000220434         0.122795            0.0496621           -0.15835            0.00315504          
1.14416             84224               -0.000143704        -0.00100543         0.12067             0.0500126           -0.147498           -0.00344583         
1.14764             84480               -0.0393149          4.76257e-05         0.105057            0.0429516           -0.155898           0.0139369           
1.15111             84736               0.00479995          0.000942923         0.129866            0.0522104           -0.155421           -0.002552           
1.15459             84992               -0.0237047          0.000444507         0.11666             0.0474253           -0.159186           0.00794669          
1.15807             85248               -0.00895645         0.000349917         0.121798            0.049708            -0.155127           0.00169403          
1.16155             85504               -0.0366551          0.00124935          0.116109            0.0467071           -0.167707           0.0138677           
1.16502             85760               0.0545265           0.00114384          0.156459            0.063098            -0.153205           -0.0227819          
1.1685              86016               -0.0370518          0.00147226          0.121876            0.0489714           -0.175228           0.0139663           
1.17198             86272               -0.0250062          0.00353191          0.129595            0.0504581           -0.176196           0.01238             
1.17546             86528               -0.0205907          0.00218003          0.125751            0.0501258           -0.168218           0.00847308          
1.17894             86784               0.0113098           0.00176777          0.14875             0.0596556           -0.174277           -0.00487475         
1.18241             87040               -0.0105646          0.0014296           0.139791            0.0562956           -0.178661           0.0033299           
1.18589             87296               -0.0141247          0.00232622          0.135397            0.0538182           -0.175678           0.00624517          
1.18937             87552               -0.0148883          0.00141257          0.132721            0.0534665           -0.172939           0.00501844          
1.19285             87808               0.00130045          0.00111292          0.136102            0.0551545           -0.16563            -0.00182062         
1.19632             88064               0.0666575           0.00215903          0.163253            0.0651373           -0.153191           -0.0259015          
1.1998              88320               -0.00693318         0.00120222          0.13345             0.0538571           -0.168446           0.00164247          
1.20328             88576               -0.0543175          0.000750105         0.0983157           0.0403023           -0.158129           0.0198789           
1.20676             88832               -0.0666191          0.00070496          0.0933063           0.038383            -0.160612           0.0249343           
1.21023             89088               0.00576503          3.98535e-05         0.125801            0.0518599           -0.14971            -0.00501815         
1.21371             89344               0.0195618           0.000721662         0.145078            0.0589356           -0.164064           -0.00969355         
1.21719             89600               0.0460858           0.00149112          0.159645            0.064115            -0.163406           -0.0190352          
1.22067             89856               -0.0313708          0.00144349          0.122997            0.0494042           -0.172742           0.0116871           
1.22415             90112               -0.0618146          0.000573493         0.0983498           0.0403749           -0.163558           0.0225804           
1.22762             90368               0.0253705           0.00120222          0.132321            0.053446            -0.14399            -0.0109852          
1.2311              90624               0.017707            0.000634183         0.134452            0.0546214           -0.152231           -0.00861342         
1.23458             90880               -0.0351622          0.000418875         0.114339            0.0467391           -0.164663           0.0120169           
1.23806             91136               -0.0293723          0.000378856         0.104416            0.0428953           -0.148155           0.00986518          
1.24153             91392               -0.0084873          0.000959295         0.117377            0.0475423           -0.14949            0.00219265          
1.24501             91648               0.0373697           0.00150732          0.146742            0.0587413           -0.153595           -0.0151116          
1.24849             91904               -0.00448178         -0.00012634         0.129108            0.0529838           -0.161396           -0.000765826        
1.25197             92160               -0.0263334          -0.000337514        0.109523            0.0454586           -0.152386           0.00775545          
1.25544             92416               0.00977568          6.30049e-05         0.134969            0.0553092           -0.158473           -0.00608236         
1.25892             92672               0.0293899           -0.000382329        0.149899            0.0615454           -0.163241           -0.0145215          
1.2624              92928               0.0285907           -0.000644766        0.147738            0.0608566           -0.161133           -0.0147394          
1.26588             93184               -0.00582704         -0.00190437         0.127148            0.0535511           -0.159909           -0.00252208         
1.26936             93440               -0.0266044          -0.00111226         0.114483            0.0479275           -0.158826           0.00694908          
1.27283             93696               -0.0279093          -0.00139553         0.118995            0.0500912           -0.165308           0.00703457          
1.27631             93952               -0.0269699          -0.000705622        0.126211            0.0523486           -0.17359            0.00762312          
1.27979             94208               0.0165663           -0.000500897        0.151674            0.0622757           -0.174484           -0.00962577         
1.28327             94464               0.0444576           -0.00274245         0.162386            0.0683075           -0.168118           -0.0241694          
1.28674             94720               -0.0224362          -0.00230621         0.131488            0.0555829           -0.177094           0.00330509          
1.29022             94976               -0.022694           -0.0018789          0.123883            0.0523336           -0.167658           0.00387498          
1.2937              95232               0.000177604         -0.00198242         0.12791             0.054133            -0.156468           -0.00517312         
1.29718             95488               0.00087595          -0.000977816        0.137267            0.0569707           -0.167688           -0.00407863         
1.30065             95744               -0.0303864          -0.00114765         0.127732            0.0531878           -0.178104           0.00809355          
1.30413             96000               -0.0510239          -0.000977154        0.109673            0.0459359           -0.170017           0.016562            
1.30761             96256               -0.0330967          -0.000873469        0.112561            0.0470486           -0.160937           0.00957221          
1.31109             96512               -0.00853741         -0.00234887         0.122882            0.052407            -0.156369           -0.00247397         
1.31457             96768               -0.0296793          -0.00153163         0.130646            0.0547676           -0.181149           0.00712651          
1.31804             97024               -0.00879555         -0.000643609        0.131602            0.0544754           -0.167403           -4.67162e-05        
1.32152             97280               -0.0262752          -0.00144795         0.120743            0.0508751           -0.166274           0.00574592          
1.325               97536               0.0107555           -0.00256832         0.137125            0.0584399           -0.160391           -0.0106372          
1.32848             97792               0.0128975           -0.00173602         0.136294            0.0573539           -0.157898           -0.0100744          
1.33195             98048               -0.011107           -0.000665603        0.141494            0.0584293           -0.181489           0.00094189          
1.33543             98304               0.0123157           -0.00208875         0.143426            0.0604281           -0.167181           -0.0107191          
1.33891             98560               -0.0411786          -0.00135469         0.122289            0.0514472           -0.178748           0.0113688           
1.34239             98816               0.0335303           -0.000436073        0.149699            0.0617592           -0.159915           -0.0165981          
1.34586             99072               -0.0264152          -0.00159943         0.123782            0.0523283           -0.170122           0.00533454          
1.34934             99328               -0.0082376          -0.00176629         0.134394            0.0568051           -0.17047            -0.00218983         
1.35282             99584               -0.00981818         -0.00123215         0.132997            0.0558449           -0.169821           -0.000816831        
1.3563              99840               0.00586342          -0.000701157        0.143295            0.0594435           -0.171621           -0.00602647         
1.35978             100096              0.0112              -0.00187196         0.146984            0.0617277           -0.172414           -0.0103318          
1.36325             100352              -0.0264526          -0.00174942         0.124399            0.0527866           -0.170986           0.00492108          
1.36673             100608              0.0258925           -0.000299645        0.146297            0.0603607           -0.161078           -0.0136355          
1.37021             100864              0.00618953          -0.000995014        0.140642            0.0587478           -0.168069           -0.00690685         
1.37369             101120              -0.00376806         -0.00137354         0.136767            0.0574697           -0.170337           -0.00348789         
1.37716             101376              -0.0449178          -9.87242e-05        0.119195            0.049537            -0.177564           0.0147254           
1.38064             101632              -0.0238722          -0.000427309        0.127352            0.0530109           -0.172797           0.00591331          
1.38412             101888              -0.0369756          -0.00020704         0.12503             0.0519022           -0.179155           0.0111261           
1.3876              102144              0.0475303           -0.00127052         0.158113            0.0661412           -0.160451           -0.0241528          
1.39107             102400              0.0385729           0.000185873         0.149639            0.0615698           -0.156297           -0.0180647          
1.39455             102656              -0.0364942          0.000291708         0.123786            0.0509938           -0.177444           0.0119209           
1.39803             102912              0.0111421           -0.000253342        0.128882            0.0535458           -0.14988            -0.00766985         
1.40151             103168              -0.0023335          0.000266241         0.12267             0.0504527           -0.151864           -0.00152922         
1.40499             103424              0.0139987           0.000380014         0.129764            0.0531458           -0.14916            -0.00792087         
1.40846             103680              -0.027885           -9.24402e-05        0.0993784           0.0415387           -0.140939           0.00808102          
1.41194             103936              -0.0353198          0.000714551         0.100646            0.041337            -0.147788           0.0124551           
1.41542             104192              -0.0348711          0.000680816         0.0976982           0.0401062           -0.143815           0.0122507           
1.4189              104448              0.00858718          -0.00145209         0.113212            0.0480978           -0.132232           -0.00867797         
1.42237             104704              -0.00815012         -0.000795416        0.11001             0.0461764           -0.140202           -0.000851279        
1.42585             104960              -0.000662957        0.00103173          0.122842            0.0497725           -0.150833           -0.00105198         
1.42933             105216              0.00392383          -0.000587549        0.115202            0.0481128           -0.138025           -0.00541723         
1.43281             105472              -0.0398616          -6.13512e-05        0.0995513           0.041432            -0.14959            0.012561            
1.43628             105728              -0.0232323          -0.000279636        0.100792            0.0422224           -0.139231           0.00593346          
1.43976             105984              -0.0477445          -0.000935151        0.0942971           0.0400512           -0.148573           0.0144178           
1.44324             106240              0.0103528           -9.19441e-05        0.121388            0.0502465           -0.141077           -0.00733548         
1.44672             106496              -0.0165005          0.00060822          0.116135            0.0474646           -0.153592           0.00408912          
1.4502              106752              -0.0152718          0.000245405         0.118239            0.0485816           -0.155373           0.00308961          
1.45367             107008              -0.00199681         -0.000355209        0.119457            0.0495685           -0.147479           -0.00299656         
1.45715             107264              0.00737703          -0.000750271        0.122104            0.0509578           -0.144125           -0.00737069         
1.46063             107520              -0.0264814          -0.000868012        0.111055            0.046551            -0.154434           0.0059334           
1.46411             107776              -0.0017557          -0.000399858        0.118349            0.0491619           -0.145941           -0.00298589         
1.46758             108032              -0.0122993          0.000665272         0.119424            0.048551            -0.15481            0.0027566           
1.47106             108288              -0.0122099          0.000332553         0.123805            0.0505264           -0.160241           0.00229455          
1.47454             108544              -0.0468561          -0.00104016         0.102581            0.0432912           -0.158243           0.0137672           
1.47802             108800              -0.0470822          -0.000588872        0.111621            0.0466088           -0.169574           0.0146437           
1.48149             109056              0.0133698           -0.000718851        0.14162             0.0586717           -0.164053           -0.00965145         
1.48497             109312              -0.00164706         -0.00134228         0.15172             0.0631228           -0.187374           -0.0049639          
1.48845             109568              0.00334157          -0.000323127        0.154588            0.0634945           -0.187329           -0.00549467         
1.49193             109824              -0.00105488         0.00110465          0.157016            0.0632365           -0.193506           -0.00148576         
1.49541             110080              0.00395029          0.000962437         0.155439            0.0626248           -0.188017           -0.00379423         
1.49888             110336              -0.0302265          -0.000292204        0.129138            0.0531446           -0.179582           0.00800567          
1.50236             110592              -0.0194196          -0.000484526        0.129245            0.0532048           -0.172064           0.00385868          
1.50584             110848              -0.023521           2.46397e-05         0.120841            0.0494105           -0.16458            0.00662147          
1.50932             111104              -0.0400845          -0.000489983        0.110717            0.0456167           -0.163735           0.0122576           
1.51279             111360              -0.0208531          -0.00132757         0.113509            0.0473871           -0.153613           0.00350228          
1.51627             111616              -0.0215017          -0.000829482        0.109262            0.0451857           -0.148874           0.00476756          
1.51975             111872              -0.00225048         -0.00117427         0.111308            0.0461615           -0.13778            -0.00342442         
1.52323             112128              -0.0653342          -0.000963594        0.0841803           0.0351828           -0.148807           0.0221281           
1.5267              112384              -0.0447813          -0.000877769        0.0964472           0.0400533           -0.149404           0.0141695           
1.53018             112640              -0.0324892          -0.00159662         0.0936285           0.0396101           -0.137104           0.00835789          
1.53366             112896              -0.0208172          -0.00225131         0.113157            0.0479435           -0.153203           0.00238282          
1.53714             113152              -0.0330025          -0.00323756         0.110789            0.0479591           -0.158838           0.00545416          
1.54062             113408              -0.051683           -0.00155445         0.113567            0.0477236           -0.175424           0.0155176           
1.54409             113664              0.0430639           -0.00081741         0.161954            0.0664204           -0.168505           -0.0213141          
1.54757             113920              0.0407384           -0.00145903         0.170752            0.0702892           -0.181314           -0.0214203          
1.55105             114176              -0.000535128        0.000187692         0.150213            0.0608216           -0.184958           -0.00255838         
1.55453             114432              -0.00939318         0.000426316         0.1431              0.0578174           -0.182351           0.00159317          
1.558               114688              -0.0232475          -0.00112334         0.126024            0.052299            -0.170846           0.00470258          
1.56148             114944              0.0188062           -0.00256881         0.148785            0.062543            -0.169428           -0.0141802          
1.56496             115200              -0.0277536          -0.00105653         0.128721            0.0532717           -0.177479           0.00675097          
1.56844             115456              -0.0169491          -0.000184384        0.127191            0.0519897           -0.167844           0.0035569           
1.57191             115712              -0.00918333         -0.00230009         0.123639            0.0523052           -0.157918           -0.00282156         
1.57539             115968              -0.0466335          -0.00227826         0.0999044           0.0429354           -0.154908           0.0123717           
1.57887             116224              -0.0122855          -0.000800873        0.125009            0.0516258           -0.161863           0.000938231         
1.58235             116480              0.00154155          -0.00219872         0.122551            0.0517715           -0.14901            -0.00651923         
1.58582             116736              -0.00514821         -0.00220302         0.120023            0.0506903           -0.150624           -0.00375403         
1.5893              116992              -0.00782385         -0.00217193         0.109872            0.0467325           -0.139831           -0.00271181         
1.59278             117248              -0.0423442          -0.00112747         0.102599            0.0428802           -0.155247           0.0126895           
1.59626             117504              -0.0258983          -0.00230588         0.106608            0.0455178           -0.148514           0.00425781          
1.59974             117760              -0.00324467         -0.00197266         0.117356            0.0495495           -0.145838           -0.00424847         
1.60321             118016              0.0597242           -0.00105901         0.153218            0.0630423           -0.145969           -0.0278293          
1.60669             118272              -0.0417484          -0.00146829         0.105795            0.0444245           -0.158834           0.0117209           
1.61017             118528              -0.0188266          -0.00249423         0.111146            0.0475367           -0.149182           0.00119306          
1.61365             118784              -0.0364458          -0.00293014         0.0956808           0.0416307           -0.142399           0.00772             
1.61712             119040              0.0132869           -0.0028673          0.111313            0.0478602           -0.126618           -0.011733           
1.6206              119296              0.00914414          -0.00227562         0.118673            0.050259            -0.138758           -0.0092966          
1.62408             119552              -0.0471741          -0.00187609         0.0938766           0.0399972           -0.14782            0.0137675           
1.62756             119808              -0.0106085          -0.00188006         0.0983554           0.0418522           -0.127384           -0.00085933         
1.63103             120064              -0.00359508         -0.00314991         0.0996833           0.0434046           -0.124105           -0.00557651         
1.63451             120320              0.000657996         -0.00239336         0.110683            0.0471482           -0.134799           -0.00579093         
1.63799             120576              -0.00937681         -0.00307021         0.103635            0.0448723           -0.133117           -0.00285093         
1.64147             120832              -0.0192307          -0.0039908          0.101051            0.0446069           -0.136897           -0.000685829        
1.64495             121088              -0.00409168         -0.00272145         0.105084            0.0454114           -0.131087           -0.00477117         
1.64842             121344              -0.0134271          -0.003563           0.112331            0.0490803           -0.146629           -0.00261482         
1.6519              121600              -0.0238152          -0.00290534         0.118477            0.0510179           -0.161658           0.00221573          
1.65538             121856              0.0199309           -0.00189891         0.144771            0.0608062           -0.163284           -0.0139612          
1.65886             122112              0.00772298          -0.002439           0.151158            0.0637174           -0.179951           -0.0100662          
1.66233             122368              0.00779078          -0.000915142        0.14989             0.0619804           -0.178277           -0.00782899         
1.66581             122624              0.00967332          -0.000229033        0.156912            0.0641764           -0.185715           -0.00759939         
1.66929             122880              -0.00625452         -0.00114401         0.140124            0.058194            -0.176117           -0.00262822         
1.67277             123136              0.0385501           -0.00130623         0.15531             0.0643702           -0.163297           -0.0205576          
1.67624             123392              -0.0164823          -0.00122554         0.13432             0.0558067           -0.176261           0.00155752          
1.67972             123648              -0.0435976          -0.00134377         0.109916            0.0461262           -0.165057           0.0121312           
1.6832              123904              -0.0137733          -0.00238393         0.115868            0.0492251           -0.151377           -0.00123351         
1.68668             124160              0.0130577           -0.00196803         0.124847            0.0524039           -0.143614           -0.0113052          
1.69016             124416              0.016202            -0.00137073         0.129241            0.0535661           -0.146929           -0.0117084          
1.69363             124672              -0.0259243          -0.000230191        0.109597            0.0447618           -0.152357           0.00716686          
1.69711             124928              -0.042798           -0.000915307        0.0966834           0.0401794           -0.148173           0.012609            
1.70059             125184              -0.0508621          -0.00178398         0.087189            0.0372131           -0.142059           0.0146613           
1.70407             125440              -0.0249481          -0.000911173        0.109269            0.0452414           -0.151208           0.00565781          
1.70754             125696              -0.0165281          -0.000755893        0.121936            0.0500802           -0.160959           0.00239663          
1.71102             125952              -0.0251757          -0.00097517         0.123305            0.0507856           -0.168822           0.0052952           
1.7145              126208              0.00255922          -0.00117774         0.128441            0.0530715           -0.155484           -0.00584825         
1.71798             126464              -0.0207107          4.15071e-05         0.124967            0.0506474           -0.167674           0.0049026           
1.72145             126720              0.000131302         -0.00115013         0.133024            0.0549155           -0.162941           -0.00531895         
1.72493             126976              -0.00742895         -0.000449137        0.130964            0.0534685           -0.165749           -0.00123748         
1.72841             127232              -0.014852           0.000407465         0.128812            0.0518457           -0.168352           0.00312092          
1.73189             127488              0.0132441           -0.000808811        0.132593            0.0543553           -0.15308            -0.00994645         
1.73537             127744              -0.0145148          -0.000914315        0.132592            0.0545278           -0.172841           0.000759841         
1.73884             128000              -0.0245537          -0.000256484        0.129369            0.052664            -0.175897           0.00559086          
1.74232             128256              -0.00190982         -3.05929e-05        0.137585            0.0557271           -0.17008            -0.0031021          
1.7458              128512              -0.0118261          -0.000284597        0.137969            0.0560779           -0.17758            0.000277362         
1.74928             128768              -0.00278148         0.000371249         0.136088            0.05486             -0.168759           -0.00193989         
1.75275             129024              -0.00945784         0.000591353         0.139868            0.056169            -0.178208           0.0011645           
1.75623             129280              -0.000268556        -0.00028162         0.151097            0.0612582           -0.185742           -0.00404163         
1.75971             129536              -0.0287251          -0.00104859         0.125174            0.0516884           -0.17355            0.00604876          
1.76319             129792              -0.00291526         0.000246893         0.139363            0.05613             -0.172938           -0.00197984         
1.76666             130048              0.0196448           -0.000304606        0.145133            0.0589053           -0.164142           -0.0116861          
1.77014             130304              -0.0449984          -0.00180564         0.107954            0.0453131           -0.163708           0.0119299           
1.77362             130560              -0.0598852          -0.00162275         0.0940148           0.0397339           -0.156816           0.018197            
1.7771              130816              0.00332189          -0.00209801         0.122244            0.0512686           -0.14719            -0.00750184         
1.78058             131072              -0.0384515          -0.00140446         0.113311            0.0471319           -0.165822           0.00998983          
1.78405             131328              -0.0892875          -0.000405811        0.0867455           0.0357445           -0.168656           0.0319139           
1.78753             131584              -0.0164555          -0.00191842         0.107476            0.045418            -0.142679           0.000577472         
1.79101             131840              -0.00704414         -0.00331445         0.125761            0.0537749           -0.159001           -0.00522852         
1.79449             132096              0.0112023           -0.00277023         0.138868            0.0585385           -0.162376           -0.0116288          
1.79796             132352              -0.0428909          -0.00267465         0.114701            0.04883             -0.170594           0.0100015           
1.80144             132608              0.00896687          -0.00160356         0.140439            0.0582943           -0.165811           -0.00898717         
1.80492             132864              0.0162238           -0.00197548         0.143847            0.0599022           -0.164966           -0.0124783          
1.8084              133120              -0.0250068          -0.00258899         0.122707            0.0519245           -0.167943           0.00309437          
1.81187             133376              -0.0320855          -0.00263281         0.111554            0.0476182           -0.159013           0.0058412           
1.81535             133632              0.0222637           -0.00249837         0.141965            0.0595572           -0.158385           -0.0150996          
1.81883             133888              -0.0285821          -0.00268738         0.117589            0.0499935           -0.164148           0.00462561          
1.82231             134144              -0.00773306         -0.00335778         0.127333            0.0544184           -0.161403           -0.00481361         
1.82579             134400              -0.0665581          -0.00250581         0.094546            0.0406746           -0.162312           0.0200572           
1.82926             134656              -0.00471726         -0.00239187         0.127284            0.053615            -0.159224           -0.0044539          
1.83274             134912              -0.018721           -0.00376855         0.112925            0.0490349           -0.151251           -0.000796088        
1.83622             135168              0.0272882           -0.00362518         0.142032            0.0605653           -0.154892           -0.0188275          
1.8397              135424              -0.0508805          -0.00275717         0.109423            0.0468147           -0.169807           0.0135917           
1.84317             135680              -0.0139234          -0.00373581         0.115558            0.050034            -0.151122           -0.00240698         
1.84665             135936              -0.0486517          -0.00328237         0.106273            0.0458738           -0.16428            0.0123179           
1.85013             136192              -0.03641            -0.00381982         0.112511            0.048785            -0.163285           0.00642443          
1.85361             136448              -0.0608032          -0.00369116         0.097917            0.042973            -0.162328           0.0163744           
1.85708             136704              -0.0119865          -0.00465905         0.119109            0.0522248           -0.154105           -0.00456248         
1.86056             136960              0.0035286           -0.00465459         0.130581            0.0567857           -0.157417           -0.010731           
1.86404             137216              -0.0256385          -0.0033381          0.130778            0.0556544           -0.178428           0.00280676          
1.86752             137472              -0.0576668          -0.00465327         0.104941            0.0465576           -0.168815           0.0134124           
1.871               137728              -0.0350469          -0.00445449         0.109951            0.0484067           -0.158975           0.00491723          
1.87447             137984              -0.0047844          -0.00362468         0.130644            0.0559279           -0.163333           -0.00594282         
1.87795             138240              -0.0018407          -0.00482211         0.133678            0.0580647           -0.16509            -0.00896873         
1.88143             138496              -0.0470865          -0.00547332         0.112735            0.0502583           -0.171088           0.0081027           
1.88491             138752              0.0240889           -0.00428516         0.140407            0.0603453           -0.154969           -0.0182428          
1.88838             139008              -0.0276712          -0.00464616         0.116556            0.051076            -0.162046           0.00190678          
1.89186             139264              -0.0201202          -0.00592494         0.120935            0.053787            -0.162175           -0.00319487         
1.89534             139520              -0.0493505          -0.00615596         0.108082            0.0488799           -0.166915           0.00812822          
1.89882             139776              -0.0443599          -0.00423125         0.105951            0.0465231           -0.160517           0.00899046          
1.90229             140032              0.0206547           -0.0054892          0.136474            0.0598043           -0.152547           -0.0188251          
1.90577             140288              -0.0527943          -0.00508074         0.115188            0.0508751           -0.178138           0.010792            
1.90925             140544              -0.0298334          -0.00479416         0.12754             0.0556207           -0.177186           0.00215571          
1.91273             140800              -0.0066972          -0.00589418         0.134562            0.0593091           -0.169466           -0.00873245         
1.91621             141056              0.0167284           -0.00514193         0.152426            0.0658689           -0.175141           -0.0169672          
1.91968             141312              -0.00507346         -0.00549895         0.138419            0.0605227           -0.173143           -0.00842762         
1.92316             141568              -0.0221117          -0.0053488          0.129256            0.0567246           -0.173883           -0.0014538          
1.92664             141824              -0.00332123         -0.00504386         0.135945            0.0590207           -0.168916           -0.00839381         
1.93012             142080              -0.0200914          -0.00601688         0.127222            0.0563581           -0.170003           -0.00305022         
1.93359             142336              -0.0224441          -0.00554972         0.123058            0.0542222           -0.166451           -0.00123877         
1.93707             142592              -0.00085809         -0.00637341         0.134991            0.0596809           -0.166032           -0.0112548          
1.94055             142848              -0.0353049          -0.00543777         0.11573             0.0511904           -0.166523           0.00399504          
1.94403             143104              -0.0324204          -0.00578653         0.114999            0.051238            -0.163558           0.00236601          
1.9475              143360              -0.0412101          -0.00688225         0.109397            0.0497593           -0.162809           0.00442825          
1.95098             143616              0.00930736          -0.00740597         0.131845            0.0592271           -0.154964           -0.0165638          
1.95446             143872              -0.0240902          -0.00633951         0.118412            0.0529347           -0.161963           -0.00144584         
1.95794             144128              -0.00367545         -0.00660327         0.126737            0.0564619           -0.157849           -0.0101645          
1.96142             144384              -0.0105182          -0.00779061         0.121155            0.0552737           -0.155825           -0.00939852         
1.96489             144640              -0.0626039          -0.00620854         0.0927883           0.042808            -0.157365           0.0138388           
1.96837             144896              -0.0218743          -0.00441679         0.118926            0.0516604           -0.161065           0.000324202         
1.97185             145152              -0.036923           -0.00640368         0.11114             0.0502273           -0.162125           0.00330759          
1.97533             145408              -0.00591981         -0.00747228         0.122749            0.0557567           -0.154543           -0.010645           
1.9788              145664              0.0121804           -0.0079449          0.126246            0.0575829           -0.146136           -0.0185409          
1.98228             145920              -0.00701851         -0.00648636         0.127368            0.0567358           -0.161272           -0.00854929         
1.98576             146176              -0.0204257          -0.00606401         0.109807            0.0495839           -0.148785           -0.00252796         
1.98924             146432              -0.0283843          -0.00729368         0.111095            0.05113             -0.156102           -0.0013187          
1.99271             146688              -0.0363571          -0.0050819          0.106626            0.0475834           -0.156189           0.00519893          
1.99619             146944              0.0114431           -0.00444887         0.139609            0.06029             -0.16342            -0.0130183          
1.99967             147200              -0.0441497          -0.00480325         0.121254            0.0532613           -0.17997            0.00827811          
