#Time               nTime               force-x             force-y             force-z             moment-x            moment-y            moment-z            
0                   0                   -1.06484            0.0193233           0.0394976           -0.0244837          -1.83844            0.800614            
0.00347769          256                 9673.01             -0.707064           -3790.29            24.7267             20620.1             -194.11             
0.00695537          512                 4459.01             79.2705             -20.2918            -91.6718            18989.8             -43.0499            
0.0104331           768                 -1015.42            -80.5653            1751.73             78.6088             -4702.57            115.408             
0.0139107           1024                -1802.74            32.2519             1282.35             -19.5359            -9247.58            38.0669             
0.0173884           1280                -347.684            -86.7009            -522.932            88.3248             -4218.44            -209.253            
0.0208661           1536                1453.1              205.15              -288.681            -197.89             4108.12             350.618             
0.0243438           1792                863.582             14.6143             -823.415            -14.2167            2209.57             112.82              
0.0278215           2048                312.779             -69.5997            -158.085            98.6144             293.946             -232.024            
0.0312992           2304                -598.31             -6.23196            719.912             1.26267             -1114.96            10.3504             
0.0347769           2560                -859.312            56.1653             447.853             -49.9584            -1567.6             107.165             
0.0382545           2816                -177.638            25.099              80.3975             -32.9282            145.287             51.0764             
0.0417322           3072                669.441             -58.5279            -311.741            63.4589             1504.45             -135.871            
0.0452099           3328                1122.76             16.8544             -123.675            -14.397             1146.5              32.0618             
0.0486876           3584                992.367             24.2677             189.738             -9.05927            -168.943            62.5908             
0.0521653           3840                568.61              30.9817             280.669             -22.4534            -358.276            64.8851             
0.055643            4096                244.02              13.4735             233.366             -4.85339            -47.8046            41.6882             
0.0591207           4352                150.591             31.9027             125.236             -21.2273            235.488             76.4822             
0.0625984           4608                286.399             52.1119             160.311             -47.4262            187.627             118.425             
0.066076            4864                489.783             35.6194             210.722             -29.7104            55.8145             68.3011             
0.0695537           5120                652.503             39.7971             210.339             -33.7591            65.2055             69.9894             
0.0730314           5376                680.921             26.0821             243.614             -16.6007            -6.84619            56.5593             
0.0765091           5632                609.924             32.1844             244.673             -23.7069            -15.269             46.3464             
0.0799868           5888                494.285             22.2415             230.677             -14.7037            -58.9891            8.201               
0.0834645           6144                400.82              6.5842              226.047             2.14478             -101.385            -14.7338            
0.0869422           6400                390.388             12.7478             254.272             -5.78553            -165.627            -0.379262           
0.0904198           6656                438.293             19.2223             272.708             -8.90886            -194.176            5.23882             
0.0938975           6912                508.871             21.5654             272.124             -13.0546            -188.227            14.0992             
0.0973752           7168                545.496             17.6509             261.241             -3.68498            -184.466            4.3967              
0.100853            7424                542.138             -3.53929            244.412             6.23241             -213.603            -27.8462            
0.104331            7680                501.972             -6.95503            225.876             10.6013             -200.651            -25.9124            
0.107808            7936                466.972             -2.40474            225.575             5.94304             -215.93             -21.3097            
0.111286            8192                457.764             -10.6109            227.651             9.78423             -253.186            -20.6979            
0.114764            8448                465.928             3.6443              235.672             -2.71949            -298.786            -0.926041           
0.118241            8704                480.438             2.87026             224.486             6.98887             -298.078            2.57789             
0.121719            8960                503.079             2.53334             215.24              12.6791             -277.7              -6.17403            
0.125197            9216                506.564             20.7367             211.61              -13.0856            -294.434            29.0978             
0.128674            9472                492.108             20.1571             226.991             -13.6651            -357.708            40.7683             
0.132152            9728                477.721             16.2067             253.611             -17.3425            -429.355            26.8471             
0.13563             9984                462.564             10.9547             257.293             -9.07848            -454.65             14.5312             
0.139107            10240               463.079             27.7434             269.515             -31.5436            -490.563            43.0315             
0.142585            10496               467.742             17.3986             288.466             -19.6844            -560.362            37.3639             
0.146063            10752               475.38              7.41586             312.094             -3.69499            -633.93             30.2556             
0.149541            11008               478.625             10.1269             328.159             -10.7669            -707.529            36.2348             
0.153018            11264               487.889             11.7108             340.933             -3.53011            -781.048            46.9051             
0.156496            11520               491.512             20.7485             357.586             -15.7518            -844.729            47.4624             
0.159974            11776               510.675             23.5404             380.576             -23.0528            -869.676            46.236              
0.163451            12032               534.735             19.8905             393.805             -16.1359            -889.472            32.9418             
0.166929            12288               544.307             12.2919             407.435             -7.28226            -933.125            25.1964             
0.170407            12544               549.365             0.206177            423.387             5.24764             -963.04             -10.4001            
0.173884            12800               576.786             -2.86929            439.49              5.60597             -995.107            -22.68              
0.177362            13056               597.763             -1.73098            435.848             3.04719             -996.352            -3.45439            
0.18084             13312               620.168             -19.5334            443.371             16.4998             -1028.07            -40.8248            
0.184317            13568               644.589             -6.61504            471.29              -3.34244            -1063.87            -11.8133            
0.187795            13824               659.513             -7.70273            482.636             -1.47305            -1073.64            -11.6026            
0.191273            14080               662.84              -19.2285            468.126             9.63294             -1045.26            -20.1913            
0.19475             14336               678.88              -24.339             436.982             13.2237             -955.873            -43.5155            
0.198228            14592               673.872             -29.157             415.115             26.9012             -899.848            -68.4941            
0.201706            14848               672.76              -30.3543            417.822             29.7388             -901.706            -85.0185            
0.205183            15104               653.959             -15.4546            401.977             13.198              -882.633            -52.8889            
0.208661            15360               641.933             -26.7799            390.794             23.246              -868.359            -51.729             
0.212139            15616               626.383             -22.4443            366.181             13.1015             -818.611            -45.1438            
0.215617            15872               609.077             -27.5006            342.415             12.871              -776.284            -62.46              
0.219094            16128               593.067             -30.523             326.546             18.5478             -717.227            -79.17              
0.222572            16384               568.86              -25.6065            290.869             16.5042             -660.427            -72.0691            
0.22605             16640               546.702             -3.35811            247.102             7.71613             -575.512            -23.2637            
0.229527            16896               521.13              -1.32775            219.059             0.223912            -514.101            -20.9095            
0.233005            17152               492.451             -4.04334            203.085             -0.834442           -477.918            -11.7445            
0.236483            17408               481.34              -4.51429            184.938             5.86381             -399.204            -20.0631            
0.23996             17664               471.501             -7.65604            160.961             8.5605              -349.753            -18.6305            
0.243438            17920               455.999             -3.60238            108.906             -5.51704            -273.887            -2.58354            
0.246916            18176               449.522             14.8655             84.3265             -23.9612            -211.389            23.5046             
0.250393            18432               438.801             -2.61095            75.044              -4.58257            -179.384            -16.7179            
0.253871            18688               425.511             -13.8892            56.2943             3.99357             -163.4              -18.6045            
0.257349            18944               416.18              -16.1665            23.7868             4.21908             -90.0057            -29.4622            
0.260826            19200               415.281             -9.51364            -13.0435            3.29755             1.99655             -26.5077            
0.264304            19456               416.675             -9.65053            -14.23              10.397              67.5441             -20.4329            
0.267782            19712               404.557             -6.70006            -27.971             9.03626             68.7576             -6.5691             
0.27126             19968               390.031             -4.7106             -60.8044            -3.09068            142.538             -14.8149            
0.274737            20224               397.524             -10.9603            -84.9309            10.8794             251.175             -11.3122            
0.278215            20480               393.315             -25.2626            -112.393            14.7772             297.72              -39.6702            
0.281693            20736               387.104             -25.1524            -135.239            16.8367             329.512             -41.2437            
0.28517             20992               389.315             -17.2028            -131.221            1.31881             351.274             -19.3074            
0.288648            21248               398.852             -32.5191            -112.746            19.7078             339.075             -58.4446            
0.292126            21504               412.586             -12.8663            -121.737            -4.78392            402.686             -33.1207            
0.295603            21760               415.666             -20.0115            -111.492            14.3828             382.135             -52.6087            
0.299081            22016               410.372             -15.1986            -112.924            12.9317             384.773             -65.3151            
0.302559            22272               419.328             -27.8057            -125.408            27.5496             396.638             -92.1945            
0.306036            22528               426.206             -11.072             -147.676            16.0799             434.576             -64.5169            
0.309514            22784               424.749             -14.9355            -160.74             5.71731             477.54              -72.2008            
0.312992            23040               408.632             -11.5222            -164.676            0.661631            453.543             -41.9512            
0.316469            23296               403.868             -10.8456            -152.283            -4.53968            394.089             -38.6759            
0.319947            23552               403.119             -9.40643            -150.304            -0.75421            365.606             -44.2295            
0.323425            23808               406.603             -12.2616            -133.842            5.0727              335.912             -35.708             
0.326903            24064               402.327             -16.8483            -111.147            11.1286             291.344             -32.3824            
0.33038             24320               390.441             -9.02376            -94.0051            2.23593             242.496             -11.6189            
0.333858            24576               380.202             -12.2254            -93.3214            3.57769             224.447             -11.3611            
0.337336            24832               377.654             -0.861396           -123.152            -5.68488            266.268             19.478              
0.340813            25088               384.464             9.46162             -127.618            -7.87647            291.774             7.99766             
0.344291            25344               378.397             10.0647             -118.006            -8.80772            289.172             -2.95548            
0.347769            25600               389.042             -4.25454            -113.742            0.445522            249.447             -39.0149            
0.351246            25856               389.676             -1.38978            -117.18             -2.95133            212.511             -53.328             
0.354724            26112               394.784             -23.1161            -95.1751            17.9705             164.845             -94.7519            
0.358202            26368               405.565             -14.356             -68.8972            6.07082             150.633             -51.3767            
0.361679            26624               403.487             -23.1043            -58.5133            6.06395             110.947             -76.2205            
0.365157            26880               386.738             -19.0229            -50.7137            13.5744             46.9478             -71.7647            
0.368635            27136               399.223             -17.303             -26.6231            12.3162             -13.7074            -56.799             
0.372112            27392               386.564             -16.815             -0.889063           14.3036             -74.7278            -68.9293            
0.37559             27648               405.8               -22.2646            -8.55291            13.6597             -38.4188            -75.0568            
0.379068            27904               421.452             -25.0585            3.91751             27.6028             -47.3192            -66.4979            
0.382546            28160               429.358             -6.84726            20.3053             12.2605             -40.086             -37.7198            
0.386023            28416               408.086             -5.50125            0.415489            1.65791             -42.6699            -15.208             
0.389501            28672               397.692             -17.3966            11.1742             14.9785             -70.5211            -45.1029            
0.392979            28928               405.884             -17.4902            22.3136             10.9552             -81.8185            -46.5883            
0.396456            29184               418.184             -30.7041            -5.59821            20.5758             -47.9946            -60.9008            
0.399934            29440               416.446             -31.9955            -16.3586            18.1477             -23.3532            -70.1106            
0.403412            29696               408.291             -30.1066            -52.0531            17.4826             72.6412             -73.2137            
0.406889            29952               413.257             -22.7778            -72.0311            5.82295             86.9123             -47.4478            
0.410367            30208               419.525             -27.7805            -70.6019            13.9328             111.004             -53.7628            
0.413845            30464               421.823             -33.251             -46.6891            20.3942             91.2073             -83.7986            
0.417322            30720               434.233             -31.2225            -39.9619            23.5358             89.3781             -91.7026            
0.4208              30976               443.25              -25.8967            -53.8006            23.8795             147.482             -83.1357            
0.424278            31232               443.306             -32.303             -43.7577            30.182              110.63              -90.1396            
0.427755            31488               430.848             -32.1368            -18.9279            33.0403             32.1675             -79.318             
0.431233            31744               438.628             -35.793             -12.7809            37.6072             11.3633             -86.41              
0.434711            32000               449.229             -30.5638            -2.97021            23.0524             17.0989             -58.0576            
0.438188            32256               446.454             -33.224             10.164              16.796              -33.0496            -72.965             
0.441666            32512               440.748             -28.7366            31.1382             20.287              -86.9156            -68.3928            
0.445144            32768               441.398             -9.50121            17.276              3.1142              -49.4357            -47.3386            
0.448622            33024               451.609             -3.99438            -2.22203            -1.08618            15.2996             -36.5573            
0.452099            33280               455.891             2.1267              4.74433             1.32628             -37.8949            -35.6943            
0.455577            33536               435.484             -2.2753             -19.1522            13.4314             5.46611             -39.4073            
0.459055            33792               452.554             -8.83783            -28.1817            21.676              36.3561             -52.7984            
0.462532            34048               463.06              -2.04899            -12.1996            12.3299             30.8805             -15.4413            
0.46601             34304               462.695             -7.99142            -12.384             9.38806             24.429              -1.67032            
0.469488            34560               457.945             -15.8862            -19.0859            24.8503             19.2499             -19.5473            
0.472965            34816               459.697             -13.7033            -13.7               24.0229             1.68651             -20.4444            
0.476443            35072               450.141             -8.15008            -3.20146            15.6338             -37.0117            -26.3067            
0.479921            35328               437.938             -10.2404            2.00147             15.0433             -44.9488            -30.5865            
0.483398            35584               439.33              -18.6083            5.74313             32.9701             -38.518             -42.4784            
0.486876            35840               439.507             -16.6317            -3.33969            26.3308             -9.1715             -53.2058            
0.490354            36096               437.834             -10.3238            -21.1279            16.0465             26.5542             -38.3013            
0.493831            36352               453.047             -9.16844            -41.1796            14.274              80.8434             -55.4859            
0.497309            36608               470.289             -4.12284            -57.301             16.7161             98.1761             -54.2953            
0.500787            36864               482.681             -12.7518            -25.8905            17.4233             15.3959             -48.1838            
0.504265            37120               483.48              -23.6177            7.78359             27.0453             -45.4854            -65.6137            
0.507742            37376               465.359             -32.3428            15.1289             41.4577             -47.7683            -90.514             
0.51122             37632               455.689             -39.6671            -3.40287            41.0807             -49.9485            -83.8997            
0.514698            37888               442.656             -20.6289            -11.6371            15.3276             -44.3238            -55.2108            
0.518175            38144               447.794             -14.3281            -0.3676             10.5308             -28.3324            -57.4149            
0.521653            38400               449.995             -20.5788            15.0424             17.2714             -66.6145            -59.2635            
0.525131            38656               447.03              -24.7833            24.8164             27.8619             -85.9               -53.8092            
0.528608            38912               444.698             -21.6839            5.47884             18.983              -45.6148            -53.5773            
0.532086            39168               455.393             -21.8346            -14.6618            31.3731             28.6802             -67.4268            
0.535564            39424               458.64              -7.44063            -25.3387            15.5118             50.9661             -27.5105            
0.539041            39680               438.537             -11.5406            -24.7594            24.7573             5.04587             -43.708             
0.542519            39936               423.51              -31.4144            -47.356             56.6676             36.9813             -91.6656            
0.545997            40192               442.561             -19.8241            -57.712             46.6426             69.9411             -57.8146            
0.549474            40448               449.602             -16.5897            -27.4299            31.0325             7.94162             -53.0572            
0.552952            40704               443.159             -10.7069            -7.05222            20.0197             -17.5211            -53.0715            
0.55643             40960               449.06              -14.1527            -29.3486            21.6544             56.9521             -44.7488            
0.559907            41216               436.929             -33.6266            -58.8665            43.0919             76.0511             -61.113             
0.563385            41472               437.526             -18.5015            -38.9723            23.5235             3.97913             -58.7544            
0.566863            41728               439.292             -21.2381            -1.1164             33.7051             -73.6716            -66.0056            
0.570341            41984               456.278             -22.7619            -10.7107            30.0121             -15.5141            -73.1995            
0.573818            42240               458.965             -19.7823            -53.0438            24.7201             117.283             -54.3638            
0.577296            42496               447.036             -21.184             -35.0754            26.1807             101.41              -64.1599            
0.580774            42752               449.643             -20.1304            -0.266616           24.3666             26.5892             -79.2532            
0.584251            43008               459.179             -13.8495            -8.46856            18.6207             43.2223             -54.3754            
0.587729            43264               457.742             -8.28154            -37.645             20.9513             112.63              -44.4657            
0.591207            43520               448.404             -12.0866            -30.9484            27.9913             91.0611             -68.0548            
0.594684            43776               449.006             -20.4866            -11.3517            40.2558             58.0331             -69.0974            
0.598162            44032               456.486             -22.0257            -7.22546            37.4798             65.956              -55.9378            
0.60164             44288               458.251             -14.0153            -23.0729            18.6192             112.033             -33.4818            
0.605117            44544               447.304             -33.2123            -39.1221            31.025              126.083             -54.4872            
0.608595            44800               449.059             -40.1383            -42.9224            27.834              103.152             -69.0839            
0.612073            45056               441.755             -26.3579            -54.3135            15.866              116.265             -57.204             
0.61555             45312               445.148             -20.5163            -8.47175            10.1594             -3.80263            -39.8864            
0.619028            45568               433.815             -13.8771            -2.31223            10.8277             -33.5431            -44.2092            
0.622506            45824               453.445             -20.5265            -11.8753            21.099              -11.2678            -53.9057            
0.625984            46080               465.337             -18.0147            -17.5589            28.8614             22.7178             -72.0208            
0.629461            46336               463.408             -18.9766            -37.9068            35.8652             88.6507             -62.0595            
0.632939            46592               458.483             -19.2021            -28.9616            27.9553             65.1535             -75.5729            
0.636417            46848               441.161             -10.4921            -1.85536            31.4                -29.5772            -56.3678            
0.639894            47104               452.751             -19.3841            9.23728             29.7906             -29.7842            -61.7399            
0.643372            47360               444.731             -27.0199            -0.0210965          29.9768             12.6167             -73                 
0.64685             47616               442.006             -21.2834            -1.60702            21.4714             4.3692              -45.5157            
0.650327            47872               437.232             -18.0969            -10.1849            18.5366             -0.907044           -28.1497            
0.653805            48128               454.232             -26.8544            -27.1791            20.5184             58.9901             -36.6957            
0.657283            48384               458.581             -15.6838            -5.50874            19.0723             -1.24198            -30.474             
0.66076             48640               462.703             -0.0276433          26.7596             -4.5786             -60.4721            6.84478             
0.664238            48896               454.613             -14.5558            50.1245             -1.12236            -105.073            -6.89792            
0.667716            49152               442.828             -15.4673            46.8149             12.1379             -152.631            -26.1945            
0.671193            49408               439.27              -18.9943            4.44085             17.8346             -110.184            -37.314             
0.674671            49664               438.46              -20.3677            37.7818             21.6551             -154.623            -55.8262            
0.678149            49920               428.182             -23.9309            38.5218             35.4524             -144.694            -66.0139            
0.681626            50176               430.87              -25.7284            -0.280591           39.7376             -62.7383            -69.9375            
0.685104            50432               429.332             -27.5681            -8.13357            47.1513             -48.9708            -60.9815            
0.688582            50688               421.153             -22.5996            15.2176             41.4505             -124.571            -32.7821            
0.69206             50944               434.328             -22.3999            25.4734             36.6019             -144.679            -44.7256            
0.695537            51200               453.552             -5.47597            14.1336             18.3575             -94.4543            -37.5441            
0.699015            51456               454.17              -6.26158            4.56733             22.9288             -46.4526            -37.4733            
0.702493            51712               451.808             -19.4261            5.89136             36.3518             -35.3072            -68.102             
0.70597             51968               438.106             -25.8584            18.6853             34.7199             -103.713            -83.1162            
0.709448            52224               429.011             -29.97              18.9413             24.8798             -105.026            -68.4592            
0.712926            52480               430.886             -42.0934            36.9247             41.2036             -148.459            -94.9459            
0.716403            52736               439.132             -50.3331            -11.9211            49.2988             -41.7419            -110.718            
0.719881            52992               434.56              -45.5957            -46.0904            32.7502             8.43862             -104.002            
0.723359            53248               442.665             -38.2662            -34.1176            33.5978             -10.4466            -81.1351            
0.726836            53504               453.4               -47.1707            -0.270034           43.9862             -46.1488            -97.7753            
0.730314            53760               447.742             -34.1558            25.7643             31.9081             -84.8753            -84.3775            
0.733792            54016               447.097             -37.1286            30.555              29.2263             -75.1813            -110.591            
0.73727             54272               454.89              -63.6031            29.2754             50.491              -78.1925            -146.759            
0.740747            54528               468.109             -64.0932            49.8976             54.6244             -123.704            -178.311            
0.744225            54784               472.936             -55.0038            66.5307             47.35               -154.584            -148.71             
0.747703            55040               468.551             -56.0798            30.727              52.2703             -112.356            -168.797            
0.75118             55296               460.477             -61.2714            15.5023             53.9782             -75.3158            -172.294            
0.754658            55552               464.094             -64.2223            10.0902             57.8875             -30.9068            -191.006            
0.758136            55808               463.188             -59.2564            6.67871             53.2437             -44.2586            -173.085            
0.761613            56064               441.476             -64.328             3.69769             58.0383             -75.2594            -181.086            
0.765091            56320               429.076             -57.8981            18.562              66.5288             -90.0379            -169.662            
0.768569            56576               440.392             -44.5221            13.6353             53.0924             -51.8902            -146.865            
0.772046            56832               444.834             -49.2859            8.97711             54.0722             -50.2891            -131.658            
0.775524            57088               448.015             -31.8202            14.5776             37.4638             -77.2446            -88.66              
0.779002            57344               446.315             -45.7517            8.39263             50.1782             -42.5783            -119.004            
0.782479            57600               448.139             -31.1073            19.0227             37.9088             -78.4713            -78.5358            
0.785957            57856               451.926             -26.2143            48.6235             24.982              -135.603            -78.5797            
0.789435            58112               443.602             -12.2227            71.2284             25.1823             -191.995            -52.6974            
0.792912            58368               456.134             -27.7063            60.735              41.9654             -187.87             -69.1162            
0.79639             58624               439.553             -26.3365            48.3697             38.9364             -194.164            -67.8543            
0.799868            58880               436.102             -22.6972            9.93028             27.7054             -111.1              -71.1625            
0.803346            59136               445.546             -19.3552            18.1837             27.7645             -109.664            -62.4153            
0.806823            59392               454.763             -39.0002            27.5323             40.0292             -102.125            -107.611            
0.810301            59648               464.791             -36.5384            28.1429             39.3093             -57.2635            -86.9243            
0.813779            59904               456.295             -29.6412            23.6558             29.5132             -74.5417            -59.7863            
0.817256            60160               444.631             -16.6337            18.8239             9.98269             -89.7448            -21.9513            
0.820734            60416               440.384             -31                 22.3542             28.6709             -133.794            -57.664             
0.824212            60672               431.255             -43.8743            5.9419              45.3945             -93.2764            -90.7599            
0.827689            60928               434.173             -20.6415            -13.4625            18.1814             -19.3464            -64.1165            
0.831167            61184               437.52              -20.5616            2.64613             27.2227             -30.5536            -65.4665            
0.834645            61440               446.936             -9.30766            -3.35638            15.1889             -12.42              -43.9315            
0.838122            61696               454.596             -6.22776            -5.93597            13.2936             -13.6261            -47.7707            
0.8416              61952               454.755             -20.239             -21.5858            21.8813             -10.2261            -82.0237            
0.845078            62208               460.692             -23.2748            -20.2329            32.2941             0.614742            -58.722             
0.848555            62464               448.71              -36.7171            -25.1029            42.7164             5.20525             -87.3335            
0.852033            62720               451.82              -27.1951            -26.6898            42.6659             5.1314              -90.1915            
0.855511            62976               458.816             -23.5153            -15.5643            45.7187             -35.6464            -67.8379            
0.858989            63232               457.853             -13.0428            -15.02              30.7337             -44.8402            -56.1337            
0.862466            63488               455.129             -29.2815            -37.2856            34.7352             -3.19926            -50.7273            
0.865944            63744               455.946             -43.8316            11.6056             47.253              -69.3699            -64.0206            
0.869422            64000               457.082             -35.8745            46.6528             30.9466             -99.4219            -52.6752            
0.872899            64256               454.283             -32.6729            42.6242             34.414              -98.9315            -40.7184            
0.876377            64512               468.768             -15.7803            36.1733             16.9369             -90.4404            -15.2448            
0.879855            64768               470.134             -19.8861            47.4321             24.6077             -97.6099            -43.2394            
0.883332            65024               474.073             -34.1844            84.5559             39.5675             -173.791            -61.5422            
0.88681             65280               454.121             -24.4697            94.1435             28.3047             -208.639            -61.6962            
0.890288            65536               447.24              -39.6156            80.8268             44.417              -212.941            -95.2028            
0.893765            65792               462.461             -45.4623            52.3668             54.3927             -181.994            -104.079            
0.897243            66048               466.04              -39.3066            49.1269             49.6699             -182.011            -110.231            
0.900721            66304               447.61              -36.8271            79.8407             49.6508             -281.061            -116.275            
0.904198            66560               453.859             -34.7088            98.1152             46.0405             -297.862            -110.115            
0.907676            66816               440.727             -33.3758            111.188             42.105              -330.72             -103.525            
0.911154            67072               440.001             -48.5596            86.3215             65.6468             -307.658            -126.755            
0.914631            67328               443.299             -44.3268            62.4914             63.0322             -255.532            -112.29             
0.918109            67584               449.818             -17.1297            72.6801             29.903              -233.085            -68.2829            
0.921587            67840               444.63              -28.5695            94.6948             44.918              -253.93             -111.247            
0.925065            68096               451.037             -23.6025            84.1561             49.9637             -231.242            -113.931            
0.928542            68352               441.764             -38.2349            53.2037             58.1655             -215.742            -140.519            
0.93202             68608               439.282             -54.0491            42.8084             61.5557             -197.465            -136.373            
0.935498            68864               436.545             -52.5622            52.0024             52.3798             -243.914            -142.522            
0.938975            69120               432.578             -47.8607            39.722              37.2352             -231.672            -113.995            
0.942453            69376               431.42              -66.7802            32.2609             58.2725             -226.014            -144.41             
0.945931            69632               460.648             -69.5814            56.0455             65.9068             -238.562            -151.571            
0.949408            69888               466.276             -47.9409            74.0517             63.6987             -254.468            -119.402            
0.952886            70144               467.511             -53.7564            93.8963             74.1512             -266.493            -132.462            
0.956364            70400               472.371             -49.8325            98.1085             63.2587             -258.556            -128.38             
0.959841            70656               460.96              -48.8585            84.7468             61.0952             -249.488            -122.22             
0.963319            70912               486.636             -50.0618            73.6193             60.1805             -213.213            -141.066            
0.966797            71168               485.407             -52.5617            63.5993             70.9142             -186.886            -138.162            
0.970275            71424               485.796             -53.5491            71.2934             71.3608             -224.119            -147.573            
0.973752            71680               485.415             -34.661             91.2402             46.5192             -258.142            -109.888            
0.97723             71936               478.281             -40.2308            63.3615             61.5299             -208.389            -115.977            
0.980708            72192               472.913             -49.4656            34.4328             57.6892             -89.8263            -124.066            
0.984185            72448               468.833             -48.0256            13.8468             60.4452             -42.533             -137.554            
0.987663            72704               460.26              -39.072             15.9703             50.4491             -52.144             -127.062            
0.991141            72960               474.045             -50.1759            50.1654             61.2586             -128.865            -134.763            
0.994618            73216               472.854             -56.6689            76.9519             68.4648             -202.491            -149.291            
0.998096            73472               485.779             -50.5636            60.7813             57.1076             -151.403            -131.906            
1.00157             73728               476.748             -54.2454            36.3382             57.7863             -96.5997            -148.005            
1.00505             73984               463.854             -58.6446            26.898              71.8987             -104.618            -135.116            
1.00853             74240               460.446             -63.7868            48.5443             74.209              -172.462            -155.229            
1.01201             74496               458.76              -76.2635            79.6386             85.8131             -217.656            -185.44             
1.01548             74752               469.993             -60.8202            60.6627             68.6529             -142.574            -163.487            
1.01896             75008               474.406             -54.0444            25.387              56.5244             -105.714            -143.042            
1.02244             75264               462.541             -59.8641            8.87699             63.0253             -121.4              -150.689            
1.02592             75520               454.595             -51.4805            41.0406             57.0541             -145.632            -137.44             
1.0294              75776               457.109             -70.7985            50.7398             77.0933             -171.393            -181.821            
1.03287             76032               473.254             -75.2001            19.935              88.0881             -106.018            -171.913            
1.03635             76288               467.677             -65.0854            20.0299             75.4433             -70.0872            -167.602            
1.03983             76544               478.195             -59.193             36.4429             81.521              -112.304            -177.16             
1.04331             76800               474.216             -57.5236            41.5858             71.5663             -174.142            -164.817            
1.04678             77056               457.67              -65.8216            32.9404             80.7773             -188.796            -170.876            
1.05026             77312               467.399             -56.1774            49.851              75.012              -170.558            -166.355            
1.05374             77568               468.011             -48.7242            35.9232             64.9117             -118.951            -139.46             
1.05722             77824               473.437             -59.19              41.3326             73.5505             -96.4756            -145.963            
1.06069             78080               467.354             -66.9786            40.5257             78.2393             -118.482            -169.142            
1.06417             78336               461.168             -59.9817            40.3562             71.4268             -143.444            -162.248            
1.06765             78592               473.879             -66.5943            45.913              84.6151             -104.638            -170.083            
1.07113             78848               484.843             -53.2036            26.0879             63.9994             -38.5297            -160.247            
1.07461             79104               491.338             -53.9558            17.4839             71.2809             -47.407             -171.347            
1.07808             79360               471.832             -59.1298            0.390731            73.8361             -26.2304            -183.074            
1.08156             79616               462.894             -55.805             -6.33388            63.2261             -22.2138            -157.925            
1.08504             79872               449.005             -70.5679            -27.9461            72.8083             3.50676             -177.41             
1.08852             80128               463.154             -69.0837            -35.7789            71.0396             23.3181             -171.655            
1.09199             80384               463.779             -77.1481            -45.6306            69.3979             47.2748             -201.256            
1.09547             80640               469.231             -78.3363            -54.1756            79.7299             86.1707             -199.509            
1.09895             80896               473.263             -85.2947            -36.1434            88.3258             100.936             -224.912            
1.10243             81152               489.116             -72.275             -5.44381            77.1273             65.6892             -193.674            
1.1059              81408               493.654             -84.2356            -14.67              106.379             69.6265             -238.063            
1.10938             81664               490.505             -72.185             -26.1568            88.4606             76.3172             -214.019            
1.11286             81920               505.218             -67.0538            -23.6695            84.7789             98.1434             -204.012            
1.11634             82176               497.322             -82.3597            3.7726              93.2498             15.4678             -227.027            
1.11981             82432               469.174             -89.6497            10.1596             99.0745             -35.4196            -251.337            
1.12329             82688               463.384             -103.273            -22.4614            111.113             15.3216             -252.85             
1.12677             82944               465.736             -99.3703            -11.9353            104.524             20.4559             -248.028            
1.13025             83200               459.684             -95.3719            17.1489             91.0382             -20.5154            -244.975            
1.13373             83456               451.352             -92.6062            -27.0952            98.3353             57.672              -262.249            
1.1372              83712               465.35              -75.076             -34.501             100.524             65.9522             -229.629            
1.14068             83968               442.925             -64.6429            -7.09858            78.1438             -35.6773            -219.527            
1.14416             84224               441.454             -70.5891            -4.7783             77.5257             -44.0155            -246.572            
1.14764             84480               454.223             -71.3039            -20.0864            87.7182             -16.8272            -226.895            
1.15111             84736               463.821             -82.3458            -13.9888            105.239             -26.8713            -229.809            
1.15459             84992               457.745             -98.9486            10.3196             110.348             -91.5131            -244.535            
1.15807             85248               440.697             -88.3457            9.95001             103.56              -142.903            -227.947            
1.16155             85504               465.142             -83.9576            10.8388             92.677              -117.113            -228.27             
1.16502             85760               468.564             -92.1656            6.80676             114.395             -69.3072            -252.267            
1.1685              86016               478.646             -84.2166            22.3746             97.2745             -94.0589            -244.444            
1.17198             86272               484.216             -86.5393            44.5384             98.8208             -153.737            -255.553            
1.17546             86528               493.958             -104.321            48.5222             119.37              -159.889            -281.108            
1.17894             86784               487.472             -103.455            45.9277             120.033             -172.456            -287.769            
1.18241             87040               483.749             -91.9518            45.773              101.846             -157.386            -257.85             
1.18589             87296               479.163             -82.9492            41.9574             89.2626             -119.39             -233.529            
1.18937             87552               467.969             -104.789            29.1105             112.16              -126.273            -288.518            
1.19285             87808               454.375             -101.069            -1.75606            105.155             -70.8453            -274.46             
1.19632             88064               440.251             -93.6039            -15.5156            91.3948             -45.3588            -241.636            
1.1998              88320               454.772             -88.4349            -21.2878            83.5228             -0.84666            -226.343            
1.20328             88576               438.455             -77.8841            -12.7199            75.4987             -14.8587            -213.55             
1.20676             88832               432.397             -61.8088            -7.31248            60.0066             -56.8484            -177.937            
1.21023             89088               433.458             -61.9987            -30.4361            65.8332             14.5851             -170.187            
1.21371             89344               440.363             -56.2231            -64.5022            63.2359             133.424             -179.788            
1.21719             89600               439.953             -51.2758            -79.8487            67.9714             171.221             -172.276            
1.22067             89856               442.139             -32.9995            -89.7117            50.8548             164.644             -148.333            
1.22415             90112               442.742             -46.3089            -66.0545            63.9643             142.622             -137.165            
1.22762             90368               448.487             -54.9418            -54.8891            65.8746             123.985             -129.081            
1.2311              90624               452.503             -53.3432            -58.5785            67.1802             137.144             -134.251            
1.23458             90880               453.02              -52.5142            -34.1846            68.0303             62.8843             -127.356            
1.23806             91136               443.817             -34.5242            -34.4816            45.6419             58.3244             -85.3882            
1.24153             91392               435.596             -37.5527            -13.6553            44.739              41.492              -88.686             
1.24501             91648               437.856             -41.4529            -7.80099            47.6777             28.6601             -106.441            
1.24849             91904               431.702             -32.5285            -13.534             45.4359             19.409              -79.2775            
1.25197             92160               447.506             -41.129             3.45965             53.1918             1.07877             -95.6202            
1.25544             92416               465.217             -40.9679            25.8446             57.6186             -36.1391            -100.007            
1.25892             92672               477.44              -45.8507            8.08646             53.7654             -13.7059            -109.983            
1.2624              92928               470.173             -37.7803            24.4154             36.6669             -79.3362            -79.0624            
1.26588             93184               473.693             -30.1759            59.3038             23.3488             -142.251            -55.0651            
1.26936             93440               460.039             -33.3086            51.0908             29.3018             -157.793            -80.7858            
1.27283             93696               449.95              -47.5222            12.5007             57.1684             -85.0496            -116.823            
1.27631             93952               459.794             -33.3991            18.0447             35.5091             -117.461            -87.3629            
1.27979             94208               454.503             -37.7902            34.1718             46.0743             -124.366            -105.264            
1.28327             94464               459.742             -41.7757            29.2399             36.6264             -117.387            -104.509            
1.28674             94720               445.641             -34.351             40.8646             35.7303             -177.857            -78.8515            
1.29022             94976               444.3               -31.5098            34.4002             35.9455             -143.437            -67.8181            
1.2937              95232               443.88              -22.5859            13.3196             17.5023             -93.3217            -50.1292            
1.29718             95488               450.961             -17.4427            -9.87537            20.6042             -51.9057            -40.1048            
1.30065             95744               454.678             -0.93414            11.3503             13.4998             -126.538            -1.8547             
1.30413             96000               470.482             -2.42293            35.4788             14.2792             -166.713            -7.77614            
1.30761             96256               482.551             -4.32748            47.9928             18.5976             -162.446            -5.09228            
1.31109             96512               472.531             3.90333             47.29               19.6098             -178.588            -12.0671            
1.31457             96768               458.568             -17.3866            50.0542             29.2587             -210.7              -68.7465            
1.31804             97024               463.718             -14.1327            49.6524             23.015              -205.478            -58.3624            
1.32152             97280               454.462             -7.80789            24.7202             19.4746             -153.038            -42.7109            
1.325               97536               441.303             -0.482188           -2.30914            7.40738             -74.0607            -17.4424            
1.32848             97792               448.225             -4.55039            -10.0928            2.83463             -20.7078            -27.3793            
1.33195             98048               450.562             -13.0109            -12.6486            14.116              27.3278             -55.8638            
1.33543             98304               460.844             -17.3394            1.27533             21.5634             16.2539             -60.4111            
1.33891             98560               476.653             -21.0629            -0.66045            34.33               9.41123             -29.033             
1.34239             98816               468.048             -23.2638            -13.0785            29.5033             26.902              -41.8896            
1.34586             99072               468.268             -6.51291            -33.9295            5.12484             77.0269             6.82378             
1.34934             99328               473.632             -10.0262            -56.8803            5.45295             118.041             2.91124             
1.35282             99584               470.599             -8.9205             -37.0078            2.05484             73.5996             0.922301            
1.3563              99840               453.436             -22.8808            -38.2847            25.5653             58.1874             -28.1081            
1.35978             100096              444.316             -15.1074            -47.1922            16.8298             63.0912             -18.7458            
1.36325             100352              435.193             -23.6892            -25.1502            31.1163             14.7324             -48.114             
1.36673             100608              431.175             -8.1154             1.14991             18.9467             -16.7274            -16.4781            
1.37021             100864              418.69              -18.4856            -30.9124            27.2031             67.1946             -40.7847            
1.37369             101120              431.376             -22.921             -61.0366            15.1522             144.313             -59.7267            
1.37716             101376              433.987             -22.7477            -42.4256            18.4241             66.6169             -59.055             
1.38064             101632              449.243             -23.5724            -28.0715            22.7676             74.1957             -59.0843            
1.38412             101888              464.403             -5.48413            -33.9429            2.94197             104.731             -37.3991            
1.3876              102144              458.385             2.65092             -27.1769            -2.97554            72.7921             -5.96002            
1.39107             102400              454.394             3.07031             -27.4642            5.50515             82.8087             -5.96153            
1.39455             102656              442.908             1.5557              -43.1313            8.23088             113.866             10.2995             
1.39803             102912              428.322             -4.85702            -28.4559            8.30075             55.9486             6.11468             
1.40151             103168              434.445             -1.34124            -34.5719            8.5748              25.8569             -5.21566            
1.40499             103424              433.108             -5.31167            -48.8419            15.1131             89.5991             -4.98104            
1.40846             103680              430.196             6.1569              -47.0003            -0.114607           96.0066             35.0606             
1.41194             103936              425.165             6.97476             -29.351             -1.51412            59.5664             27.235              
1.41542             104192              420.195             2.8406              -38.0309            0.362892            111.746             12.8057             
1.4189              104448              419.576             -8.52386            -58.3259            15.0074             142.056             5.90818             
1.42237             104704              420.189             10.2873             -70.9149            -12.0639            130.94              46.2912             
1.42585             104960              420.525             12.1963             -64.5104            -19.4811            139.071             35.8033             
1.42933             105216              436.756             3.95639             -66.9015            -7.31995            133.026             28.2591             
1.43281             105472              442.977             -7.52521            -70.8965            4.23161             166.321             3.23795             
1.43628             105728              436.366             -2.79332            -48.1531            1.09877             151.442             3.0391              
1.43976             105984              436.08              9.92559             -30.1641            -17.0491            64.2409             21.2188             
1.44324             106240              430.155             4.99705             -57.0501            -8.98948            51.0025             1.29022             
1.44672             106496              437.595             10.4759             -78.7816            -9.22027            141.484             22.8743             
1.4502              106752              433.707             6.23135             -87.4556            -3.3208             178.841             18.3565             
1.45367             107008              431.025             0.610942            -106.216            10.7574             187.008             -6.26174            
1.45715             107264              443.478             4.77428             -86.0306            5.63686             138.066             -3.41443            
1.46063             107520              446.645             12.9                -47.2282            -3.01189            57.5706             10.6224             
1.46411             107776              455.048             5.78573             -41.6153            2.45381             76.068              10.9589             
1.46758             108032              447.162             -17.2673            -64.0486            24.3813             85.5951             -29.789             
1.47106             108288              438.32              -29.7542            -75.4249            33.6618             104.301             -49.3849            
1.47454             108544              439.516             -20.6086            -93.8829            36.3263             152.615             -59.9412            
1.47802             108800              438.575             -15.2879            -89.8494            30.8488             138.747             -52.4352            
1.48149             109056              436.055             -12.7127            -86.6278            29.2568             154.709             -39.2973            
1.48497             109312              441.848             -27.0145            -107.613            28.3924             174.851             -36.7388            
1.48845             109568              465.126             -1.07808            -104.54             -7.31946            225.339             -16.2935            
1.49193             109824              467.639             -15.0378            -92.1351            8.84852             229.167             -66.0764            
1.49541             110080              460.586             -12.098             -76.0905            12.4217             187.767             -57.4304            
1.49888             110336              447.152             -17.8956            -86.65              15.4624             223.052             -56.2392            
1.50236             110592              451.043             -6.43404            -53.5171            5.77848             153.648             -27.7329            
1.50584             110848              441.667             -20.0215            -51.3964            19.053              123.695             -47.8051            
1.50932             111104              441.233             -14.6425            -47.2837            8.61391             143.441             -39.8183            
1.51279             111360              440.075             -23.0569            -66.5247            11.9407             167.869             -70.2605            
1.51627             111616              452.281             -22.0231            -82.4598            16.2501             201.164             -55.3993            
1.51975             111872              453.373             -28.4835            -105.528            29.0914             252.923             -71.5091            
1.52323             112128              436.512             -14.2598            -98.1822            17.6995             199.826             -23.9368            
1.5267              112384              438.86              12.402              -53.9456            -2.36634            92.5032             36.4914             
1.53018             112640              448.978             11.7739             -22.8045            -1.27657            67.6469             29.8789             
1.53366             112896              458.036             17.5777             -35.6873            -5.98892            115.79              47.6892             
1.53714             113152              431.823             5.54985             -61.2668            -5.11093            124.412             21.0898             
1.54062             113408              447.036             18.9956             -63.7856            -23.2723            161.221             56.2952             
1.54409             113664              435.963             5.92404             -67.9728            -13.3412            151.284             54.632              
1.54757             113920              436.546             20.043              -73.4379            -24.6453            157.982             79.9867             
1.55105             114176              442.784             12.3211             -65.2408            -15.9966            143.958             77.9392             
1.55453             114432              464.63              17.0297             -58.809             -10.6228            139.148             84.14               
1.558               114688              465.22              28.6571             -42.6482            -14.4225            131.444             82.1814             
1.56148             114944              456.425             19.7807             -27.2638            -0.420431           83.4816             59.7111             
1.56496             115200              453.076             16.5285             -2.62113            9.4463              19.22               30.0576             
1.56844             115456              443.573             6.98042             -29.1457            -3.09048            71.1571             34.3142             
1.57191             115712              446.974             9.4606              -60.1372            -0.48544            120.176             62.335              
1.57539             115968              441.307             7.61908             -84.3049            -7.07701            147.52              76.3755             
1.57887             116224              426.05              20.8599             -69.9113            -28.3928            109.963             86.7405             
1.58235             116480              424.641             16.3746             -44.3622            -18.6474            46.2116             69.6606             
1.58582             116736              440.625             10.7454             -44.5449            -8.60948            58.1116             36.4704             
1.5893              116992              459.935             -3.81593            -79.9424            1.94389             132.251             -0.736176           
1.59278             117248              479.949             -4.12962            -55.2136            2.93241             106.759             -14.9989            
1.59626             117504              474.287             14.8207             -4.55175            -21.7805            13.6008             29.3864             
1.59974             117760              472.122             24.0362             29.4776             -27.0407            -66.0064            37.7123             
1.60321             118016              458.179             19.3467             0.838114            -16.5402            -4.6282             49.2793             
1.60669             118272              451.313             1.50849             -47.7519            -4.47148            85.7975             1.98911             
1.61017             118528              436.733             24.9986             -70.8029            -26.4195            140.502             44.6422             
1.61365             118784              421.814             28.5444             -77.459             -30.8138            143.988             63.1838             
1.61712             119040              429.147             19.9547             -92.9396            -21.8324            158.129             48.7431             
1.6206              119296              446.895             14.5866             -112.372            -3.1557             237.275             38.6161             
1.62408             119552              458.381             19.4836             -98.7156            -14.2669            243.782             72.9771             
1.62756             119808              465.053             16.567              -55.2565            -4.93395            144.382             49.8012             
1.63103             120064              461.094             6.10738             -49.5251            -2.89515            153.646             23.3964             
1.63451             120320              454.442             11.4379             -55.8715            -11.2391            175.881             53.18               
1.63799             120576              446.864             21.9884             -55.29              -20.8992            145.117             80.9618             
1.64147             120832              440.785             33.632              -71.3128            -36.6295            146.083             101.92              
1.64495             121088              448.635             37.4154             -26.806             -38.8056            54.1567             109.515             
1.64842             121344              455.671             25.9056             -11.0456            -19.8505            24.5974             112.903             
1.6519              121600              448.153             22.2085             -26.6645            -24.4596            59.0217             88.0279             
1.65538             121856              447.657             26.861              -60.2233            -28.1245            141.864             110.927             
1.65886             122112              450.541             31.7416             -47.8277            -32.9959            112.538             101.25              
1.66233             122368              440.888             14.38               -51.7907            -17.4907            60.0961             73.8236             
1.66581             122624              444.399             7.00208             -44.1486            -6.21243            47.9093             59.2732             
1.66929             122880              437.36              9.07246             -36.9689            -6.42741            39.2166             61.4335             
1.67277             123136              432.521             30.7909             -28.7971            -28.1646            10.183              97.6788             
1.67624             123392              443.333             19.8672             -12.3297            -12.624             -9.89685            66.5938             
1.67972             123648              434.373             30.2557             -22.6558            -27.6697            19.686              93.1858             
1.6832              123904              426.482             24.0271             -44.4589            -17.5809            72.6968             83.7318             
1.68668             124160              421.232             19.2766             -40.4923            -23.2956            25.1073             68.377              
1.69016             124416              436.574             16.5275             -40.3987            -14.6233            22.9491             56.0059             
1.69363             124672              451.418             23.8646             -50.064             -18.5026            29.1429             63.4075             
1.69711             124928              473.971             22.7139             -48.1792            -18.4755            62.6916             54.737              
1.70059             125184              471.525             39.8524             -25.6428            -38.3466            56.4881             95.7767             
1.70407             125440              460.655             9.69458             -9.73911            -0.286598           -4.99885            41.5665             
1.70754             125696              447.988             6.58053             -6.41601            4.55907             -49.8361            47.4245             
1.71102             125952              426.24              -3.82715            -14.2569            14.6342             2.65288             26.8346             
1.7145              126208              418.367             4.20143             -26.3814            -2.54786            37.4757             24.8629             
1.71798             126464              427.703             5.06106             -35.1355            -7.95717            61.8088             17.37               
1.72145             126720              434.937             17.6289             -33.8797            -13.7962            35.4619             48.3137             
1.72493             126976              450.981             13.5733             -57.647             -11.4403            87.3859             58.084              
1.72841             127232              467.078             -3.14974            -60.855             9.05833             119.473             7.89497             
1.73189             127488              475.54              -0.780389           -96.7391            5.56279             188.669             -18.1309            
1.73537             127744              472.268             -7.57798            -76.8953            2.70595             174.069             -22.7337            
1.73884             128000              476.035             1.00689             -13.2495            -6.15211            74.3862             -17.2177            
1.74232             128256              468.154             -12.3228            1.63747             7.21803             29.0685             -19.156             
1.7458              128512              457.43              -19.3479            -23.0738            10.4602             41.6026             -40.0989            
1.74928             128768              453.031             -13.757             -36.7743            23.3006             42.3827             -37.3956            
1.75275             129024              446.889             -15.4483            -27.489             23.1139             23.1074             -60.347             
1.75623             129280              449.484             -25.522             -43.0136            23.9854             75.9555             -63.9344            
1.75971             129536              436.116             -25.8803            -55.1316            23.093              80.8571             -49.5405            
1.76319             129792              441.097             -22.0216            -79.6508            17.1424             132.7               -15.0985            
1.76666             130048              433.783             -3.64912            -79.8728            0.109243            122.493             12.5528             
1.77014             130304              441.652             -13.1342            -66.9906            21.8811             144.876             10.647              
1.77362             130560              453.906             -18.5308            -77.979             29.2387             152.281             -15.295             
1.7771              130816              451.424             -13.3669            -77.7503            21.464              124.69              -4.21379            
1.78058             131072              441.655             -2.16083            -56.6307            5.23934             125.729             6.30131             
1.78405             131328              435.786             0.988256            -41.6997            1.89434             99.4248             26.0762             
1.78753             131584              431.319             -10.0066            -74.0171            17.5855             127.47              6.07627             
1.79101             131840              422.993             -2.07559            -96.0421            2.11827             135.117             12.5994             
1.79449             132096              429.075             0.555302            -80.6459            -4.08274            116.292             17.6149             
1.79796             132352              439.391             -7.69792            -53.0787            16.6488             90.7575             -17.2411            
1.80144             132608              439.99              -5.64141            -32.7541            15.3392             65.8632             -27.4615            
1.80492             132864              436.87              -13.7342            -56.9765            18.712              102.307             -32.0653            
1.8084              133120              435.989             -13.0569            -87.364             18.8951             179.474             -36.807             
1.81187             133376              434.115             -6.0502             -95.1907            7.22992             223.038             -8.84211            
1.81535             133632              438.794             -10.7647            -67.5672            20.5738             158.725             -11.3609            
1.81883             133888              453.502             -15.8316            -56.2654            14.4591             139.879             -12.4155            
1.82231             134144              467.998             -27.5026            -20.27              24.2331             94.8676             -47.9723            
1.82579             134400              467.912             -9.33238            4.99266             4.7219              43.5746             -11.384             
1.82926             134656              470.567             -13.571             -5.32493            17.4656             67.4137             -37.7672            
1.83274             134912              474.087             -29.148             -29.8051            41.7492             89.2167             -80.477             
1.83622             135168              459.526             -34.2175            -39.857             39.2168             95.3896             -107.71             
1.8397              135424              451.775             -13.8853            -13.0606            24.2758             43.8013             -57.0295            
1.84317             135680              454.397             -1.19632            9.47318             -0.525279           11.6546             -26.1472            
1.84665             135936              449.867             -13.6602            -22.981             12.612              45.9985             -37.9809            
1.85013             136192              434.808             -23.4986            -47.8337            28.2158             76.1222             -75.4874            
1.85361             136448              430.818             -13.3731            -43.2472            16.0449             45.8336             -43.5765            
1.85708             136704              434.176             -19.7355            -22.6773            18.7285             -10.4346            -29.7843            
1.86056             136960              431.816             1.32986             -14.8197            -0.098744           -21.4885            8.91483             
1.86404             137216              436.625             4.07029             -13.0318            2.39604             -8.72876            -3.15934            
1.86752             137472              443.376             2.46181             -4.40399            2.99593             -25.2146            -20.1674            
1.871               137728              451.454             9.97695             -6.94195            -6.83487            1.12273             1.03571             
1.87447             137984              466.9               -11.9552            -39.939             25.4612             81.5603             -40.7163            
1.87795             138240              455.493             -16.9543            -50.7983            17.5844             62.1335             -26.9014            
1.88143             138496              467.095             1.76278             -36.2677            -1.1457             41.1745             -9.49348            
1.88491             138752              449.566             -9.88264            5.34131             6.56343             -57.6153            -37.2782            
1.88838             139008              459.664             -27.9436            33.3187             24.816              -119.877            -72.6821            
1.89186             139264              468.987             -33.6624            15.1212             33.2914             -50.4705            -93.388             
1.89534             139520              470.39              -33.345             -0.344532           30.1767             15.0128             -87.7832            
1.89882             139776              465.345             -22.9513            13.2661             16.666              -60.9586            -53.8038            
1.90229             140032              457.959             -21.9733            2.2302              20.8482             -28.3396            -45.6189            
1.90577             140288              458.206             -24.6431            -29.5405            17.4882             79.0698             -55.6374            
1.90925             140544              450.518             -31.7397            -30.6275            32.6575             61.9905             -92.3159            
1.91273             140800              443.099             -35.4732            -30.2848            29.461              63.8862             -96.6533            
1.91621             141056              446.098             -32.6457            -45.0892            22.2355             104.556             -76.3849            
1.91968             141312              448.478             -28.3172            -59.1174            19.5523             147.65              -58.3369            
1.92316             141568              458.229             -25.1502            -35.3096            11.905              109.995             -56.1215            
1.92664             141824              456.609             -19.2431            -44.3712            11.9969             73.089              -32.0125            
1.93012             142080              453.772             -4.76001            -54.1669            10.0164             63.5024             0.411431            
1.93359             142336              453.997             -5.571              -51.1055            10.8878             50.7842             -9.75647            
1.93707             142592              459.018             -5.73758            -44.9999            8.67211             68.7482             -6.25026            
1.94055             142848              454.822             14.8029             -10.3383            -22.5784            40.7655             40.039              
1.94403             143104              459.114             -7.83523            -17.2043            2.80273             36.482              0.436862            
1.9475              143360              459.349             -8.59844            -32.4744            5.59934             53.9306             -26.9807            
1.95098             143616              454.944             3.40027             -50.5726            -12.807             61.6298             30.4188             
1.95446             143872              453.416             -2.65706            -46.2507            -13.065             71.956              38.2686             
1.95794             144128              451.517             -1.67685            -36.6255            -15.2863            26.5692             46.7423             
1.96142             144384              453.883             1.75333             -25.6471            -10.654             -25.3564            47.6742             
1.96489             144640              447.135             3.92062             -6.75009            8.26015             -53.2414            38.2225             
1.96837             144896              451.726             27.4635             24.1385             -15.5664            -89.9177            57.9836             
1.97185             145152              469.922             9.01237             18.086              -2.42171            -45.1969            31.8848             
1.97533             145408              480.532             19.4317             17.7659             -10.3708            -57.5117            27.3461             
1.9788              145664              478.838             5.77785             17.4059             8.08906             -54.3064            9.9302              
1.98228             145920              449.404             -0.872137           20.6929             1.54526             -84.2135            17.522              
1.98576             146176              428.129             -8.65162            -20.4006            2.9012              -42.2128            -0.335349           
1.98924             146432              419.978             -16.3466            -48.1932            15.4482             -5.84539            -37.8742            
1.99271             146688              432.795             -22.8561            -51.9224            23.9164             19.22               -23.5496            
1.99619             146944              434.224             -12.0146            -15.5024            15.3985             -60.6443            3.97178             
1.99967             147200              446.786             -7.05252            -9.00432            2.49252             -40.1784            -2.86024            
