#Time               nTime               force-x             force-y             force-z             moment-x            moment-y            moment-z            
0                   0                   22.1972             2.65048             0.345572            -10.89              1746.88             32.7161             
0.00347769          256                 367.424             71.9337             -84.6275            -129.627            442.075             -94.9317            
0.00695537          512                 118.665             -63.4884            -75.7987            -37.9077            290.272             -292.821            
0.0104331           768                 -52.7468            -100.515            61.4209             111.894             -209.47             -258.085            
0.0139107           1024                19.9179             85.9274             27.8438             -15.1505            -71.4659            240.095             
0.0173884           1280                -29.1932            61.0758             -8.53171            -38.606             12.9278             210.45              
0.0208661           1536                4.35872             -23.1396            -15.7096            -2.37074            51.3739             -73.0836            
0.0243438           1792                4.29875             33.3883             -29.4967            -43.2914            92.7769             98.1281             
0.0278215           2048                3.73389             3.38584             5.17714             3.67978             -11.87              8.34811             
0.0312992           2304                6.2343              -10.8045            -3.19179            4.34854             14.6997             -35.8898            
0.0347769           2560                11.8673             -2.23909            -2.45019            0.454402            15.3891             -14.7574            
0.0382545           2816                5.82392             -15.8526            -5.97223            3.9778              22.9199             -51.5317            
0.0417322           3072                0.31913             -8.14196            -13.7734            -7.59734            43.5155             -23.9724            
0.0452099           3328                -2.92307            13.6025             -11.5764            -16.705             35.1837             44.1725             
0.0486876           3584                -4.66304            24.3313             -9.3898             -20.4247            27.8089             78.5137             
0.0521653           3840                -2.56109            17.704              -6.70528            -14.2227            20.8877             57.1445             
0.055643            4096                0.964184            8.6845              -6.83273            -9.14726            23.0737             27.1104             
0.0591207           4352                5.31185             2.57528             -6.964              -5.80347            25.5897             4.61562             
0.0625984           4608                5.2107              0.739369            -5.71523            -3.689              21.7033             -1.4749             
0.066076            4864                1.92458             7.9078              -6.25192            -7.88148            21.676              22.8217             
0.0695537           5120                0.611372            15.7416             -6.3878             -12.2445            21.4403             47.6861             
0.0730314           5376                2.15917             20.0375             -7.43811            -15.6415            25.3902             59.5976             
0.0765091           5632                6.53305             18.1631             -8.09239            -15.3293            29.5797             50.6006             
0.0799868           5888                9.45141             12.9585             -7.88128            -12.435             30.4333             32.6618             
0.0834645           6144                8.01614             7.64018             -9.12015            -10.5952            33.4184             17.8718             
0.0869422           6400                2.61718             6.88917             -9.81038            -10.702             32.7186             20.3504             
0.0904198           6656                -2.50846            9.50099             -10.482             -12.5423            32.1348             32.8941             
0.0938975           6912                -4.00614            12.2552             -10.0725            -13.4052            30.1491             42.8366             
0.0973752           7168                -2.95815            13.9165             -11.4732            -15.138             34.9133             46.851              
0.100853            7424                -1.69827            14.5542             -11.277             -15.0184            34.9406             47.0248             
0.104331            7680                -1.95884            14.1978             -9.81842            -13.5333            30.507              45.0744             
0.107808            7936                -3.78935            14.3927             -8.38389            -12.2562            25.2934             46.1797             
0.111286            8192                -6.02099            15.1927             -5.9854             -10.3189            16.9334             49.5289             
0.114764            8448                -8.23283            18.1493             -4.74183            -10.5562            12.129              59.1919             
0.118241            8704                -10.5959            23.7273             -4.01814            -12.7166            8.81665             77.0602             
0.121719            8960                -11.7528            30.8192             -1.57423            -14.047             0.895188            98.9618             
0.125197            9216                -11.374             36.5144             2.11169             -13.7067            -9.94543            115.891             
0.128674            9472                -9.38724            40.9132             4.8248              -13.7494            -17.0371            127.997             
0.132152            9728                -7.43871            42.7623             6.61674             -13.1355            -21.4066            132.6               
0.13563             9984                -4.27129            44.498              9.50904             -11.8623            -28.4398            135.949             
0.139107            10240               -0.336858           44.9416             11.5087             -10.8318            -32.4542            134.711             
0.142585            10496               3.07537             44.8713             11.9845             -10.5442            -32.1548            132.318             
0.146063            10752               6.97723             44.7632             12.4443             -10.4194            -31.4514            129.16              
0.149541            11008               9.5571              42.537              11.7313             -10.3597            -27.843             120.509             
0.153018            11264               11.4884             41.6383             10.1413             -11.5009            -21.9647            116.456             
0.156496            11520               13.6399             39.1766             7.57459             -12.5818            -13.0982            107.512             
0.159974            11776               16.0263             36.5433             3.72137             -14.6547            -0.281866           97.6594             
0.163451            12032               19.2861             34.809              0.68437             -16.2492            10.3955             89.8894             
0.166929            12288               22.7027             32.4941             -1.97854            -17.3348            20.062              80.3713             
0.170407            12544               25.5471             30.7869             -4.5212             -18.5961            29.1203             73.0905             
0.173884            12800               27.2165             28.9704             -7.41382            -20.0148            38.6399             66.2606             
0.177362            13056               28.4788             27.228              -9.72244            -20.9816            46.0699             59.884              
0.18084             13312               29.5561             24.7679             -12.3305            -22.006             54.5324             51.3315             
0.184317            13568               30.2387             26.0443             -14.0612            -24.1318            60.157              54.337              
0.187795            13824               30.1126             25.1793             -16.0924            -25.6003            66.019              51.476              
0.191273            14080               28.7416             21.4841             -17.2495            -24.9               68.6607             41.1686             
0.19475             14336               27.5691             17.9452             -18.2536            -24.115             70.9183             31.1722             
0.198228            14592               25.5193             14.6916             -18.7146            -22.9321            71.1498             22.7354             
0.201706            14848               23.2112             12.7902             -19.781             -22.9575            73.0151             18.6002             
0.205183            15104               19.6464             14.1707             -22.2339            -25.476             78.5089             25.402              
0.208661            15360               18.3226             15.5593             -22.5232            -26.0011            78.7162             30.6036             
0.212139            15616               17.3861             15.9595             -22.7212            -26.3044            78.8053             32.4401             
0.215617            15872               17.3675             15.1047             -23.5167            -26.5791            81.2672             30.022              
0.219094            16128               18.3873             15.576              -26.1989            -29.1873            89.8839             30.5806             
0.222572            16384               19.5597             13.7726             -26.1924            -28.3366            90.6133             24.154              
0.22605             16640               21.4104             11.1267             -26.5625            -27.7674            92.5339             15.0677             
0.229527            16896               21.4862             9.14835             -26.4512            -27.43              92.2662             8.8799              
0.233005            17152               23.4793             9.98881             -26.4178            -28.2841            93.3901             8.95411             
0.236483            17408               23.9292             10.0181             -26.1033            -27.9911            92.6695             8.04032             
0.23996             17664               21.7202             11.9083             -26.7803            -29.0413            93.6592             15.3053             
0.243438            17920               24.789              17.0585             -24.5511            -29.1614            88.773              27.7401             
0.246916            18176               25.4996             20.1962             -23.2587            -29.6971            85.5416             36.5831             
0.250393            18432               28.1769             20.2313             -23.4354            -30.1523            87.5928             34.7477             
0.253871            18688               28.9572             20.986              -21.8581            -28.9759            83.1912             36.6003             
0.257349            18944               25.6511             18.6292             -24.3545            -29.7043            89.2394             32.2738             
0.260826            19200               27.3013             14.2982             -26.3527            -29.6457            95.9111             17.9823             
0.264304            19456               28.5404             10.8188             -27.2295            -28.6604            98.9955             6.47736             
0.267782            19712               29.9659             7.27267             -25.0721            -25.3278            93.2282             -5.802              
0.27126             19968               30.1212             10.2495             -24.2275            -26.6065            90.8994             3.4139              
0.274737            20224               31.7826             14.7894             -21.8139            -26.7478            84.5068             15.1634             
0.278215            20480               34.1586             15.3153             -22.672             -27.2626            88.3293             14.1967             
0.281693            20736               35.2515             19.3107             -26.9112            -32.6766            101.716             25.8154             
0.28517             20992               36.0322             18.0504             -27.988             -32.7744            105.023             22.6118             
0.288648            21248               32.8185             18.5865             -28.5233            -33.9736            105.001             27.5048             
0.292126            21504               35.1698             22.5721             -26.7833            -35.1345            101.343             38.1516             
0.295603            21760               35.8358             28.0427             -27.3226            -38.7186            103.566             55.1753             
0.299081            22016               38.978              26.3841             -26.7974            -37.6406            103.262             48.0725             
0.302559            22272               35.5674             27.1195             -30.6412            -40.8045            112.794             53.0704             
0.306036            22528               32.6206             28.602              -32.3674            -42.1245            116.49              60.3467             
0.309514            22784               34.9906             33.7975             -31.2166            -43.0496            114.039             74.3887             
0.312992            23040               37.5836             36.436              -30.192             -42.4458            111.86              80.5454             
0.316469            23296               37.6547             37.7183             -32.0218            -44.0535            117.351             84.3637             
0.319947            23552               39.5012             43.6231             -29.9838            -45.2886            112.358             100.247             
0.323425            23808               43.9925             44.6905             -29.2026            -44.4126            112.309             100.044             
0.326903            24064               45.543              40.016              -27.016             -40.0336            106.342             85.3305             
0.33038             24320               49.6199             35.6886             -24.6672            -35.8393            101.511             68.6241             
0.333858            24576               46.0392             32.0237             -24.4196            -34.977             99.1441             60.1511             
0.337336            24832               44.1431             22.4214             -23.2084            -30.7009            94.5891             32.2809             
0.340813            25088               37.0006             21.1047             -24.1924            -31.3499            93.7607             33.9229             
0.344291            25344               32.9828             24.1237             -24.9252            -33.107             93.7489             46.4898             
0.347769            25600               29.8701             25.4071             -22.5287            -31.4413            84.9791             53.0771             
0.351246            25856               27.5901             29.7395             -22.743             -33.6003            84.4697             68.0826             
0.354724            26112               29.221              30.0767             -22.7522            -33.943             85.3253             67.7489             
0.358202            26368               28.9259             27.4484             -25.7253            -34.9535            94.074              60.4034             
0.361679            26624               31.2522             27.3748             -26.5436            -34.7484            97.5244             58.1996             
0.365157            26880               33.9167             30.6087             -23.9759            -33.6506            91.0986             65.6839             
0.368635            27136               36.8253             32.5462             -20.948             -31.6918            83.7706             69.0853             
0.372112            27392               36.7833             35.995              -20.9653            -33.6983            84.0152             80.0481             
0.37559             27648               41.0718             49.6986             -19.3692            -39.7025            81.4665             117.463             
0.379068            27904               39.4136             49.971              -21.7306            -40.9859            87.8435             119.128             
0.382546            28160               42.8325             50.2522             -23.5803            -42.3049            95.2472             117.301             
0.386023            28416               45.7645             48.5244             -25.5786            -43.3955            102.797             109.063             
0.389501            28672               49.281              54.1343             -25.1447            -46.5845            103.501             122.864             
0.392979            28928               50.551              47.3952             -26.655             -44.9569            108.51              102.031             
0.396456            29184               47.5154             38.9426             -27.0417            -40.9532            107.969             78.9751             
0.399934            29440               44.5121             33.0699             -29.4134            -40.0074            113.154             65.2776             
0.403412            29696               38.8765             31.365              -25.56              -36.1052            98.7483             64.2613             
0.406889            29952               38.584              36.8356             -19.8383            -34.1939            81.3214             79.5665             
0.410367            30208               42.5788             41.7448             -16.2604            -33.9281            72.6533             90.3263             
0.413845            30464               41.0631             38.3011             -16.1189            -32.0742            71.1417             81.6979             
0.417322            30720               38.2401             29.8749             -18.6021            -30.1579            77.6412             58.8236             
0.4208              30976               36.5468             29.8651             -23.6655            -34.9296            92.3519             60.2559             
0.424278            31232               37.3548             29.2686             -26.5074            -37.4471            100.974             58.053              
0.427755            31488               39.5995             26.9305             -23.8204            -34.1993            94.1585             48.8197             
0.431233            31744               38.9843             24.1505             -23.1021            -32.1463            91.7618             41.0753             
0.434711            32000               38.7924             28.5105             -23.3293            -34.4596            92.2884             54.7101             
0.438188            32256               39.0596             35.6075             -23.5158            -37.7821            92.8203             76.4273             
0.441666            32512               38.0271             39.7148             -23.9369            -39.5557            93.9217             90.1599             
0.445144            32768               34.2922             45.7203             -24.4029            -42.16              93.578              110.778             
0.448622            33024               33.1653             46.9089             -27.2449            -44.1161            101.725             115.171             
0.452099            33280               34.4157             43.5241             -29.6218            -44.0771            109.478             103.779             
0.455577            33536               35.9532             35.1058             -27.6334            -38.0237            104.273             75.6777             
0.459055            33792               37.2478             34.0673             -22.7435            -34.3358            90.1893             70.5569             
0.462532            34048               39.1828             27.8071             -23.7979            -32.9211            94.1824             50.6976             
0.46601             34304               37.6825             29.9078             -19.2168            -31.1653            79.688              59.0068             
0.469488            34560               39.1137             28.7832             -19.6412            -31.0407            81.4366             54.201              
0.472965            34816               38.0763             25.4251             -21.6857            -31.3201            86.9256             44.4546             
0.476443            35072               32.9175             19.1731             -22.7235            -29.1614            87.1291             30.4284             
0.479921            35328               32.439              23.435              -22.3985            -31.2073            85.9386             43.821              
0.483398            35584               35.019              23.7867             -21.3603            -30.7587            84.0572             42.2274             
0.486876            35840               35.868              22.235              -22.8137            -30.9313            88.9887             36.8229             
0.490354            36096               35.6256             17.0434             -23.2074            -28.0821            90.0721             21.6151             
0.493831            36352               34.1806             15.3905             -23.5689            -27.544             90.3834             18.2563             
0.497309            36608               34.1055             23.3957             -25.1244            -33.5426            94.8579             43.4323             
0.500787            36864               34.4997             33.6939             -23.6924            -36.8278            90.9226             74.0365             
0.504265            37120               33.1682             35.5821             -23.66              -37.5734            90.2652             80.8346             
0.507742            37376               31.7687             35.3721             -26.0277            -39.2617            96.6838             82.1954             
0.51122             37632               33.1471             38.7396             -24.8076            -39.2912            93.4182             91.122              
0.514698            37888               35.0418             36.5272             -22.0357            -35.6249            86.1244             83.0658             
0.518175            38144               31.2983             31.9915             -24.5285            -35.1416            91.7444             73.6838             
0.521653            38400               31.2355             39.0641             -22.7648            -37.7554            86.4848             95.6628             
0.525131            38656               31.1025             46.4764             -21.5194            -41.4603            82.9069             117.9               
0.528608            38912               34.8836             43.1842             -22.8292            -40.5424            88.7531             103.692             
0.532086            39168               34.6754             37.8568             -21.5684            -37.1552            85.0498             86.4225             
0.535564            39424               34.7372             31.3008             -20.9038            -33.5905            83.0481             65.7118             
0.539041            39680               33.5293             21.8569             -22.2489            -30.3841            86.3205             38.4469             
0.542519            39936               34.272              26.7091             -21.5185            -33.4272            84.6769             53.6752             
0.545997            40192               35.1376             25.0879             -24.3087            -35.0912            93.2574             48.9042             
0.549474            40448               35.7958             30.141              -21.7423            -34.7834            86.0667             63.0339             
0.552952            40704               36.1868             31.8311             -19.2986            -32.4136            79.1224             66.9861             
0.55643             40960               33.3027             29.1549             -21.1164            -31.6346            83.2381             60.2274             
0.559907            41216               33.6478             34.1255             -22.3836            -35.3488            87.2882             75.0837             
0.563385            41472               36.8075             41.907              -21.6434            -38.7708            87.0007             96.0833             
0.566863            41728               38.4971             43.6149             -25.9921            -42.8818            100.724             99.9731             
0.570341            41984               35.168              38.1081             -29.8859            -42.8978            110.794             86.1809             
0.573818            42240               36.985              41.4844             -28.8168            -43.7341            108.064             95.46               
0.577296            42496               43.0745             43.9881             -22.8223            -40.7527            93.3298             97.4137             
0.580774            42752               44.7257             48.7823             -22.5942            -43.7719            93.3595             110.715             
0.584251            43008               44.6618             42.1875             -22.0439            -39.5626            91.1253             91.5323             
0.587729            43264               44.5626             33.5291             -20.067             -33.7147            84.8897             65.1302             
0.591207            43520               38.6366             28.3749             -17.4507            -29.19              74.0389             54.4016             
0.594684            43776               37.1529             22.8967             -15.229             -25.1956            66.7401             39.0931             
0.598162            44032               37.2993             21.7551             -15.8677            -25.9293            68.7876             35.3512             
0.60164             44288               35.7005             12.7586             -16.9537            -21.9957            71.0748             10.2502             
0.605117            44544               32.4513             12.3992             -13.272             -18.3164            58.3458             12.5236             
0.608595            44800               30.0923             14.436              -15.693             -21.0092            64.333              21.1223             
0.612073            45056               31.0949             21.218              -15.7977            -24.2202            65.1061             40.5646             
0.61555             45312               35.5661             24.9044             -20.3205            -29.1065            80.9889             47.9977             
0.619028            45568               35.3647             32.391              -19.9403            -32.1346            79.966              71.3461             
0.622506            45824               34.872              39.835              -20.4775            -36.5219            81.5923             93.9637             
0.625984            46080               35.9738             44.6359             -23.078             -40.8194            89.9379             107.093             
0.629461            46336               38.2518             46.88               -23.0297            -42.0822            91.0691             111.492             
0.632939            46592               43.2068             46.6596             -23.6014            -43.1215            95.3669             106.13              
0.636417            46848               44.8439             43.2208             -21.3427            -39.5868            89.2929             94.5495             
0.639894            47104               40.8371             32.8015             -22.6221            -34.6357            90.9004             67.2615             
0.643372            47360               39.5928             33.6639             -20.7109            -33.3826            84.4249             70.5286             
0.64685             47616               37.9166             34.7988             -19.3291            -33.1007            79.2242             74.9836             
0.650327            47872               36.4244             33.6542             -19.9026            -33.5329            80.1605             72.7257             
0.653805            48128               37.6234             35.3375             -17.6693            -32.5629            74.2361             77.0227             
0.657283            48384               40.8119             36.0301             -14.2343            -30.1194            65.6437             76.2693             
0.66076             48640               41.3862             34.8889             -14.0942            -30.0701            65.865              72.5559             
0.664238            48896               39.2422             32.0079             -13.986             -29.058             64.6587             66.19               
0.667716            49152               39.5398             27.6572             -15.1561            -28.0476            68.0874             52.9676             
0.671193            49408               36.8938             28.7239             -19.17              -31.7883            78.7226             57.6062             
0.674671            49664               35.9775             27.5931             -19.3619            -30.6602            78.896              54.5713             
0.678149            49920               34.4832             25.2216             -22.6549            -32.1047            87.9736             49.3018             
0.681626            50176               35.2988             27.9666             -25.0206            -35.4499            95.3552             57.1652             
0.685104            50432               35.6504             37.0174             -26.9243            -40.5868            101.117             83.9338             
0.688582            50688               37.8568             45.3291             -26.7466            -44.0494            101.908             106.848             
0.69206             50944               39.9912             45.6                -25.9714            -43.3914            101.035             106.138             
0.695537            51200               45.5478             47.6787             -23.1821            -42.1612            95.8319             108.042             
0.699015            51456               45.8005             39.4121             -23.8475            -38.7732            97.6385             83.3828             
0.702493            51712               44.1266             37.4162             -21.5893            -36.9794            90.2395             78.4888             
0.70597             51968               48.5195             30.7233             -21.6333            -34.1133            92.6388             54.2355             
0.709448            52224               45.1273             25.2167             -22.5026            -32.6634            93.326              39.5198             
0.712926            52480               42.4227             17.6457             -24.5038            -29.6652            97.7225             18.3796             
0.716403            52736               38.3581             18.9328             -24.1234            -30.044             94.4808             26.357              
0.719881            52992               39.1811             26.8686             -25.0621            -34.9383            97.5031             50.8097             
0.723359            53248               40.2232             34.0824             -21.8622            -34.9028            88.1868             72.294              
0.726836            53504               41.016              41.069              -22.6448            -38.9624            91.1495             92.8052             
0.730314            53760               42.7528             37.9855             -22.6001            -36.975             91.5712             81.8749             
0.733792            54016               45.3624             38.7566             -22.8401            -37.8808            94.1456             80.6249             
0.73727             54272               42.3075             40.8355             -24.6206            -41.619             98.1643             89.5103             
0.740747            54528               40.9919             38.4793             -27.7387            -43.246             107.07              83.7885             
0.744225            54784               40.7624             35.7936             -28.9489            -42.5806            110.587             75.4996             
0.747703            55040               40.5743             32.0647             -27.6045            -40.1857            106.482             65.1377             
0.75118             55296               38.6234             28.1117             -29.3129            -39.254             110.583             54.7072             
0.754658            55552               36.8527             26.7926             -25.3348            -35.3424            97.6064             52.103              
0.758136            55808               38.1234             24.2108             -23.0968            -32.2048            91.2693             43.3941             
0.761613            56064               37.9957             26.7957             -25.0847            -35.2834            96.8848             51.8421             
0.765091            56320               43.2065             26.4238             -24.6118            -34.3717            98.1415             46.369              
0.768569            56576               42.7702             24.8623             -24.6565            -33.5301            98.0736             42.638              
0.772046            56832               43.1855             27.0069             -22.955             -32.8327            93.1294             49.58               
0.775524            57088               43.3512             25.3591             -20.0591            -29.3597            84.3506             44.8145             
0.779002            57344               43.5061             26.7992             -21.0959            -29.7239            87.4616             48.0899             
0.782479            57600               42.593              35.2769             -18.335             -31.2407            78.7789             74.8411             
0.785957            57856               42.4166             47.7399             -18.5457            -37.2998            79.5446             112.27              
0.789435            58112               44.0622             48.6224             -18.4641            -37.7875            80.0009             112.912             
0.792912            58368               43.0949             47.6022             -18.7467            -37.9142            80.3275             109.689             
0.79639             58624               42.9234             46.7412             -19.936             -39.3248            83.9652             106.108             
0.799868            58880               43.5337             38.1544             -22.7758            -37.5513            92.9898             79.0699             
0.803346            59136               38.7661             24.4199             -23.3448            -30.3888            91.891              42.1464             
0.806823            59392               37.3622             26.4694             -23.2613            -31.9154            91.0112             49.3881             
0.810301            59648               37.0682             25.3467             -21.5158            -29.9984            85.5437             46.3563             
0.813779            59904               36.9732             24.4326             -21.2305            -29.3521            84.5787             44.1878             
0.817256            60160               36.6865             27.9959             -15.0754            -25.9628            66.0452             55.1899             
0.820734            60416               35.2934             31.0064             -13.5067            -27.0612            60.9626             65.4479             
0.824212            60672               35.5177             26.9311             -13.8823            -25.0842            62.3128             52.3904             
0.827689            60928               31.1406             20.0931             -14.8718            -22.0391            62.8881             35.0476             
0.831167            61184               29.5889             33.543              -15.9241            -30.9087            65.587              76.934              
0.834645            61440               33.7198             41.7046             -17.602             -35.9482            73.0328             98.0378             
0.838122            61696               34.5125             36.3657             -20.3353            -35.4243            81.2291             81.5301             
0.8416              61952               36.8279             41.0729             -20.3568            -38.6618            82.7948             93.7841             
0.845078            62208               38.9023             37.9874             -23.6797            -39.7683            93.8953             83.4819             
0.848555            62464               40.9952             27.7177             -25.5317            -35.4703            99.6994             51.4809             
0.852033            62720               38.708              29.4402             -25.6789            -36.1116            98.7094             59.1195             
0.855511            62976               38.9184             30.8523             -24.0056            -35.2429            93.7117             63.9782             
0.858989            63232               41.2041             36.2133             -20.1476            -34.1583            83.408              78.7267             
0.862466            63488               43.7337             46.7345             -16.9088            -36.4585            75.2713             107.523             
0.865944            63744               46.3116             54.1704             -15.8996            -39.7598            73.6904             127.314             
0.869422            64000               46.6786             54.3548             -19.694             -43.1077            85.3142             127.424             
0.872899            64256               43.3887             53.8626             -21.0801            -44.3759            87.9501             128.224             
0.876377            64512               41.6363             50.821              -21.6783            -43.936             89.019              119.722             
0.879855            64768               43.5587             41.7645             -21.4251            -39.4021            89.5075             90.2645             
0.883332            65024               49.3373             37.1396             -17.8098            -34.2799            81.4656             70.4558             
0.88681             65280               50.7273             30.0672             -15.8189            -28.8605            76.1053             46.6407             
0.890288            65536               44.3252             25.8331             -17.9345            -28.3675            78.9751             40.2498             
0.893765            65792               37.4472             27.8485             -21.8031            -32.7294            87.0064             54.0529             
0.897243            66048               39.128              29.3156             -19.66              -32.2111            81.0516             58.1749             
0.900721            66304               36.8784             28.0109             -19.4702            -31.4477            79.4253             56.4166             
0.904198            66560               36.1306             24.6146             -18.4332            -28.7182            75.919              46.0704             
0.907676            66816               34.0952             24.3253             -18.9803            -28.8365            76.4158             46.4882             
0.911154            67072               36.7729             32.8756             -16.7902            -30.8746            71.3076             69.3002             
0.914631            67328               39.0059             39.3081             -15.2017            -32.3591            67.9355             85.5535             
0.918109            67584               40.5862             39.226              -16.1981            -33.1315            72.2574             84.4795             
0.921587            67840               39.8855             35.3734             -18.9487            -33.868             80.2882             74.5528             
0.925065            68096               38.0584             31.9939             -20.7373            -34.0601            84.3015             66.3256             
0.928542            68352               36.3732             29.3717             -21.0533            -33.5677            84.259              59.5883             
0.93202             68608               36.984              27.9376             -20.5049            -32.0921            83.5415             54.1677             
0.935498            68864               36.6663             29.8497             -21.337             -34.3476            86.1148             60.8579             
0.938975            69120               37.1599             25.7908             -21.1798            -32.1885            85.6936             49.1487             
0.942453            69376               35.7969             26.8697             -22.5351            -33.1023            88.8797             53.499              
0.945931            69632               40.5676             29.7862             -20.954             -32.2877            86.218              58.6534             
0.949408            69888               39.7584             29.5493             -21.9023            -32.0076            88.6893             57.8301             
0.952886            70144               37.792              30.0195             -21.0669            -31.838             85.3224             59.9622             
0.956364            70400               40.3541             29.5182             -19.6332            -30.4606            82.1877             57.104              
0.959841            70656               42.135              26.9762             -20.7359            -30.7104            86.0535             48.2849             
0.963319            70912               40.0493             19.3357             -22.7151            -28.4349            90.8183             27.3915             
0.966797            71168               37.6666             18.6457             -22.3336            -27.7745            88.203              27.4054             
0.970275            71424               36.29               28.1397             -18.5058            -29.9557            76.2998             57.3454             
0.973752            71680               37.2835             36.2328             -18.2993            -34.1614            76.0349             81.5342             
0.97723             71936               38.2559             35.4531             -19.1964            -34.7748            79.472              78.1109             
0.980708            72192               33.5118             32.4364             -20.2909            -33.4458            80.4355             71.6148             
0.984185            72448               35.7286             35.021              -21.3278            -35.1725            84.4172             77.4534             
0.987663            72704               32.3685             36.6712             -23.4614            -37.6821            88.7652             86.4333             
0.991141            72960               28.4396             40.3871             -21.8045            -38.2948            81.8771             101.968             
0.994618            73216               29.7837             34.782              -19.3934            -33.3922            75.5303             84.1071             
0.998096            73472               30.8305             30.7876             -19.8039            -31.8547            76.8823             71.0859             
1.00157             73728               34.6173             39.7808             -18.9131            -36.3666            76.2869             93.5853             
1.00505             73984               37.1413             46.3218             -15.6491            -37.1985            67.4232             111.294             
1.00853             74240               36.1214             47.4634             -15.5197            -37.8217            67.1603             115.356             
1.01201             74496               34.2763             44.2594             -15.5572            -36.6395            66.8702             107.684             
1.01548             74752               34.4568             37.8352             -19.0887            -36.5604            77.4955             88.8694             
1.01896             75008               32.2364             34.951              -22.021             -36.9438            84.8493             82.283              
1.02244             75264               31.098              31.1284             -17.9262            -31.237             71.9115             71.1182             
1.02592             75520               31.9932             36.2749             -17.741             -33.6473            71.7627             85.8317             
1.0294              75776               34.6873             34.8925             -18.5266            -32.6107            75.7052             78.5743             
1.03287             76032               35.0519             30.9155             -18.6017            -30.4421            75.6572             66.7678             
1.03635             76288               33.047              38.5547             -16.3075            -32.2801            67.4996             91.2813             
1.03983             76544               32.8558             53.6589             -17.0724            -40.5221            69.6499             136.519             
1.04331             76800               34.0882             52.1183             -15.0233            -38.2906            63.9568             131.508             
1.04678             77056               37.3493             54.1354             -14.8404            -39.3353            65.3946             135.348             
1.05026             77312               39.9745             51.8086             -15.9694            -39.7668            70.3108             124.906             
1.05374             77568               41.1818             43.8533             -18.0482            -37.5276            77.3623             98.5169             
1.05722             77824               40.4875             43.3644             -19.1295            -38.8278            80.599              97.4478             
1.06069             78080               40.1124             44.7863             -19.7898            -40.0409            82.4324             102.133             
1.06417             78336               42.5167             38.3727             -20.6544            -37.8633            86.0176             81.2808             
1.06765             78592               36.1908             26.1855             -22.9807            -33.607             89.5093             49.6934             
1.07113             78848               33.9008             25.6306             -22.2263            -33.3509            86.1789             50.6874             
1.07461             79104               30.9014             24.2134             -22.7014            -33.2244            86.011              49.3627             
1.07808             79360               34.8362             25.0734             -19.6884            -30.6089            78.7417             47.7268             
1.08156             79616               38.4179             26.6962             -18.8397            -28.9668            78.1148             49.1963             
1.08504             79872               40.6585             26.5876             -20.0609            -28.946             83.0261             47.5853             
1.08852             80128               38.9519             27.6252             -22.3208            -31.6574            89.2965             53.1236             
1.09199             80384               37.477              32.1951             -20.287             -32.8341            82.1957             68.4538             
1.09547             80640               38.2728             36.5189             -19.9252            -34.7631            81.5865             81.2519             
1.09895             80896               40.1232             39.4026             -23.1621            -38.2873            92.3427             88.1846             
1.10243             81152               39.0884             37.8602             -24.5563            -38.6367            95.987              84.3661             
1.1059              81408               37.1897             41.363              -24.488             -40.0596            94.689              97.25               
1.10938             81664               35.7172             37.0678             -22.4056            -36.1605            87.6159             85.5846             
1.11286             81920               37.8361             30.4911             -21.4786            -32.6971            85.9472             63.159              
1.11634             82176               37.3936             28.4917             -17.7371            -29.4175            74.705              57.7437             
1.11981             82432               37.2883             27.707              -17.9545            -30.1751            75.1301             55.1037             
1.12329             82688               36.7684             22.9706             -21.6554            -31.859             85.4195             40.653              
1.12677             82944               34.0629             20.2361             -22.3432            -31.4233            86.1622             34.1611             
1.13025             83200               39.2779             18.4783             -18.9796            -27.2064            79.0139             24.1731             
1.13373             83456               42.4023             24.6311             -20.5908            -31.1824            85.8048             40.4743             
1.1372              83712               41.8468             35.3187             -19.7824            -34.7211            83.3889             73.1267             
1.14068             83968               40.829              38.3959             -19.3123            -35.187             81.6881             83.2283             
1.14416             84224               41.6891             38.4208             -22.2038            -37.1438            90.9304             81.8077             
1.14764             84480               39.796              29.6081             -24.4742            -34.5899            96.6019             56.1118             
1.15111             84736               37.8445             27.6224             -24.149             -33.5005            94.3561             51.0094             
1.15459             84992               40.4917             26.7264             -22.3554            -32.0493            90.247              45.7187             
1.15807             85248               42.1153             27.9357             -21.3402            -32.0527            88.0775             47.779              
1.16155             85504               37.4941             23.7756             -20.159             -29.2783            82.0506             40.4813             
1.16502             85760               38.9739             29.9987             -16.233             -29.7034            71.1971             58.5855             
1.1685              86016               36.5833             26.1516             -19.1065            -29.3603            78.7941             47.9866             
1.17198             86272               35.8892             21.5861             -20.8141            -28.1335            83.2684             34.4822             
1.17546             86528               33.7951             25.2178             -20.7562            -29.4086            81.6928             47.225              
1.17894             86784               31.418              31.7499             -23.1902            -34.6656            87.6882             68.9725             
1.18241             87040               36.0648             31.328              -22.2424            -33.4049            86.934              63.7                
1.18589             87296               38.0413             26.7193             -20.2571            -29.7692            82.1926             48.0034             
1.18937             87552               36.5434             28.811              -19.5716            -30.9095            79.509              55.5062             
1.19285             87808               38.142              28.7836             -16.4277            -29.435             70.9195             54.3204             
1.19632             88064               39.3428             27.9689             -15.7919            -29.4583            69.7539             51.2548             
1.1998              88320               40.2602             26.2862             -15.9558            -29.2141            70.7114             46.3754             
1.20328             88576               41.1807             22.8547             -19.9386            -30.4001            83.3889             35.0392             
1.20676             88832               40.4786             22.8095             -22.4225            -32.0595            90.5876             36.3726             
1.21023             89088               42.9749             22.3996             -23.2223            -31.7394            94.1628             33.2516             
1.21371             89344               42.522              23.6741             -24.0989            -32.7198            96.4382             38.0375             
1.21719             89600               39.5851             23.4221             -28.1699            -36.1148            107                 41.252              
1.22067             89856               40.7766             27.063              -27.2508            -37.0109            104.948             51.7647             
1.22415             90112               42.1301             27.0276             -27.0664            -36.5213            105.193             50.6669             
1.22762             90368               40.9482             24.094              -28.4785            -35.6728            108.443             42.7293             
1.2311              90624               42.0292             26.2907             -28.979             -36.4241            110.427             47.5192             
1.23458             90880               43.8414             32.0257             -30.9344            -39.9869            117.383             63.4651             
1.23806             91136               44.4545             25.511              -30.4564            -35.7014            116.136             43.7746             
1.24153             91392               48.0574             32.2019             -28.2187            -38.1542            111.228             60.7914             
1.24501             91648               51.1204             34.1826             -25.4175            -37.5813            104.203             64.0665             
1.24849             91904               52.1202             36.0936             -23.2189            -37.0223            98.5838             67.3154             
1.25197             92160               50.6545             33.3373             -25.2864            -38.2262            103.813             59.8009             
1.25544             92416               43.9589             28.5582             -24.5351            -35.2835            98.3847             51.0763             
1.25892             92672               37.8868             27.1124             -21.5657            -32.6679            86.4707             52.4656             
1.2624              92928               37.6373             26.2531             -22.9524            -33.0588            90.2031             49.1838             
1.26588             93184               35.887              18.8671             -24.1621            -29.9586            92.9832             28.0522             
1.26936             93440               32.9541             16.596              -24.1506            -29.2783            91.6351             24.3362             
1.27283             93696               31.3848             20.5562             -21.6154            -28.971             83.2243             38.1985             
1.27631             93952               32.8094             22.8445             -23.5425            -31.08              89.7141             43.7037             
1.27979             94208               31.4596             19.6317             -21.6489            -27.1848            83.0462             35.3274             
1.28327             94464               35.4655             26.9428             -20.2168            -29.1433            80.511              54.233              
1.28674             94720               37.9741             33.3675             -20.1092            -31.9929            81.5702             70.6115             
1.29022             94976               35.362              35.4151             -21.902             -34.9093            85.5704             79.3486             
1.2937              95232               36.7945             39.3566             -21.2273            -36.6277            84.6294             90.1117             
1.29718             95488               35.6922             42.4831             -22.3876            -38.5567            87.8315             99.8848             
1.30065             95744               37.1291             40.4622             -22.0737            -37.3033            87.6499             91.4966             
1.30413             96000               40.5852             42.1461             -24.1417            -40.5214            96.0202             93.6498             
1.30761             96256               41.6061             43.6389             -23.935             -41.0301            95.8171             97.0638             
1.31109             96512               41.1698             38.7967             -24.7067            -39.3793            98.0854             82.4463             
1.31457             96768               37.5784             34.9707             -26.3727            -39.1329            101.221             74.6385             
1.31804             97024               37.097              35.1581             -23.3684            -37.9525            91.9417             75.3546             
1.32152             97280               38.9656             34.6205             -24.662             -38.7633            96.7769             71.5005             
1.325               97536               39.0855             23.9145             -24.2306            -32.5913            95.2964             39.37               
1.32848             97792               39.2111             17.3769             -25.2796            -29.8699            98.3363             20.2492             
1.33195             98048               39.7076             24.9298             -23.4621            -32.3682            93.0311             43.5499             
1.33543             98304               38.0739             37.7766             -23.411             -39.4335            92.1306             84.3458             
1.33891             98560               40.2543             44.7259             -25.0552            -44.0957            98.0431             103.419             
1.34239             98816               41.2554             41.0896             -29.7983            -45.1442            112.89              91.8794             
1.34586             99072               43.1379             36.7901             -33.1524            -45.9724            123.615             78.097              
1.34934             99328               46.6082             40.4871             -30.0751            -46.2294            116.015             87.1979             
1.35282             99584               48.8013             39.0902             -27.0866            -42.9104            108.138             80.9749             
1.3563              99840               50.8172             35.5711             -23.4105            -37.7339            98.2712             67.9212             
1.35978             100096              48.6541             36.9235             -20.8175            -35.7269            89.5124             73.7183             
1.36325             100352              46.3175             33.6232             -22.4017            -35.6381            93.028              65.3955             
1.36673             100608              38.5119             28.888              -23.716             -34.1535            93.0592             57.4521             
1.37021             100864              33.3833             26.3471             -20.7951            -30.7104            81.6952             53.0553             
1.37369             101120              35.088              28.2162             -20.8293            -33.1063            82.4669             57.7212             
1.37716             101376              35.8422             29.5537             -22.3209            -35.1612            87.3114             61.1562             
1.38064             101632              38.0004             33.2976             -24.7869            -38.5126            95.8797             70.071              
1.38412             101888              44.4639             32.4826             -25.7384            -37.8716            102.162             61.519              
1.3876              102144              45.4855             33.5384             -28.0708            -39.6193            109.848             63.8849             
1.39107             102400              42.6077             36.537              -29.6573            -42.5925            113.115             76.6368             
1.39455             102656              45.1201             37.8274             -27.7161            -41.4784            108.415             78.8392             
1.39803             102912              46.4844             37.9897             -26.1032            -40.4891            104.341             77.9245             
1.40151             103168              44.5886             36.6167             -30.6511            -43.6695            117.18              75.5762             
1.40499             103424              43.5078             38.5568             -28.9093            -43.5613            111.544             82.1079             
1.40846             103680              43.6585             37.9498             -24.7247            -38.9655            98.9746             79.8766             
1.41194             103936              42.6367             37.1479             -21.2915            -35.4654            88.2138             78.6349             
1.41542             104192              44.236              31.4687             -18.7315            -29.9867            81.4091             59.3438             
1.4189              104448              45.4908             23.8739             -17.9723            -25.3321            79.5819             34.5071             
1.42237             104704              43.8236             19.2019             -20.0366            -25.5931            84.8563             21.7588             
1.42585             104960              39.9861             15.6827             -24.7344            -28.2049            97.0193             13.9621             
1.42933             105216              37.8544             20.6356             -23.9341            -30.1819            93.5077             30.7409             
1.43281             105472              38.6861             24.8084             -24.3727            -32.6085            95.0446             43.8138             
1.43628             105728              38.5266             31.2313             -24.0298            -35.3445            93.9304             63.8817             
1.43976             105984              38.2306             35.9511             -25.2984            -38.2916            97.6923             78.8445             
1.44324             106240              38.1722             33.2471             -26.4181            -37.5646            100.59              71.2003             
1.44672             106496              37.8859             29.0163             -24.9064            -34.2555            96.0626             58.5655             
1.4502              106752              36.5437             32.618              -26.1737            -37.7444            99.3815             70.9337             
1.45367             107008              36.304              34.0792             -23.8273            -36.4309            92.5513             74.6279             
1.45715             107264              37.6055             36.4033             -21.7836            -36.3159            87.1034             80.0368             
1.46063             107520              38.5575             35.0796             -21.6425            -36.5745            87.2654             74.6214             
1.46411             107776              40.6649             31.2545             -23.2948            -36.5981            93.2386             60.5534             
1.46758             108032              38.2729             27.1162             -21.6658            -33.3931            87.612              49.361              
1.47106             108288              40.7268             29.7123             -23.2911            -34.9393            93.7076             54.6903             
1.47454             108544              40.4317             32.6012             -19.9795            -33.1173            83.6483             63.9026             
1.47802             108800              41.076              32.6138             -22.5622            -35.2733            91.9584             64.2581             
1.48149             109056              40.5518             33.3531             -23.7673            -37.281             95.0598             67.9199             
1.48497             109312              41.3615             31.2509             -27.1652            -39.1457            105.408             61.7084             
1.48845             109568              36.8181             30.8749             -29.2904            -39.7241            109.167             64.9096             
1.49193             109824              39.0374             35.4566             -24.9973            -37.9994            97.2238             76.8334             
1.49541             110080              38.7682             37.0613             -24.0461            -37.6081            94.4279             81.5519             
1.49888             110336              42.5672             43.6073             -21.3691            -38.495             88.4043             97.7951             
1.50236             110592              45.584              44.4546             -22.335             -40.1523            92.7425             98.3799             
1.50584             110848              46.366              35.0593             -20.5744            -34.4274            87.8777             69.0384             
1.50932             111104              50.2303             30.3911             -18.5332            -31.7007            83.8873             51.7656             
1.51279             111360              50.9748             25.1005             -20.4374            -30.9054            89.7542             35.3747             
1.51627             111616              48.4722             21.4618             -22.4328            -30.1869            94.0559             25.861              
1.51975             111872              49.956              25.8337             -22.0639            -32.5671            94.0468             37.6579             
1.52323             112128              50.6443             34.8243             -23.981             -38.0037            100.129             64.0163             
1.5267              112384              52.8879             41.6049             -23.749             -41.33              100.851             82.3693             
1.53018             112640              51.098              41.2312             -25.1876            -41.9929            104.357             83.3073             
1.53366             112896              47.3677             37.2113             -26.689             -40.7309            106.971             75.4092             
1.53714             113152              47.4873             31.8544             -26.8375            -37.3691            107.292             58.4859             
1.54062             113408              47.2466             27.0542             -24.4733            -32.3136            99.8293             42.5988             
1.54409             113664              46.3981             20.5964             -25.199             -30.6757            101.3               23.9182             
1.54757             113920              44.9626             17.3213             -24.6698            -29.2045            98.9779             15.6068             
1.55105             114176              42.9981             16.1476             -25.0003            -29.0344            98.9789             13.775              
1.55453             114432              38.5465             15.7468             -23.7978            -27.856             92.9583             17.2563             
1.558               114688              39.1784             16.0133             -21.9806            -26.6566            87.7563             18.3724             
1.56148             114944              39.2277             27.7674             -22.6942            -33.0192            90.3421             53.3744             
1.56496             115200              41.1688             33.2167             -21.2745            -34.8004            87.2906             67.9218             
1.56844             115456              44.9582             29.239              -22.9494            -33.3467            94.4527             51.9478             
1.57191             115712              41.9286             29.9573             -25.5236            -35.5876            100.358             56.9052             
1.57539             115968              41.7369             26.5428             -26.5397            -34.1249            103.104             46.2329             
1.57887             116224              37.6773             31.1724             -25.8079            -35.8935            98.9207             63.0916             
1.58235             116480              38.641              36.6652             -28.685             -41.1337            108.364             79.3797             
1.58582             116736              38.6206             32.556              -28.3083            -38.3307            106.969             67.9541             
1.5893              116992              37.4996             33.0937             -31.5917            -41.7538            116.149             72.0828             
1.59278             117248              40.4891             35.2253             -27.9847            -38.882             106.882             75.5387             
1.59626             117504              40.1397             38.8734             -22.9097            -37.5371            91.4991             87.1311             
1.59974             117760              36.7857             37.1447             -24.1434            -39.5728            93.4755             85.0701             
1.60321             118016              37.1462             26.1424             -25.9146            -36.6003            99.0248             50.7105             
1.60669             118272              36.6875             21.2947             -29.7274            -37.6873            110.063             35.2429             
1.61017             118528              39.6451             26.2154             -27.7526            -38.184             106.021             47.1693             
1.61365             118784              38.9349             27.5211             -24.136             -35.6033            95.3362             51.8946             
1.61712             119040              39.5689             31.1473             -23.5222            -37.1475            93.8307             62.6203             
1.6206              119296              43.3657             37.8171             -25.3067            -41.5352            101.271             79.3344             
1.62408             119552              42.7263             27.3228             -24.6797            -35.5131            98.6959             49.6124             
1.62756             119808              38.4242             29.6782             -26.9156            -38.8385            103.438             60.6084             
1.63103             120064              39.5817             29.63               -25.6151            -37.0456            99.7425             59.1855             
1.63451             120320              41.379              33.7461             -22.291             -35.7072            90.4515             71.0913             
1.63799             120576              42.6526             33.7758             -21.8852            -34.2655            89.7729             69.6648             
1.64147             120832              41.1153             40.072              -22.1084            -37.3106            89.6565             89.4714             
1.64495             121088              40.2856             50.0804             -22.4231            -42.0647            90.2919             119.694             
1.64842             121344              43.3209             47.2745             -24.1744            -41.6042            97.2047             108.801             
1.6519              121600              46.5585             48.0762             -27.8762            -45.4179            109.855             108.617             
1.65538             121856              48.6983             48.1235             -26.1842            -43.9974            105.568             107.462             
1.65886             122112              46.6187             49.3317             -26.1823            -44.9726            104.994             112.496             
1.66233             122368              44.7198             47.3474             -28.762             -47.2799            111.809             107.558             
1.66581             122624              42.6939             35.608              -29.5108            -42.5192            113.068             72.1452             
1.66929             122880              49.5647             29.6948             -29.0046            -39.6693            114.728             48.82               
1.67277             123136              48.6231             19.4545             -29.5726            -34.9763            115.726             18.8512             
1.67624             123392              44.6119             16.4981             -29.8593            -33.6547            114.415             13.0632             
1.67972             123648              43.0744             14.0694             -27.9629            -30.8449            108.242             7.26893             
1.6832              123904              41.6723             12.8525             -23.7357            -26.5094            95.0171             4.59546             
1.68668             124160              39.8179             13.1583             -25.2624            -28.0795            98.4356             7.7259              
1.69016             124416              35.2512             26.8891             -29.8441            -38.5408            109.944             53.7683             
1.69363             124672              38.0392             43.297              -28.7482            -44.5111            108.455             99.6667             
1.69711             124928              40.756              46.1605             -30.4045            -46.4563            114.768             105.763             
1.70059             125184              44.9017             46.3462             -29.4611            -45.9886            114.116             103.263             
1.70407             125440              41.6709             46.7552             -29.609             -46.3496            113.011             106.441             
1.70754             125696              44.5055             44.3582             -27.834             -44.1167            109.35              96.1534             
1.71102             125952              45.7343             36.6094             -25.2342            -39.4335            102.236             71.8097             
1.7145              126208              49.2355             31.5198             -26.3968            -38.5981            106.887             52.8145             
1.71798             126464              43.007              24.7758             -24.5791            -33.059             98.2923             36.4742             
1.72145             126720              40.6527             26.4514             -26.9454            -36.8193            104.449             44.0805             
1.72493             126976              39.8954             35.7424             -28.4505            -43.1139            108.549             73.64               
1.72841             127232              36.2955             39.006              -26.3291            -41.9645            100.358             87.4419             
1.73189             127488              36.2902             37.4694             -21.9683            -37.3649            87.3143             83.4173             
1.73537             127744              39.612              33.3388             -19.6721            -33.5992            82.1244             69.3508             
1.73884             128000              34.5457             30.33               -20.9728            -33.5013            83.5483             64.988              
1.74232             128256              35.1586             31.67               -22.3015            -34.7662            87.7993             68.8198             
1.7458              128512              38.8058             34.1159             -21.4869            -35.3705            87.1304             72.821              
1.74928             128768              39.2737             31.056              -22.3466            -34.5978            89.7605             62.7003             
1.75275             129024              41.7962             33.585              -24.007             -37.3475            95.7892             68.4                
1.75623             129280              45.9359             40.3993             -25.0355            -40.9173            100.992             84.547              
1.75971             129536              49.429              38.2404             -27.5127            -41.4459            110.161             75.3972             
1.76319             129792              49.8914             35.6489             -28.2374            -40.2167            112.537             67.5381             
1.76666             130048              48.9677             42.0258             -29.8611            -45.3944            117.019             88.1377             
1.77014             130304              43.6285             43.5762             -27.1494            -43.9176            106.102             98.1446             
1.77362             130560              41.7273             46.7118             -26.9455            -45.6188            104.482             109.207             
1.7771              130816              43.109              40.7079             -24.7187            -40.2719            98.4402             89.3108             
1.78058             131072              43.5287             30.763              -25.3046            -36.3324            100.531             58.4625             
1.78405             131328              44.2698             26.5321             -24.1423            -33.7014            97.2672             44.9741             
1.78753             131584              38.544              23.4376             -24.7005            -32.8796            96.0229             40.6946             
1.79101             131840              40.2534             25.5386             -20.8019            -30.5272            85.1377             44.7941             
1.79449             132096              42.8919             21.2435             -19.3387            -26.9196            82.0461             30.194              
1.79796             132352              41.9767             25.1101             -17.7906            -27.9715            76.7065             43.0157             
1.80144             132608              41.8346             27.1909             -20.0402            -31.1906            83.3278             48.8207             
1.80492             132864              44.2954             27.247              -22.5986            -34.0608            92.4482             46.5043             
1.8084              133120              46.0797             38.8054             -23.2933            -40.5667            95.9539             79.8023             
1.81187             133376              45.6611             44.5047             -26.8672            -45.2437            106.94              97.0429             
1.81535             133632              43.3294             48.1427             -28.4468            -47.6263            110.554             109.78              
1.81883             133888              42.9109             49.8607             -31.7588            -50.0166            120.402             114.676             
1.82231             134144              43.5242             54.3857             -29.9743            -50.0924            115.593             127.619             
1.82579             134400              45.3749             54.3031             -26.5689            -47.1845            106.211             126.356             
1.82926             134656              44.9005             46.6276             -27.0263            -44.5359            107.167             103.404             
1.83274             134912              42.2691             34.2529             -28.0499            -40.1146            108.155             68.2738             
1.83622             135168              40.8709             33.629              -28.2352            -41.1504            107.918             68.2996             
1.8397              135424              41.069              33.6874             -22.544             -36.2514            90.8117             68.7896             
1.84317             135680              36.8696             30.4628             -21.7589            -33.9034            86.4314             63.027              
1.84665             135936              38.6136             21.695              -24.7134            -32.0211            96.1977             35.9072             
1.85013             136192              41.1021             20.592              -26.1069            -31.8952            101.54              30.3944             
1.85361             136448              45.6947             22.5411             -20.6779            -27.8467            87.3926             31.8955             
1.85708             136704              43.7733             25.6259             -20.7509            -29.8665            86.7505             42.3561             
1.86056             136960              42.7312             25.4585             -19.6248            -28.2631            82.9288             42.1671             
1.86404             137216              41.3673             32.2003             -19.9803            -31.8113            83.1878             63.426              
1.86752             137472              44.8683             39.5858             -19.8479            -36.1149            84.5757             84.2858             
1.871               137728              47.909              34.7331             -19.8406            -34.1525            85.9311             67.9607             
1.87447             137984              45.482              32.1015             -21.5653            -34.6176            89.9448             62.0611             
1.87795             138240              43.8637             32.7618             -26.6661            -40.1106            104.832             65.0883             
1.88143             138496              44.1119             34.2928             -28.1041            -42.5402            109.477             69.3904             
1.88491             138752              43.2379             27.9245             -27.2088            -38.4129            106.298             50.5543             
1.88838             139008              38.145              31.1621             -27.4002            -39.7451            104.514             64.3664             
1.89186             139264              37.0954             36.2129             -27.58              -42.7956            104.469             79.7887             
1.89534             139520              38.5835             37.1276             -25.9473            -41.16              100.358             80.7973             
1.89882             139776              39.6755             36.2744             -26.2083            -41.3201            101.592             76.9397             
1.90229             140032              38.8615             35.2106             -29.2519            -42.7875            110.344             74.1714             
1.90577             140288              38.3258             36.2307             -29.0612            -42.5279            109.574             77.8237             
1.90925             140544              38.2484             38.9234             -28.1606            -42.752             106.693             86.2572             
1.91273             140800              40.8181             38.6918             -25.9783            -40.5254            101.401             83.2544             
1.91621             141056              46.4232             35.4967             -26.6217            -39.4941            106.301             68.3037             
1.91968             141312              47.0453             29.0918             -29.4209            -38.6725            114.501             48.2086             
1.92316             141568              45.858              19.8071             -28.0432            -33.1824            110.125             21.3408             
1.92664             141824              47.4048             24.264              -27.9238            -35.5521            110.882             33.6293             
1.93012             142080              48.2447             23.7067             -27.0675            -33.8788            108.374             32.122              
1.93359             142336              47.1846             23.3302             -26.5155            -33.1913            105.848             32.0533             
1.93707             142592              43.9771             31.3589             -25.0507            -36.6142            99.7405             59.0963             
1.94055             142848              45.9954             25.8246             -23.2474            -33.0308            95.7096             41.0309             
1.94403             143104              40.974              25.1129             -21.9029            -32.2171            89.4138             43.9729             
1.9475              143360              37.7566             25.927              -25.539             -35.8013            98.6552             49.3077             
1.95098             143616              38.3459             27.1023             -21.7111            -32.4421            87.3349             51.2952             
1.95446             143872              38.6637             20.628              -23.575             -30.0302            93.1289             31.4004             
1.95794             144128              40.6945             24.0517             -26.5966            -33.9055            103.211             39.5437             
1.96142             144384              41.2001             33.1896             -24.6345            -36.9825            97.4533             66.7476             
1.96489             144640              40.8849             40.181              -26.5553            -42.5143            103.382             88.4417             
1.96837             144896              41.4075             43.2675             -26.2703            -43.8271            103.016             97.4192             
1.97185             145152              42.3878             32.5828             -26.0402            -36.7936            102.356             63.8095             
1.97533             145408              43.6142             28.4605             -24.6816            -33.6414            98.8344             50.7821             
1.9788              145664              43.8927             26.7498             -24.1639            -32.8384            97.0924             45.278              
1.98228             145920              42.6989             18.6162             -22.8292            -28.185             92.3923             21.6191             
1.98576             146176              43.5684             20.412              -21.0698            -28.654             87.6982             26.5302             
1.98924             146432              42.813              23.7486             -22.6498            -32.3712            91.9128             36.4298             
1.99271             146688              41.7372             30.2967             -20.1604            -33.3293            84.4033             56.9749             
1.99619             146944              41.9177             35.2857             -22.3578            -37.2228            91.5584             71.8731             
1.99967             147200              42.1805             35.4915             -25.9443            -40.3454            102.533             72.6765             
