#Time               nTime               force-x             force-y             force-z             moment-x            moment-y            moment-z            
0                   0                   56.3176             0.650611            -5.15671            -4.99757            1177.11             -42.2207            
0.00347769          256                 255.968             267.659             -27.3388            -98.7546            84.1266             -198.286            
0.00695537          512                 -27.9906            -134.917            -15.6715            21.9522             -4.73976            14.99               
0.0104331           768                 47.6398             82.3896             -12.3719            -33.4664            17.2241             -38.3661            
0.0139107           1024                193.239             -50.6764            -22.7512            -0.695484           64.6952             -150.167            
0.0173884           1280                -84.005             64.1941             22.2703             2.38099             -25.4502            67.4241             
0.0208661           1536                46.678              139.742             -9.65285            -50.6989            17.8595             -35.4736            
0.0243438           1792                36.9935             -66.2679            -26.9951            2.18932             14.6486             -26.905             
0.0278215           2048                46.1045             47.8306             -15.9265            -24.8284            16.9383             -37.3688            
0.0312992           2304                1.13588             25.8598             1.77759             -1.98522            2.42087             -0.105179           
0.0347769           2560                22.6606             60.7823             -19.5961            -30.6486            9.47674             -19.0333            
0.0382545           2816                29.6611             -9.1707             -7.22112            1.50332             11.5215             -24.5954            
0.0417322           3072                15.7285             38.6226             -15.1539            -20.0539            7.02211             -16.0217            
0.0452099           3328                23.1622             42.2392             -13.0367            -19.3092            9.28769             -22.6571            
0.0486876           3584                20.6437             14.6651             -10.5468            -8.58848            8.23046             -20.614             
0.0521653           3840                23.9242             41.8291             -17.9395            -23.1067            9.15829             -24.4206            
0.055643            4096                19.179              25.63               -10.6656            -13.074             7.62062             -21.5855            
0.0591207           4352                19.3151             39.699              -13.9511            -20.3012            7.82846             -21.6849            
0.0625984           4608                21.9542             22.7108             -13.0744            -14.3576            8.83266             -23.4595            
0.066076            4864                17.8438             31.8249             -12.8317            -17.5956            7.39991             -18.5194            
0.0695537           5120                20.1564             36.4145             -8.97898            -16.2782            8.18909             -19.5249            
0.0730314           5376                24.0848             26.6184             -7.52599            -12.1002            9.1786              -22.9474            
0.0765091           5632                25.5235             22.2609             -9.08424            -12.618             9.61694             -24.8768            
0.0799868           5888                25.0812             23.8038             -8.26959            -13.0932            9.37407             -24.2755            
0.0834645           6144                26.3887             27.2179             -8.10701            -13.959             9.85139             -25.3368            
0.0869422           6400                27.5631             27.1852             -7.55663            -13.4978            10.4267             -26.5877            
0.0904198           6656                27.4508             30.1086             -8.83021            -15.3874            10.5605             -26.5602            
0.0938975           6912                27.6432             30.702              -6.17264            -13.119             10.8529             -27.1177            
0.0973752           7168                23.2942             39.2068             -8.37779            -17.9557            9.5178              -23.104             
0.100853            7424                24.9015             38.4677             -8.43655            -17.7869            10.036              -24.2478            
0.104331            7680                25.7114             41.0019             -5.91469            -17.0109            10.2469             -23.9958            
0.107808            7936                24.9842             40.2675             -6.0648             -17.5671            10.0266             -23.8199            
0.111286            8192                26.1316             41.8179             -8.37561            -20.6869            10.4834             -24.0034            
0.114764            8448                29.5463             41.5558             -6.72445            -19.4318            11.5149             -26.7282            
0.118241            8704                35.3206             45.1092             -8.86342            -22.6933            13.514              -30.1356            
0.121719            8960                36.6223             47.5067             -9.27167            -23.4888            13.9536             -31.6784            
0.125197            9216                32.1247             38.1295             -7.70281            -18.1348            12.5377             -30.156             
0.128674            9472                28.8457             47.061              -10.1177            -22.9432            11.6738             -27.3142            
0.132152            9728                29.16               50.574              -11.0478            -24.6209            11.6748             -26.0993            
0.13563             9984                31.5257             51.9287             -7.15869            -21.5403            12.1795             -26.8389            
0.139107            10240               32.2423             50.3628             -10.964             -23.8475            12.3005             -27.067             
0.142585            10496               33.3647             48.3487             -7.96825            -21.2124            12.6518             -27.7606            
0.146063            10752               33.3929             49.1868             -7.40776            -21.7252            12.6687             -27.3888            
0.149541            11008               30.4896             49.0179             -6.46227            -21.3701            11.664              -24.9294            
0.153018            11264               35.7588             48.5468             -6.83837            -21.2495            13.2502             -30.1651            
0.156496            11520               37.7449             39.2266             -7.11439            -18.1241            14.0716             -33.9294            
0.159974            11776               33.5563             41.628              -10.587             -21.4704            12.9727             -30.794             
0.163451            12032               26.7845             49.6978             -8.1499             -22.0101            10.6964             -24.6728            
0.166929            12288               27.069              46.0358             -9.37975            -21.9884            10.9433             -25.6352            
0.170407            12544               24.123              45.5793             -12.2418            -24.1355            9.98014             -22.9291            
0.173884            12800               25.7332             47.3974             -11.3425            -24.8912            10.2748             -23.3908            
0.177362            13056               37.8076             48.4483             -8.97179            -23.0556            14.2227             -31.8854            
0.18084             13312               35.9811             43.9356             -10.3525            -21.9971            13.4398             -31.2455            
0.184317            13568               32.4272             44.0227             -10.8819            -22.2895            12.3608             -27.7037            
0.187795            13824               34.4533             52.5262             -11.93              -26.3102            12.964              -27.7087            
0.191273            14080               38.8236             52.1922             -13.9747            -28.2201            14.6321             -31.6058            
0.19475             14336               46.7565             64.3652             -14.8341            -32.9923            17.3265             -36.8922            
0.198228            14592               45.1336             48.0392             -8.62919            -21.7301            16.7095             -38.7673            
0.201706            14848               43.2549             44.2536             -8.33722            -19.7916            16.0774             -38.589             
0.205183            15104               29.4778             42.8243             -11.0426            -21.4828            11.8579             -27.7381            
0.208661            15360               28.6126             49.8763             -13.0745            -25.9104            11.5365             -25.6843            
0.212139            15616               30.5696             48.7173             -10.944             -24.2046            12.0233             -26.2119            
0.215617            15872               35.6769             48.7769             -9.38797            -23.2344            13.6269             -29.6988            
0.219094            16128               31.2314             50.2216             -9.6249             -23.8873            12.251              -26.4833            
0.222572            16384               38.9118             49.878              -8.6124             -22.996             14.6378             -32.68              
0.22605             16640               41.7732             46.0031             -9.60471            -21.9492            15.6505             -35.3871            
0.229527            16896               41.349              42.5546             -11.3194            -22.162             15.6359             -35.4494            
0.233005            17152               43.0507             43.6565             -13.802             -24.5362            16.3854             -36.5794            
0.236483            17408               41.3781             44.7483             -10.6578            -22.9367            15.7886             -34.2453            
0.23996             17664               37.9783             45.6517             -15.1917            -26.4321            14.4892             -31.5913            
0.243438            17920               38.9768             45.5419             -15.2721            -26.6089            14.7849             -32.8371            
0.246916            18176               37.8454             37.7896             -12.9052            -22.4332            14.2583             -33.764             
0.250393            18432               38.568              38.6051             -10.7955            -21.5509            14.4583             -34.3515            
0.253871            18688               37.088              29.3418             -9.30456            -16.9007            13.9744             -34.4988            
0.257349            18944               32.3596             44.4655             -11.716             -23.6999            12.3816             -28.7809            
0.260826            19200               34.9984             44.435              -12.8185            -24.6399            13.288              -31.0346            
0.264304            19456               37.3283             37.7331             -12.8937            -22.457             14.1238             -32.5948            
0.267782            19712               35.96               41.8456             -12.3325            -23.3156            13.5726             -31.5046            
0.27126             19968               36.2878             35.2188             -14.0925            -22.6412            13.8809             -33.0623            
0.274737            20224               41.8142             45.857              -13.0535            -25.262             15.6459             -35.5962            
0.278215            20480               43.46               50.6262             -12.3707            -25.4445            16.3199             -36.2528            
0.281693            20736               42.8943             55.7575             -13.9036            -28.5626            15.871              -34.7621            
0.28517             20992               44.6226             42.7964             -11.7576            -22.5438            16.6536             -37.5717            
0.288648            21248               43.7016             44.3685             -14.6192            -25.8482            16.2532             -37.5384            
0.292126            21504               46.5226             51.6406             -13.9835            -27.609             16.9584             -38.0887            
0.295603            21760               42.1772             52.3379             -12.4537            -26.7351            15.7191             -34.4591            
0.299081            22016               44.238              50.0346             -11.3225            -24.921             16.4033             -36.3695            
0.302559            22272               41.4775             31.9758             -11.5882            -19.1559            15.5805             -37.6197            
0.306036            22528               41.9271             36.1747             -13.887             -22.5203            15.8242             -38.0222            
0.309514            22784               37.6095             41.733              -16.707             -25.5884            14.424              -33.9099            
0.312992            23040               38.1666             44.8662             -13.533             -24.7426            14.6702             -33.7669            
0.316469            23296               36.565              40.0604             -13.4612            -23.6513            14.2329             -33.0313            
0.319947            23552               37.6202             40.0856             -17.0205            -26.247             14.4854             -32.675             
0.323425            23808               40.785              35.1918             -12.296             -20.435             15.4245             -36.4487            
0.326903            24064               34.72               42.0998             -14.7277            -24.6304            13.3562             -31.0905            
0.33038             24320               38.5377             47.3173             -11.4642            -24.572             14.6137             -33.6517            
0.333858            24576               44.8394             49.6063             -11.0194            -25.144             16.6197             -37.1208            
0.337336            24832               46.1298             47.4256             -11.5779            -24.8442            17.0544             -37.2058            
0.340813            25088               44.5358             42.3641             -9.79018            -21.892             16.4241             -37.9269            
0.344291            25344               47.9103             45.4121             -9.38876            -22.2649            17.5801             -39.8469            
0.347769            25600               41.9099             42.6339             -9.58107            -21.386             15.6988             -36.1234            
0.351246            25856               36.7621             37.0691             -11.7036            -21.1342            14.1856             -32.3245            
0.354724            26112               38.9582             42.997              -11.9289            -23.2294            14.9253             -33.2481            
0.358202            26368               40.122              45.7961             -13.5098            -25.1463            15.3099             -33.6253            
0.361679            26624               41.323              40.2377             -13.0361            -23.2292            15.4781             -35.6432            
0.365157            26880               39.1629             41.1454             -12.3617            -23.0046            14.6985             -34.2606            
0.368635            27136               36.5777             45.5477             -9.31629            -22.17              13.7606             -31.5665            
0.372112            27392               32.3579             37.9863             -9.46349            -19.9195            12.5648             -29.7313            
0.37559             27648               39.2006             38.1051             -8.72492            -19.6435            14.8646             -34.681             
0.379068            27904               39.7172             32.6764             -10.3473            -18.6831            14.8283             -35.4695            
0.382546            28160               36.769              32.0776             -10.6783            -18.9964            13.8824             -33.0656            
0.386023            28416               38.6222             40.54               -10.3562            -21.4924            14.3369             -33.4884            
0.389501            28672               35.1301             23.6242             -9.254              -14.6162            13.2185             -32.7345            
0.392979            28928               32.0361             35.8091             -10.4013            -20.0024            12.4669             -29.7515            
0.396456            29184               36.6094             48.5246             -14.4654            -27.9426            13.9552             -31.9042            
0.399934            29440               45.0456             40.4252             -9.07335            -21.5204            16.8754             -39.3041            
0.403412            29696               44.7621             43.3586             -13.1544            -25.382             16.744              -38.6034            
0.406889            29952               40.5563             37.5894             -14.411             -23.677             15.0958             -35.3849            
0.410367            30208               37.8139             42.1753             -13.6477            -24.0842            14.2596             -32.9259            
0.413845            30464               36.014              51.2029             -14.0568            -27.4841            13.8033             -30.9672            
0.417322            30720               42.8897             42.609              -12.0129            -23.4279            15.9316             -38.4928            
0.4208              30976               41.9294             43.836              -14.4344            -25.8645            15.8278             -38.2081            
0.424278            31232               37.4456             48.4054             -11.4272            -23.9056            14.3462             -33.6375            
0.427755            31488               31.4759             42.9777             -12.8863            -23.6784            12.3332             -30.1573            
0.431233            31744               34.2194             44.8726             -11.4592            -23.4942            13.0907             -31.5352            
0.434711            32000               31.9367             42.1899             -12.1646            -23.103             12.5042             -30.331             
0.438188            32256               34.4609             48.0888             -12.282             -25.1623            13.2919             -30.788             
0.441666            32512               40.7532             52.5986             -10.8008            -25.8368            15.4555             -34.2203            
0.445144            32768               40.4135             53.9584             -11.8554            -26.4481            15.305              -32.9965            
0.448622            33024               42.825              43.9558             -10.9893            -22.8123            16.0001             -36.0162            
0.452099            33280               44.1232             44.375              -11.6703            -23.3081            16.3126             -36.745             
0.455577            33536               47.5311             38.8132             -10.9413            -20.3261            17.3514             -40.3722            
0.459055            33792               47.9056             47.3028             -10.2455            -22.3698            17.6437             -39.059             
0.462532            34048               42.8802             48.5223             -9.45821            -22.6076            15.7833             -35.5267            
0.46601             34304               39.145              29.4576             -12.6322            -19.6442            14.7704             -35.3792            
0.469488            34560               37.3327             36.2316             -12.4237            -21.9879            14.1827             -33.2735            
0.472965            34816               32.1229             31.7839             -13.2631            -20.55              12.4228             -29.9054            
0.476443            35072               29.5433             36.1379             -13.7629            -22.1715            11.6787             -27.1905            
0.479921            35328               27.5807             47.3073             -10.4601            -23.5556            10.8236             -24.217             
0.483398            35584               36.9344             42.6772             -8.24751            -19.9749            13.8093             -32.2911            
0.486876            35840               40.2359             28.8474             -10.4032            -16.8841            15.1281             -37.1041            
0.490354            36096               36.0149             43.0911             -13.8288            -24.556             13.87               -32.2503            
0.493831            36352               39.9942             41.7239             -14.199             -23.809             15.056              -35.448             
0.497309            36608               33.4774             34.3378             -14.7825            -21.4778            12.9651             -31.2442            
0.500787            36864               34.927              32.5019             -14.3756            -21.117             13.2295             -32.0452            
0.504265            37120               35.6718             42.9796             -12.4962            -23.208             13.4896             -31.6371            
0.507742            37376               38.5137             37.3304             -9.40396            -18.9291            14.3146             -35.0952            
0.51122             37632               35.7697             27.4375             -8.84291            -15.3987            13.5326             -35.1253            
0.514698            37888               31.6414             35.4441             -12.877             -21.3988            12.4772             -30.6287            
0.518175            38144               29.9527             39.3587             -12.2727            -22.2727            11.8387             -28.5613            
0.521653            38400               30.693              41.0591             -10.2627            -20.8809            12.0599             -28.4616            
0.525131            38656               31.7542             42.7271             -11.7114            -22.7931            12.365              -29.0128            
0.528608            38912               35.2439             47.9652             -11.3852            -24.5366            13.5224             -31.5628            
0.532086            39168               37.0595             36.7623             -9.84776            -19.5832            14.3408             -34.1568            
0.535564            39424               32.346              43.7838             -13.9114            -25.2052            12.4947             -29.9595            
0.539041            39680               32.5545             42.367              -12.8073            -23.522             12.6468             -29.4165            
0.542519            39936               35.0831             51.1117             -11.7157            -25.6199            13.332              -30.0818            
0.545997            40192               40.557              50.3082             -8.9612             -23.7356            15.03               -34.3086            
0.549474            40448               39.3523             54.9133             -8.98578            -25.1372            14.551              -32.1218            
0.552952            40704               42.6044             59.4961             -6.77741            -24.2449            15.4667             -34.0778            
0.55643             40960               42.4987             52.5216             -9.63591            -24.5087            15.7321             -34.3622            
0.559907            41216               47.7406             48.8204             -9.20028            -23.2047            17.3373             -39.3543            
0.563385            41472               46.0005             54.0423             -10.1301            -25.398             16.8548             -37.2114            
0.566863            41728               45.3895             40.4294             -9.76568            -20.0251            16.7231             -39.5806            
0.570341            41984               38.2545             37.3245             -12.9814            -22.3082            14.5019             -34.8579            
0.573818            42240               39.2739             42.7767             -12.7869            -23.7769            14.8146             -35.0363            
0.577296            42496               39.9952             38.3745             -11.2061            -21.0051            15.0403             -36.1963            
0.580774            42752               30.5584             41.0641             -11.8478            -22.5506            12.0933             -29.1147            
0.584251            43008               32.7212             45.2213             -11.4681            -23.9351            12.9411             -30.6406            
0.587729            43264               37.3339             38.4218             -8.09218            -18.9193            14.1923             -33.5088            
0.591207            43520               34.9037             34.4586             -11.1587            -19.4674            13.2926             -31.4823            
0.594684            43776               35.0677             38.8637             -10.6525            -20.0933            13.3962             -31.2616            
0.598162            44032               38.152              44.3878             -14.4932            -25.6547            14.499              -33.6949            
0.60164             44288               41.3781             45.8519             -10.643             -23.5855            15.6231             -35.8056            
0.605117            44544               39.6096             39.132              -13.5973            -23.8697            14.8656             -34.5699            
0.608595            44800               36.8193             31.1178             -15.1471            -22.0688            14.1752             -33.5717            
0.612073            45056               35.309              37.1702             -12.8065            -22.5803            13.5146             -32.1795            
0.61555             45312               35.889              36.3518             -10.5288            -20.43              13.7449             -31.9426            
0.619028            45568               37.7968             39.0505             -12.9075            -22.6181            14.4034             -32.6035            
0.622506            45824               40.0385             36.5749             -11.5575            -20.4631            14.9471             -34.2652            
0.625984            46080               42.0085             42.4196             -14.5542            -25.4541            15.7579             -34.6524            
0.629461            46336               42.2588             33.0877             -13.1224            -20.6173            15.6205             -37.3139            
0.632939            46592               35.5323             46.4331             -15.7645            -27.115             13.8461             -31.3442            
0.636417            46848               33.7687             40.9552             -11.8835            -22.6547            13.2181             -32.0938            
0.639894            47104               37.9498             39.5523             -6.71352            -18.2276            14.3823             -35.3938            
0.643372            47360               43.3815             42.2122             -8.33833            -20.5989            16.2124             -38.9033            
0.64685             47616               42.2461             50.4691             -7.06167            -22.4589            15.7726             -35.9851            
0.650327            47872               41.4285             34.1089             -11.6486            -19.9996            15.5048             -35.5042            
0.653805            48128               42.1745             34.1065             -11.5345            -19.7481            15.6552             -35.8112            
0.657283            48384               46.3199             43.5158             -9.48132            -21.501             17.2288             -38.7446            
0.66076             48640               46.3011             43.6008             -8.68419            -20.4896            17.0981             -38.5625            
0.664238            48896               40.4625             37.9083             -10.4048            -19.7177            15.1314             -35.0023            
0.667716            49152               42.2295             36.6954             -10.0744            -19.8045            15.7878             -36.4413            
0.671193            49408               44.7624             40.0345             -9.93598            -20.8659            16.5061             -37.3938            
0.674671            49664               45.4904             36.8278             -12.8347            -21.7105            16.7956             -39.1482            
0.678149            49920               43.8231             33.7382             -16.1489            -22.8877            16.2394             -38.7235            
0.681626            50176               35.0805             39.3627             -15.6564            -24.4944            13.5765             -31.993             
0.685104            50432               33.4208             44.6774             -14.849             -26.3304            12.8898             -30.6428            
0.688582            50688               41.6758             44.6603             -11.8229            -23.5203            15.7153             -37.3351            
0.69206             50944               43.1384             37.6276             -14.2137            -21.8704            16.0982             -38.1077            
0.695537            51200               39.5438             43.5555             -14.1524            -24.9622            15.0358             -35.2588            
0.699015            51456               42.6273             48.2039             -15.6484            -28.0035            16.0795             -36.7146            
0.702493            51712               42.2644             41.3912             -10.7558            -21.3957            15.8897             -37.3638            
0.70597             51968               43.1407             48.5031             -13.372             -27.1071            16.112              -37.6705            
0.709448            52224               43.7702             44.5192             -9.50202            -22.3429            16.4144             -37.031             
0.712926            52480               34.3434             47.6515             -12.8239            -25.2321            13.2746             -29.2888            
0.716403            52736               32.9128             45.6962             -12.1546            -24.4319            12.7779             -28.3248            
0.719881            52992               38.7626             47.5298             -6.53799            -20.5937            14.6309             -32.0353            
0.723359            53248               41.7274             52.2317             -8.09959            -22.863             15.4821             -33.8669            
0.726836            53504               38.9991             47.444              -10.3236            -22.8043            14.8308             -32.7877            
0.730314            53760               41.8258             37.6455             -11.2174            -20.3165            15.7892             -37.3782            
0.733792            54016               42.9386             39.3048             -10.4965            -21.0693            16.0835             -38.885             
0.73727             54272               39.6968             41.1248             -9.32146            -20.489             15.2209             -35.877             
0.740747            54528               34.5796             38.4346             -9.74271            -19.7712            13.3697             -31.2889            
0.744225            54784               36.1405             35.9857             -9.53652            -18.8603            13.8258             -32.3865            
0.747703            55040               36.5315             33.4297             -11.7782            -20.324             14.0036             -32.9309            
0.75118             55296               38.7782             35.4598             -9.25586            -19.0267            14.6538             -34.293             
0.754658            55552               38.8462             38.0475             -11.5604            -21.2168            14.7333             -34.1027            
0.758136            55808               36.6836             35.6743             -8.81465            -18.0483            13.88               -32.5668            
0.761613            56064               39.49               43.4987             -9.26031            -21.0931            14.9819             -34.363             
0.765091            56320               39.7276             36.4865             -10.9748            -20.2173            15.1406             -34.8409            
0.768569            56576               43.1911             43.6936             -11.2221            -23.1246            16.0779             -36.5882            
0.772046            56832               41.7934             40.1399             -12.021             -22.6964            15.6327             -36.6348            
0.775524            57088               39.7395             43.0071             -11.579             -23.3552            15.0446             -34.8899            
0.779002            57344               37.9214             41.8172             -9.57357            -21.1588            14.3071             -33.6908            
0.782479            57600               32.793              46.2102             -11.3838            -23.9653            12.6797             -29.4124            
0.785957            57856               36.7792             42.1768             -11.0717            -22.55              13.8954             -33.5706            
0.789435            58112               35.223              41.5768             -7.67107            -19.3909            13.3611             -32.503             
0.792912            58368               34.594              49.4168             -9.92225            -24.4266            13.4343             -31.1001            
0.79639             58624               35.9954             48.1716             -10.0513            -23.0279            13.8904             -31.5756            
0.799868            58880               37.4199             47.3245             -10.525             -23.3404            14.4948             -33.0182            
0.803346            59136               39.9069             45.4846             -8.28201            -21.6763            15.0429             -35.135             
0.806823            59392               37.9544             39.1986             -10.1593            -20.7724            14.4749             -33.4056            
0.810301            59648               38.3353             48.236              -9.8563             -23.2754            14.4524             -33.0534            
0.813779            59904               36.683              50.9933             -10.7941            -25.179             14.0793             -31.0917            
0.817256            60160               37.6501             49.5577             -11.0283            -25.4335            14.4238             -32.1669            
0.820734            60416               42.4673             50.8688             -9.29925            -24.3294            16.0438             -35.775             
0.824212            60672               48.3547             44.5428             -5.95954            -19.6714            17.8553             -40.7855            
0.827689            60928               50.3823             41.9755             -9.42295            -20.9485            18.5344             -42.0869            
0.831167            61184               46.4134             36.099              -8.90449            -18.2215            17.1414             -39.4215            
0.834645            61440               43.3296             35.7316             -11.8165            -20.9566            16.1501             -36.7653            
0.838122            61696               36.362              40.9075             -10.9117            -22.4698            13.9167             -30.178             
0.8416              61952               38.4209             41.769              -12.7357            -24.9911            14.575              -32.0212            
0.845078            62208               47.9769             24.8502             -10.0202            -16.6111            17.4306             -41.582             
0.848555            62464               36.3382             22.2043             -10.3734            -15.5599            13.7002             -33.5953            
0.852033            62720               30.4194             35.9754             -11.0048            -20.6122            12.0044             -26.9312            
0.855511            62976               33.5657             46.7118             -8.74973            -22.6701            12.8097             -28.2016            
0.858989            63232               37.8697             40.2467             -8.1002             -19.2585            14.3205             -32.5446            
0.862466            63488               40.1461             29.5576             -9.24382            -16.3366            15.0349             -37.4088            
0.865944            63744               36.0229             31.3762             -13.4394            -20.4567            13.958              -34.1802            
0.869422            64000               36.4806             32.0067             -14.3497            -20.8522            13.8577             -34.3784            
0.872899            64256               36.3716             30.2337             -15.4353            -21.6154            13.879              -33.6444            
0.876377            64512               39.9398             35.5743             -13.5251            -22.118             14.8354             -35.3573            
0.879855            64768               41.3723             36.9639             -12.372             -22.7455            15.3818             -36.2224            
0.883332            65024               41.0962             32.6286             -12.3889            -20.5907            15.1685             -34.7962            
0.88681             65280               39.4967             41.7394             -13.5147            -24.3406            14.8814             -32.5771            
0.890288            65536               42.6913             44.1697             -8.03691            -20.5039            15.6529             -35.1026            
0.893765            65792               45.6297             43.9629             -9.57485            -22.1123            16.6433             -38.0429            
0.897243            66048               42.6371             41.3903             -5.53744            -18.2619            15.3668             -36.8892            
0.900721            66304               43.8779             43.3232             -9.56588            -21.588             16.1549             -38.5445            
0.904198            66560               38.6294             46.1133             -9.22586            -22.0059            14.5855             -34.2493            
0.907676            66816               41.7662             40.8089             -8.0766             -19.1505            15.6479             -36.8701            
0.911154            67072               40.8063             44.2924             -9.04027            -20.9781            15.2916             -35.6401            
0.914631            67328               41.2321             44.4408             -10.5143            -21.9434            15.7373             -36.0691            
0.918109            67584               42.9025             46.0085             -12.4713            -24.0423            16.3792             -37.5248            
0.921587            67840               41.1472             40.1168             -13.8945            -23.35              15.6091             -35.8766            
0.925065            68096               37.3899             38.1962             -11.5559            -20.8448            14.1697             -33.1805            
0.928542            68352               35.7353             35.5147             -9.17155            -18.0538            13.8223             -32.0259            
0.93202             68608               32.4175             33.5461             -11.8921            -19.7138            12.4425             -29.4166            
0.935498            68864               35.1122             37.4357             -10.2499            -19.674             13.3659             -31.1668            
0.938975            69120               40.773              32.7001             -9.46691            -17.9938            15.0686             -36.3614            
0.942453            69376               45.7029             33.1424             -6.27842            -15.5646            16.6392             -40.3553            
0.945931            69632               39.7266             43.2435             -9.43921            -21.1957            15.0732             -35.4186            
0.949408            69888               36.2162             43.3142             -9.52557            -21.1154            14.054              -33.2128            
0.952886            70144               33.5181             36.2567             -14.2121            -22.6358            13.166              -32.447             
0.956364            70400               36.256              33.2452             -10.9987            -19.0962            13.8214             -34.6411            
0.959841            70656               35.3743             36.9633             -10.9459            -19.9761            13.7335             -33.5093            
0.963319            70912               32.0417             42.7254             -10.9962            -21.9101            12.6457             -30.3383            
0.966797            71168               31.4171             52.6385             -9.17297            -24.2529            12.3515             -28.9233            
0.970275            71424               31.147              46.3994             -11.464             -23.5844            12.2654             -29.0968            
0.973752            71680               29.4069             52.237              -15.6332            -29.3253            11.85               -27.0648            
0.97723             71936               33.6563             49.3152             -12.4293            -25.515             12.965              -29.5036            
0.980708            72192               31.4685             52.1586             -11.5382            -25.7052            12.2491             -27.5696            
0.984185            72448               35.4582             51.7485             -12.0913            -25.7731            13.577              -30.4185            
0.987663            72704               33.3455             49.1107             -12.1978            -25.0878            13.0293             -28.8736            
0.991141            72960               39.7925             41.4609             -11.4872            -22.1707            14.9737             -34.9415            
0.994618            73216               44.6991             50.746              -10.8348            -24.5066            16.6431             -38.3298            
0.998096            73472               43.6248             45.9601             -6.7676             -19.4662            16.4283             -37.7523            
1.00157             73728               43.6529             40.4632             -8.53933            -19.3982            16.4048             -38.7775            
1.00505             73984               40.9663             40.5221             -12.7951            -23.1099            15.6588             -36.7615            
1.00853             74240               40.1177             37.7946             -13.9604            -22.5776            15.2886             -35.3285            
1.01201             74496               45.4941             33.5908             -12.205             -19.5775            16.7988             -39.6348            
1.01548             74752               43.399              39.4073             -15.5175            -24.6748            16.2503             -36.9184            
1.01896             75008               44.6269             47.9137             -10.6767            -24.2241            16.3943             -36.2145            
1.02244             75264               45.477              37.7656             -10.5811            -20.2361            16.7217             -39.0927            
1.02592             75520               39.4697             40.2872             -11.4362            -22.5176            14.944              -34.6225            
1.0294              75776               38.5417             45.9869             -13.098             -25.7573            14.6436             -33.5755            
1.03287             76032               45.5461             36.1673             -12.3166            -20.4758            17.0488             -40.0877            
1.03635             76288               39.2002             43.0165             -14.3834            -24.271             14.8224             -35.3166            
1.03983             76544               41.5225             41.6099             -11.4744            -21.5232            15.5482             -36.7341            
1.04331             76800               33.8305             47.4955             -11.3914            -24.1942            13.0834             -29.5002            
1.04678             77056               39.5382             47.085              -11.5795            -25.0582            15.0322             -34.3414            
1.05026             77312               43.6191             52.3698             -11.3519            -26.6973            16.26               -36.2195            
1.05374             77568               49.1686             43.8494             -12.5084            -23.8247            17.9501             -41.3418            
1.05722             77824               40.9045             45.4235             -13.688             -24.6931            15.3184             -34.9811            
1.06069             78080               36.773              52.6834             -16.7024            -30.3376            14.1241             -30.9676            
1.06417             78336               36.2186             44.7184             -10.7499            -23.365             13.6955             -31.3903            
1.06765             78592               39.5422             41.2947             -11.8193            -23.2092            14.9052             -34.1709            
1.07113             78848               45.7712             42.7969             -11.5357            -22.6155            16.9892             -38.6916            
1.07461             79104               43.6005             45.2583             -9.58814            -21.8517            16.2113             -36.589             
1.07808             79360               38.7811             28.9873             -15.0336            -20.8305            14.7614             -35.5327            
1.08156             79616               35.4519             31.0805             -16.6932            -23.1178            13.3936             -32.6517            
1.08504             79872               36.9567             29.7486             -14.2264            -20.3446            13.9712             -33.72              
1.08852             80128               31.0939             33.2964             -12.5169            -20.9466            11.9892             -28.0674            
1.09199             80384               30.9121             34.9692             -10.6765            -20.3004            11.9497             -27.8504            
1.09547             80640               32.1608             28.2965             -12.2115            -19.3478            12.3922             -28.9031            
1.09895             80896               36.6209             32.096              -9.25579            -18.1743            13.7761             -32.3475            
1.10243             81152               39.0492             34.5437             -11.8348            -20.9008            14.5828             -33.2619            
1.1059              81408               43.2334             39.0427             -8.46174            -18.9074            15.8457             -36.6475            
1.10938             81664               40.7488             30.5719             -11.4452            -18.2132            15.2572             -36.6471            
1.11286             81920               37.961              31.7808             -11.9911            -19.4283            14.5257             -35.3015            
1.11634             82176               33.2381             35.3983             -11.6493            -20.7043            13.1586             -31.7726            
1.11981             82432               39.2773             33.6587             -10.2039            -19.0853            14.9048             -35.6346            
1.12329             82688               40.3583             32.2747             -7.99012            -17.2868            15.075              -35.9186            
1.12677             82944               31.9906             42.2449             -10.5201            -22.2125            12.3283             -29.4622            
1.13025             83200               33.097              42.3799             -10.0582            -22.0003            12.7187             -30.2043            
1.13373             83456               36.692              45.4097             -8.17578            -21.9766            13.9785             -34.0892            
1.1372              83712               39.7399             37.329              -7.68035            -18.0559            15.0476             -37.1837            
1.14068             83968               37.9106             36.8802             -8.85039            -18.802             14.3411             -35.8438            
1.14416             84224               32.5946             41.8037             -9.11176            -20.9268            12.6591             -31.2314            
1.14764             84480               33.7604             41.9756             -10.8681            -22.4976            12.7679             -31.3607            
1.15111             84736               40.1413             45.9631             -12.1345            -24.8248            14.9261             -35.3328            
1.15459             84992               40.1124             46.5062             -11.265             -23.5514            15.151              -33.9487            
1.15807             85248               42.5326             44.4573             -11.4982            -23.2425            15.9811             -35.2574            
1.16155             85504               39.3329             41.0522             -12.433             -23.406             14.8845             -33.022             
1.16502             85760               40.2221             40.339              -10.7168            -22.1007            15.2685             -33.8453            
1.1685              86016               43.0206             45.8905             -9.90048            -22.7748            15.8987             -35.2574            
1.17198             86272               41.8482             40.9712             -9.64678            -20.1251            15.665              -34.9933            
1.17546             86528               43.7638             43.3584             -11.5485            -23.2511            16.2542             -36.5715            
1.17894             86784               45.4159             38.4703             -9.58495            -19.5882            16.717              -37.9487            
1.18241             87040               43.7075             36.2403             -11.3055            -20.206             16.153              -37.2538            
1.18589             87296               39.3776             32.9096             -13.2194            -20.7992            14.7655             -34.4494            
1.18937             87552               43.2553             37.3948             -12.2268            -21.6122            16.0117             -36.7957            
1.19285             87808               44.1191             46.7034             -10.7195            -23.7537            16.2549             -36.5362            
1.19632             88064               40.7052             38.3283             -9.11237            -19.6204            15.2326             -35.4884            
1.1998              88320               36.9684             47.8258             -12.9046            -25.9399            14.1001             -31.2894            
1.20328             88576               41.0445             42.7884             -10.2634            -21.9651            15.3049             -36.2167            
1.20676             88832               45.0821             37.908              -11.0303            -20.8106            16.8753             -40.3146            
1.21023             89088               36.6599             47.5178             -11.6178            -24.291             14.1858             -33.0496            
1.21371             89344               35.788              42.1365             -11.9845            -23.5641            13.8181             -32.3463            
1.21719             89600               35.6156             36.1119             -13.7624            -22.7074            13.8852             -32.389             
1.22067             89856               34.9818             35.5709             -11.902             -21.0876            13.4982             -32.0817            
1.22415             90112               34.3743             43.3629             -14.0009            -25.0678            13.1847             -30.4701            
1.22762             90368               35.9511             46.2447             -9.81261            -22.4292            13.8324             -31.8898            
1.2311              90624               35.1035             43.1241             -10.0142            -21.2194            13.5832             -32.4453            
1.23458             90880               37.3526             36.3615             -10.6145            -19.6894            14.3293             -35.1729            
1.23806             91136               34.8181             42.1809             -10.1391            -21.8962            13.6783             -32.9338            
1.24153             91392               32.6437             44.9012             -11.3869            -23.1278            12.9718             -31.0405            
1.24501             91648               29.7808             44.6172             -13.6974            -24.929             12.1935             -28.7921            
1.24849             91904               34.3236             43.6864             -14.4664            -25.3114            13.6101             -32.2238            
1.25197             92160               35.7518             45.8326             -11.6687            -24.3208            13.9532             -32.2635            
1.25544             92416               38.5495             48.8756             -11.2205            -25.0106            14.7569             -34.092             
1.25892             92672               39.5715             47.0853             -13.2075            -25.5388            15.0401             -34.9935            
1.2624              92928               40.7273             56.4394             -12.1866            -27.8928            15.2196             -34.1112            
1.26588             93184               42.7764             62.253              -11.5245            -28.7795            15.7588             -34.2562            
1.26936             93440               44.7327             56.1074             -9.15627            -24.813             16.38               -36.6548            
1.27283             93696               50.5428             51.534              -10.4565            -24.5434            18.3472             -41.1823            
1.27631             93952               48.7361             55.5464             -7.91269            -23.8217            17.7084             -38.9527            
1.27979             94208               46.1888             56.2899             -10.5727            -25.806             16.9236             -38.2368            
1.28327             94464               45.4208             49.2169             -10.2033            -22.6899            16.705              -38.3798            
1.28674             94720               46.5109             49.2392             -11.3649            -24.069             17.3436             -39.1154            
1.29022             94976               39.6292             40.555              -9.20212            -19.8862            14.933              -34.8496            
1.2937              95232               36.6381             42.4829             -12.6891            -22.6844            13.9081             -32.0559            
1.29718             95488               38.7431             41.7365             -13.6071            -22.9               14.7262             -33.8431            
1.30065             95744               37.2679             50.8161             -11.3422            -24.198             14.2743             -32.059             
1.30413             96000               37.036              42.9272             -12.0988            -22.0677            14.1361             -31.7247            
1.30761             96256               34.8913             49.2382             -10.8242            -24.0484            13.274              -29.1593            
1.31109             96512               33.8756             41.5785             -11.4351            -21.9979            13.0106             -29.5419            
1.31457             96768               35.0106             43.9867             -13.5227            -24.1131            13.368              -31.118             
1.31804             97024               38.5548             41.0543             -11.6963            -21.2681            14.6258             -34.453             
1.32152             97280               36.7505             46.0777             -10.2399            -22.1873            14.2789             -32.3265            
1.325               97536               40.4699             38.6579             -10.1502            -20.4452            15.3587             -35.9876            
1.32848             97792               40.8923             39.8976             -11.3122            -21.6594            15.3552             -35.0187            
1.33195             98048               34.9344             35.8733             -12.403             -20.7678            13.2826             -30.3381            
1.33543             98304               32.8598             43.6912             -12.8971            -23.8362            12.613              -28.4562            
1.33891             98560               43.0454             44.6606             -11.816             -23.5344            15.8258             -35.526             
1.34239             98816               41.0981             42.3073             -12.7936            -23.132             15.3549             -34.4754            
1.34586             99072               42.169              48.0064             -14.3005            -26.1704            15.8141             -35.787             
1.34934             99328               34.3531             30.5721             -14.9966            -19.5733            13.3283             -32.8129            
1.35282             99584               26.5995             40.829              -17.9587            -26.0869            11.0488             -26.6461            
1.3563              99840               31.1296             46.9048             -14.4365            -25.7775            12.118              -29.2083            
1.35978             100096              32.4141             37.6134             -12.7611            -21.6313            12.5823             -30.7797            
1.36325             100352              32.2198             40.3232             -15.5545            -25.2917            12.6217             -30.004             
1.36673             100608              29.1025             38.2532             -15.3722            -24.7137            11.687              -27.712             
1.37021             100864              32.274              42.7311             -12.8434            -24.0191            12.2756             -30.0174            
1.37369             101120              33.1632             36.4258             -12.3761            -21.7074            12.8046             -30.8584            
1.37716             101376              36.4572             39.394              -8.24115            -19.5246            13.6904             -33.5582            
1.38064             101632              34.2034             46.4048             -10.6998            -23.7949            13.1513             -30.6089            
1.38412             101888              30.1123             48.5555             -11.6092            -25.2634            11.9394             -26.8327            
1.3876              102144              36.9204             44.2915             -9.84192            -22.3676            13.9491             -31.5595            
1.39107             102400              40.2386             44.3141             -10.1153            -22.5431            15.1113             -33.5864            
1.39455             102656              45.2257             42.8409             -11.3829            -22.71              16.7322             -37.5065            
1.39803             102912              48.8476             40.6815             -10.9087            -21.2549            17.8895             -40.7591            
1.40151             103168              44.9105             42.5665             -9.48943            -21.2558            16.8149             -38.1766            
1.40499             103424              46.5838             39.1205             -8.85779            -19.4146            17.3074             -39.9459            
1.40846             103680              44.814              39.9918             -11.2276            -21.5033            16.6608             -38.5272            
1.41194             103936              46.8566             36.9962             -10.5307            -19.6305            17.3896             -40.4018            
1.41542             104192              37.6575             34.816              -11.9323            -20.2572            14.3736             -33.3737            
1.4189              104448              34.4333             45.015              -12.147             -23.9678            13.2669             -30.4065            
1.42237             104704              36.0946             42.0991             -8.72853            -19.7739            13.8379             -31.9052            
1.42585             104960              38.9334             37.4274             -11.4108            -21.0153            14.8758             -35.5325            
1.42933             105216              36.7421             34.751              -11.5614            -20.5007            14.0652             -34.1613            
1.43281             105472              39.3684             41.2473             -10.8733            -21.6693            14.917              -34.7636            
1.43628             105728              41.8894             47.1833             -11.3386            -24.4492            15.7669             -34.9903            
1.43976             105984              45.8615             34.963              -13.2359            -20.9641            17.0531             -40.0831            
1.44324             106240              40.7111             28.469              -12.5083            -18.9808            15.3878             -37.8517            
1.44672             106496              36.2262             41.8361             -12.6729            -24.1492            14.092              -33.4675            
1.4502              106752              42.484              39.0224             -10.3775            -21.1389            16.0343             -37.9312            
1.45367             107008              42.8785             37.9731             -10.4714            -20.5203            16.0288             -38.439             
1.45715             107264              34.3651             35.3804             -12.9932            -21.781             13.3733             -31.8256            
1.46063             107520              35.2657             48.9608             -11.9095            -25.965             13.4717             -31.0112            
1.46411             107776              38.8039             43.0803             -12.6023            -24.1307            14.8602             -33.8004            
1.46758             108032              41.2955             48.2999             -12.2288            -25.4583            15.5467             -35.4934            
1.47106             108288              44.6097             35.503              -13.8644            -22.003             16.8838             -39.3466            
1.47454             108544              42.6135             37.6083             -10.7034            -19.9799            15.7922             -36.4334            
1.47802             108800              43.8802             36.4784             -11.7925            -20.4912            16.3912             -37.681             
1.48149             109056              43.2302             38.7052             -11.1831            -20.8785            15.9409             -37.4529            
1.48497             109312              45.8475             41.1802             -8.89731            -19.747             16.8924             -38.306             
1.48845             109568              44.9429             46.0312             -9.68367            -21.7603            16.5883             -36.9772            
1.49193             109824              44.3469             34.7199             -8.8448             -17.2974            16.4014             -39.0216            
1.49541             110080              37.6501             21.8489             -9.51487            -13.4516            14.2458             -36.1196            
1.49888             110336              34.466              31.0806             -10.9938            -17.7386            13.2857             -32.095             
1.50236             110592              34.4719             31.612              -10.7807            -17.9524            13.1898             -31.7024            
1.50584             110848              35.9311             39.4833             -11.6275            -21.5013            13.8998             -31.9168            
1.50932             111104              38.5236             40.1833             -11.1045            -21.2899            14.5033             -33.2516            
1.51279             111360              42.7332             35.306              -9.70008            -18.8068            15.9718             -37.9005            
1.51627             111616              42.4534             42.9413             -12.0724            -23.4749            15.9367             -36.6399            
1.51975             111872              46.1821             47.9821             -9.20122            -23.06              16.8717             -37.7542            
1.52323             112128              40.2058             30.9341             -11.0089            -18.1499            14.8393             -36.2613            
1.5267              112384              32.0531             45.2388             -13.4577            -24.7365            12.441              -28.1683            
1.53018             112640              35.3553             53.9753             -13.9533            -29.1145            13.2524             -30.8254            
1.53366             112896              33.3138             44.6902             -10.6432            -23.4906            12.8126             -30.7779            
1.53714             113152              35.449              49.8463             -13.166             -26.6326            13.5013             -31.9866            
1.54062             113408              33.7322             50.7972             -14.3898            -27.7246            12.9386             -29.7169            
1.54409             113664              35.3159             60.1571             -10.6472            -28.1698            13.4042             -29.4543            
1.54757             113920              40.3726             57.338              -10.1227            -26.6341            15.0094             -32.8131            
1.55105             114176              44.0723             55.9038             -11.3785            -27.2213            16.3315             -35.5998            
1.55453             114432              45.3916             59.0583             -9.86293            -26.3413            16.7766             -36.4511            
1.558               114688              41.4928             50.4391             -10.1146            -23.4674            15.3454             -33.7574            
1.56148             114944              41.4947             41.8088             -12.6237            -22.8586            15.4066             -35.8294            
1.56496             115200              37.6276             42.7334             -11.8207            -22.5857            14.3025             -32.4133            
1.56844             115456              36.2151             48.8479             -11.7807            -23.7506            14.0662             -30.9787            
1.57191             115712              34.3753             38.6924             -13.3255            -22.2455            13.5178             -31.1109            
1.57539             115968              38.9918             42.6289             -10.5527            -22.0922            14.9948             -34.7988            
1.57887             116224              41.1409             44.9344             -12.2776            -24.1732            15.7901             -34.931             
1.58235             116480              45.1499             44.4337             -11.3684            -22.3632            16.8931             -37.3429            
1.58582             116736              35.6052             39.6047             -11.3425            -21.2925            13.5615             -30.9034            
1.5893              116992              39.0561             41.3505             -12.6151            -22.8011            14.6506             -33.358             
1.59278             117248              45.1347             35.2955             -10.5622            -19.6907            16.6843             -38.7629            
1.59626             117504              41.8367             40.7629             -9.05594            -20.0727            15.6241             -36.0974            
1.59974             117760              43.3564             44.9617             -8.54846            -21.6812            16.1901             -36.554             
1.60321             118016              39.8594             40.9503             -10.3592            -22.134             14.9914             -34.8023            
1.60669             118272              39.7788             40.8511             -14.168             -25.3784            15.4151             -35.4545            
1.61017             118528              41.058              41.2524             -12.0387            -23.2449            15.4293             -37.0679            
1.61365             118784              37.9751             38.9324             -12.934             -21.7677            14.6368             -35.1451            
1.61712             119040              30.1257             42.7833             -16.3255            -25.7134            12.1197             -28.34              
1.6206              119296              31.1931             39.5717             -13.8145            -23.3643            12.4275             -28.4033            
1.62408             119552              34.0114             41.2467             -12.9084            -24.1436            13.2598             -29.6513            
1.62756             119808              37.492              35.3223             -10.9541            -20.1904            14.2614             -33.3523            
1.63103             120064              40.6331             36.9776             -9.70289            -19.467             15.1235             -35.7161            
1.63451             120320              42.162              35.7159             -12.2365            -20.4058            15.6374             -37.3033            
1.63799             120576              38.0637             42.6966             -14.808             -25.2153            14.3921             -33.1538            
1.64147             120832              36.3272             41.5503             -14.2448            -24.5823            13.8698             -31.0357            
1.64495             121088              37.3212             58.6275             -15.4112            -31.3644            14.1998             -29.3808            
1.64842             121344              41.1002             54.9852             -13.2628            -27.9985            15.2537             -32.9616            
1.6519              121600              41.2623             52.5299             -13.0254            -27.3899            15.4122             -34.1878            
1.65538             121856              50.7694             47.1831             -12.9447            -25.4332            18.4245             -42.6509            
1.65886             122112              51.2479             35.6305             -10.1895            -19.2716            18.8406             -45.7231            
1.66233             122368              43.5384             38.4047             -12.479             -21.9112            16.4043             -39.6575            
1.66581             122624              42.9345             34.5887             -11.4402            -19.3807            16.1593             -38.4124            
1.66929             122880              38.9789             35.0244             -14.545             -22.2515            14.7494             -34.2321            
1.67277             123136              40.6113             43.3117             -10.3884            -22.4684            15.2334             -34.3629            
1.67624             123392              40.4619             42.8855             -10.8372            -23.0213            15.0942             -34.0871            
1.67972             123648              39.8168             46.1118             -11.8086            -24.595             14.9756             -32.8372            
1.6832              123904              40.3336             30.2314             -11.9372            -19.2254            14.9282             -36.412             
1.68668             124160              41.9216             38.6473             -13.6053            -23.0775            15.6175             -36.215             
1.69016             124416              41.4921             47.2037             -9.59616            -22.8181            15.5146             -34.261             
1.69363             124672              46.5981             33.1322             -6.244              -15.5938            17.1903             -40.2616            
1.69711             124928              49.1085             35.4275             -8.87561            -18.5307            18.1805             -41.2201            
1.70059             125184              44.2041             28.5587             -10.1938            -17.2061            16.4099             -38.5098            
1.70407             125440              38.6496             26.3374             -7.01521            -13.5819            14.3898             -34.9583            
1.70754             125696              39.3129             45.7886             -11.7239            -23.473             14.9604             -34.234             
1.71102             125952              39.5974             39.3919             -11.4695            -21.6698            15.1074             -35.4289            
1.7145              126208              38.8322             43.3816             -12.1249            -23.5435            14.9085             -35.2983            
1.71798             126464              37.5933             49.0394             -11.5184            -24.7036            14.3049             -34.1419            
1.72145             126720              39.4691             49.4494             -13.4356            -26.3197            15.0777             -35.7396            
1.72493             126976              39.7411             54.0549             -14.1458            -28.5279            15.0656             -35.0852            
1.72841             127232              36.6962             49.8172             -16.0923            -28.5643            14.0909             -32.4113            
1.73189             127488              37.4927             50.1359             -15.0963            -28.5955            14.4227             -32.672             
1.73537             127744              41.021              54.4349             -10.9078            -26.2231            15.4448             -34.3569            
1.73884             128000              39.8505             49.9122             -11.2962            -24.4272            15.202              -34.0624            
1.74232             128256              44.2079             46.7863             -9.08871            -22.1305            16.5499             -36.7637            
1.7458              128512              42.9361             48.0675             -10.4874            -24.2479            16.1786             -35.2786            
1.74928             128768              43.2152             50.0242             -10.5492            -24.6359            16.0116             -34.9308            
1.75275             129024              45.8966             44.3451             -10.8091            -22.5114            17.1657             -38.083             
1.75623             129280              39.5275             41.4287             -13.6193            -23.9754            15.0424             -34.3261            
1.75971             129536              38.6102             38.706              -12.1563            -21.9785            14.809              -33.0056            
1.76319             129792              38.2618             35.7307             -10.5088            -19.7777            14.6339             -33.2396            
1.76666             130048              36.7357             30.8971             -9.87711            -17.8233            14.1998             -33.0692            
1.77014             130304              43.7359             35.9403             -8.00503            -17.7042            16.2453             -37.8413            
1.77362             130560              43.7266             35.6359             -10.209             -19.3782            16.2488             -37.8177            
1.7771              130816              40.2414             26.6465             -10.2918            -16.1421            15.2304             -36.5175            
1.78058             131072              38.7219             36.3291             -14.9367            -23.2943            14.6423             -33.9534            
1.78405             131328              36.399              44.9645             -13.4099            -25.414             14.0015             -30.8701            
1.78753             131584              35.2211             45.4971             -10.7221            -23.768             13.4374             -30.3897            
1.79101             131840              33.4019             44.0874             -9.65794            -22.1634            12.7648             -29.1452            
1.79449             132096              34.4027             41.5846             -11.1679            -22.1857            13.1937             -30.4795            
1.79796             132352              36.1651             35.1594             -11.2025            -20.0797            13.7075             -32.8908            
1.80144             132608              37.8221             30.1429             -13.7269            -19.9918            14.3845             -35.2123            
1.80492             132864              32.3136             36.2012             -16.0576            -23.8326            12.7677             -30.7211            
1.8084              133120              31.8248             40.9601             -16.7084            -26.239             12.3717             -29.4222            
1.81187             133376              33.3115             33.3744             -13.7919            -21.2016            13.0933             -31.7259            
1.81535             133632              34.4466             37.4896             -15.6166            -24.7397            13.2474             -32.2326            
1.81883             133888              36.653              36.6952             -11.5205            -21.2348            13.9862             -32.9224            
1.82231             134144              37.5049             39.39               -13.5854            -24.063             14.1992             -32.8123            
1.82579             134400              40.0414             47.2944             -12.8212            -26.2146            15.1744             -32.6712            
1.82926             134656              44.1589             42.4279             -13.3882            -24.6106            16.2012             -36.8174            
1.83274             134912              40.476              35.454              -12.984             -21.2425            15.0446             -34.9262            
1.83622             135168              39.7522             52.4883             -16.9126            -30.0783            14.9929             -32.7122            
1.8397              135424              39.886              38.1567             -12.3795            -21.5623            14.7216             -35.6251            
1.84317             135680              41.5692             43.1441             -11.4652            -22.324             15.4088             -36.4437            
1.84665             135936              39.7423             46.5658             -14.0782            -25.6014            14.9486             -34.9947            
1.85013             136192              38.0158             44.2479             -12.2775            -23.5602            14.6595             -33.8695            
1.85361             136448              35.3625             34.7732             -14.0201            -22.17              13.6569             -32.9076            
1.85708             136704              37.2458             40.3013             -12.5935            -23.1952            14.2737             -33.3061            
1.86056             136960              41.4185             44.1829             -13.9101            -25.3142            15.6239             -36.2974            
1.86404             137216              40.4604             49.0993             -12.5897            -25.7267            15.452              -34.2318            
1.86752             137472              35.3385             41.938              -11.973             -22.8828            13.5132             -31.6366            
1.871               137728              39.5616             44.4336             -10.8323            -23.1547            15.0301             -34.8313            
1.87447             137984              41.0238             40.0466             -10.5293            -21.7475            15.5005             -36.4059            
1.87795             138240              40.4442             41.8138             -9.80226            -21.5962            15.0556             -34.5801            
1.88143             138496              40.806              29.8361             -12.0054            -18.7057            15.1439             -35.9648            
1.88491             138752              41.9935             39.3319             -13.614             -23.283             15.7286             -34.8043            
1.88838             139008              44.1555             50.0966             -12.8017            -26.1771            16.214              -34.7113            
1.89186             139264              46.473              39.8261             -10.0363            -20.6137            17.0073             -38.16              
1.89534             139520              45.3036             42.8681             -13.9405            -24.439             16.6955             -37.5635            
1.89882             139776              38.5884             48.2255             -12.6695            -24.8861            14.6594             -32.0228            
1.90229             140032              42.0985             39.3403             -11.6214            -21.0059            15.7307             -36.2612            
1.90577             140288              42.6407             41.8561             -14.3198            -23.9164            15.8777             -36.7098            
1.90925             140544              42.833              41.6715             -12.8304            -23.1644            15.8849             -37.3766            
1.91273             140800              39.2975             42.5598             -12.5841            -23.8442            14.8309             -33.9937            
1.91621             141056              33.8645             37.9541             -10.851             -20.6181            12.9802             -30.2581            
1.91968             141312              30.0889             39.9793             -13.7496            -24.2723            11.87               -27.6946            
1.92316             141568              32.1778             37.4376             -10.9963            -20.9747            12.3063             -30.4304            
1.92664             141824              33.1324             47.2396             -8.38702            -22.4016            12.6465             -30.7315            
1.93012             142080              35.4687             38.4946             -8.63924            -19.2904            13.4943             -33.0025            
1.93359             142336              28.0286             50.3061             -11.5748            -26.2926            11.2025             -27.169             
1.93707             142592              32.731              48.4258             -11.9373            -26.0861            12.7775             -29.9975            
1.94055             142848              32.4988             48.8676             -12.2679            -25.8273            12.7124             -29.0901            
1.94403             143104              36.9139             49.492              -11.1168            -24.8944            14.0954             -32.2173            
1.9475              143360              35.2192             42.5707             -14.4378            -24.9492            13.5777             -31.3067            
1.95098             143616              38.8937             49.8062             -8.55317            -23.4434            14.7402             -33.4543            
1.95446             143872              40.2901             38.7323             -8.00638            -18.9486            14.9948             -34.9288            
1.95794             144128              40.465              48.1522             -9.07161            -23.2136            15.1793             -33.5832            
1.96142             144384              42.9516             48.1121             -6.87054            -21.2308            16.1509             -35.3627            
1.96489             144640              42.853              48.2384             -10.5566            -23.7012            15.9711             -35.73              
1.96837             144896              47.2704             44.6025             -9.65602            -21.9961            17.3805             -39.0047            
1.97185             145152              47.4446             39.1334             -10.4302            -19.8253            17.4777             -39.7434            
1.97533             145408              40.7718             37.1388             -9.8772             -18.5057            15.3203             -34.993             
1.9788              145664              40.0058             26.158              -10.5435            -15.5174            14.9859             -35.9904            
1.98228             145920              36.8599             31.8549             -11.076             -18.4908            13.9631             -32.7064            
1.98576             146176              36.8657             46.8925             -11.9517            -24.4655            14.1048             -30.722             
1.98924             146432              41.6091             47.8425             -13.427             -25.6674            15.6245             -35.4023            
1.99271             146688              43.0204             37.0751             -13.6527            -22.6339            16.3458             -38.87              
1.99619             146944              43.061              43.5725             -12.1538            -23.467             16.4056             -37.935             
1.99967             147200              43.4938             49.5274             -9.21422            -23.6557            16.2508             -37.1144            
